# Serial Log - 2026-04-16T21:18:03.017190
# Port: COM14 @ 115200bps
#============================================================
[21:18:03.057] -1335.00,-787.00,-360.00
[21:18:03.117] -1332.00,-592.00,-381.00
[21:18:03.118] -1293.00,-411.00,-420.00
[21:18:03.153] -1242.00,-238.00,-491.00
[21:18:03.194] -1188.00,-93.00,-561.00
[21:18:03.268] -1117.00,17.00,-651.00
[21:18:03.268] -1027.00,141.00,-742.00
[21:18:03.344] -902.00,262.00,-845.00
[21:18:03.346] -821.00,313.00,-932.00
[21:18:03.418] -731.00,342.00,-1131.00
[21:18:03.437] -641.00,300.00,-1340.00
[21:18:03.473] -580.00,268.00,-1471.00
[21:18:03.524] -536.00,238.00,-1567.00
[21:18:03.537] -511.00,212.00,-1611.00
[21:18:03.593] -278.00,83.00,-1847.00
[21:18:03.633] 12.00,-2.00,-1982.00
[21:18:03.673] 360.00,-97.00,-2017.00
[21:18:03.713] 748.00,-223.00,-1956.00
[21:18:03.753] 1100.00,-337.00,-1750.00
[21:18:03.793] 1437.00,-490.00,-1410.00
[21:18:03.833] 1565.00,-618.00,-1203.00
[21:18:03.873] 1655.00,-808.00,-881.00
[21:18:03.913] 1655.00,-922.00,-602.00
[21:18:03.953] 1603.00,-1012.00,-406.00
[21:18:03.993] 1483.00,-1106.00,-133.00
[21:18:04.033] 1235.00,-1217.00,172.00
[21:18:04.073] 990.00,-1243.00,381.00
[21:18:04.113] 756.00,-1212.00,510.00
[21:18:04.189] 501.00,-1148.00,623.00
[21:18:04.197] 281.00,-1046.00,685.00
[21:18:04.254] 0.00,-908.00,687.00
[21:18:04.271] -252.00,-846.00,660.00
[21:18:04.313] -518.00,-853.00,571.00
[21:18:04.353] -756.00,-853.00,450.00
[21:18:04.389] -995.00,-827.00,262.00
[21:18:04.433] -1146.00,-727.00,97.00
[21:18:04.473] -1247.00,-656.00,-61.00
[21:18:04.513] -1312.00,-597.00,-208.00
[21:18:04.553] -1381.00,-506.00,-425.00
[21:18:04.587] -1398.00,-492.00,-558.00
[21:18:04.633] -1408.00,-492.00,-631.00
[21:18:04.673] -1422.00,-511.00,-706.00
[21:18:04.713] -1416.00,-537.00,-777.00
[21:18:04.753] -1432.00,-563.00,-830.00
[21:18:04.788] -1425.00,-545.00,-878.00
[21:18:04.833] -1396.00,-468.00,-968.00
[21:18:04.873] -1362.00,-418.00,-1066.00
[21:18:04.913] -1322.00,-431.00,-1190.00
[21:18:04.953] -1322.00,-482.00,-1278.00
[21:18:04.989] -1298.00,-682.00,-1448.00
[21:18:05.029] -1247.00,-917.00,-1548.00
[21:18:05.073] -1225.00,-1101.00,-1575.00
[21:18:05.114] -1173.00,-1270.00,-1563.00
[21:18:05.153] -1112.00,-1436.00,-1551.00
[21:18:05.192] -1066.00,-1597.00,-1520.00
[21:18:05.233] -968.00,-1771.00,-1468.00
[21:18:05.273] -848.00,-1953.00,-1381.00
[21:18:05.313] -741.00,-2058.00,-1316.00
[21:18:05.353] -616.00,-2193.00,-1211.00
[21:18:05.390] -511.00,-2277.00,-1105.00
[21:18:05.427] -440.00,-2338.00,-1038.00
[21:18:05.475] -362.00,-2380.00,-935.00
[21:18:05.517] -288.00,-2385.00,-718.00
[21:18:05.543] -365.00,-2343.00,-597.00
[21:18:05.594] -526.00,-2246.00,-445.00
[21:18:05.627] -716.00,-2090.00,-323.00
[21:18:05.827] -936.00,-1821.00,-180.00
[21:18:05.828] -1083.00,-1533.00,-92.00
[21:18:05.828] -1186.00,-1225.00,-46.00
[21:18:05.828] -1256.00,-877.00,-61.00
[21:18:05.828] -1258.00,-513.00,-138.00
[21:18:05.873] -1146.00,-100.00,-293.00
[21:18:05.949] -1002.00,128.00,-403.00
[21:18:05.949] -767.00,350.00,-556.00
[21:18:05.991] -511.00,526.00,-703.00
[21:18:06.032] -321.00,595.00,-903.00
[21:18:06.073] -171.00,587.00,-1097.00
[21:18:06.113] -81.00,495.00,-1378.00
[21:18:06.153] -37.00,392.00,-1563.00
[21:18:06.191] 58.00,313.00,-1693.00
[21:18:06.233] 216.00,268.00,-1726.00
[21:18:06.273] 411.00,252.00,-1682.00
[21:18:06.313] 618.00,305.00,-1505.00
[21:18:06.354] 826.00,376.00,-1105.00
[21:18:06.395] 848.00,368.00,-1000.00
[21:18:06.418] 951.00,215.00,-330.00
[21:18:06.473] 887.00,31.00,41.00
[21:18:06.513] 787.00,-123.00,275.00
[21:18:06.553] 685.00,-316.00,440.00
[21:18:06.587] 603.00,-468.00,532.00
[21:18:06.630] 455.00,-621.00,621.00
[21:18:06.673] 257.00,-682.00,660.00
[21:18:06.713] 63.00,-647.00,667.00
[21:18:06.753] -58.00,-535.00,648.00
[21:18:06.787] -120.00,-461.00,623.00
[21:18:06.829] -127.00,-328.00,580.00
[21:18:06.873] -106.00,-290.00,563.00
[21:18:06.913] -7.00,0.00,422.00
[21:18:06.953] 63.00,155.00,306.00
[21:18:06.987] 83.00,271.00,200.00
[21:18:07.029] 68.00,357.00,120.00
[21:18:07.073] -20.00,400.00,27.00
[21:18:07.158] -112.00,423.00,2.00
[21:18:07.163] -265.00,400.00,-25.00
[21:18:07.193] -440.00,376.00,-87.00
[21:18:07.233] -582.00,355.00,-185.00
[21:18:07.269] -687.00,352.00,-321.00
[21:18:07.313] -785.00,342.00,-497.00
[21:18:07.353] -812.00,340.00,-558.00
[21:18:07.392] -853.00,326.00,-786.00
[21:18:07.437] -833.00,307.00,-990.00
[21:18:07.474] -810.00,262.00,-1208.00
[21:18:07.513] -743.00,150.00,-1471.00
[21:18:07.552] -628.00,-15.00,-1732.00
[21:18:07.593] -482.00,-373.00,-2041.00
[21:18:07.629] -377.00,-761.00,-2201.00
[21:18:07.670] -230.00,-1191.00,-2232.00
[21:18:07.713] -132.00,-1565.00,-2123.00
[21:18:07.743] -37.00,-1921.00,-1912.00
[21:18:07.793] 12.00,-2196.00,-1650.00
[21:18:07.853] 42.00,-2341.00,-1398.00
[21:18:07.913] 56.00,-2456.00,-961.00
[21:18:07.913] 20.00,-2436.00,-610.00
[21:18:07.953] -25.00,-2338.00,-288.00
[21:18:08.006] -115.00,-2106.00,76.00
[21:18:08.022] -166.00,-1842.00,332.00
[21:18:08.071] -173.00,-1588.00,483.00
[21:18:08.101] -166.00,-1175.00,638.00
[21:18:08.153] -96.00,-846.00,670.00
[21:18:08.193] 7.00,-571.00,660.00
[21:18:08.230] 183.00,-331.00,610.00
[21:18:08.270] 313.00,-215.00,551.00
[21:18:08.313] 433.00,-115.00,456.00
[21:18:08.353] 533.00,28.00,330.00
[21:18:08.393] 633.00,188.00,131.00
[21:18:08.501] 697.00,340.00,-126.00
[21:18:08.503] 785.00,452.00,-440.00
[21:18:08.505] 792.00,463.00,-577.00
[21:18:08.553] 818.00,461.00,-728.00
[21:18:08.593] 841.00,442.00,-796.00
[21:18:08.633] 856.00,423.00,-803.00
[21:18:08.672] 910.00,392.00,-750.00
[21:18:08.710] 910.00,378.00,-573.00
[21:18:08.790] 905.00,342.00,-458.00
[21:18:08.793] 910.00,307.00,-391.00
[21:18:08.833] 641.00,88.00,138.00
[21:18:08.887] 411.00,28.00,303.00
[21:18:08.903] 157.00,-70.00,408.00
[21:18:08.953] -103.00,-186.00,453.00
[21:18:08.995] -318.00,-278.00,456.00
[21:18:09.033] -493.00,-307.00,386.00
[21:18:09.073] -721.00,-281.00,288.00
[21:18:09.113] -871.00,-191.00,100.00
[21:18:09.152] -936.00,-67.00,-76.00
[21:18:09.193] -933.00,88.00,-285.00
[21:18:09.233] -931.00,133.00,-383.00
[21:18:09.273] -902.00,197.00,-466.00
[21:18:09.313] -802.00,342.00,-728.00
[21:18:09.352] -716.00,383.00,-873.00
[21:18:09.393] -628.00,428.00,-1000.00
[21:18:09.433] -518.00,473.00,-1100.00
[21:18:09.473] -426.00,506.00,-1061.00
[21:18:09.513] -347.00,542.00,-1053.00
[21:18:09.553] -270.00,563.00,-1038.00
[21:18:09.593] -220.00,587.00,-995.00
[21:18:09.633] -196.00,608.00,-915.00
[21:18:09.673] -181.00,600.00,-852.00
[21:18:09.713] -160.00,600.00,-871.00
[21:18:09.752] -168.00,571.00,-1092.00
[21:18:09.793] -171.00,492.00,-1347.00
[21:18:09.833] -145.00,302.00,-1650.00
[21:18:09.873] -127.00,76.00,-1871.00
[21:18:09.913] -78.00,-188.00,-2095.00
[21:18:09.953] -17.00,-528.00,-2223.00
[21:18:10.001] 115.00,-980.00,-2283.00
[21:18:10.033] 257.00,-1372.00,-2230.00
[21:18:10.073] 401.00,-1718.00,-2065.00
[21:18:10.103] 562.00,-1980.00,-1822.00
[21:18:10.153] 723.00,-2193.00,-1430.00
[21:18:10.188] 780.00,-2253.00,-1257.00
[21:18:10.233] 856.00,-2296.00,-811.00
[21:18:10.273] 858.00,-2230.00,-461.00
[21:18:10.313] 785.00,-2098.00,-110.00
[21:18:10.353] 631.00,-1821.00,288.00
[21:18:10.391] 506.00,-1518.00,497.00
[21:18:10.432] 408.00,-1183.00,631.00
[21:18:10.473] 391.00,-803.00,670.00
[21:18:10.513] 406.00,-437.00,595.00
[21:18:10.553] 470.00,-160.00,478.00
[21:18:10.590] 577.00,126.00,252.00
[21:18:10.631] 657.00,271.00,43.00
[21:18:10.673] 697.00,323.00,-68.00
[21:18:10.713] 805.00,392.00,-316.00
[21:18:10.754] 877.00,402.00,-483.00
[21:18:10.793] 920.00,407.00,-615.00
[21:18:10.830] 961.00,397.00,-772.00
[21:18:10.859] 987.00,387.00,-825.00
[21:18:10.919] 1007.00,357.00,-835.00
[21:18:10.953] 1056.00,321.00,-767.00
[21:18:10.992] 1092.00,297.00,-618.00
[21:18:11.033] 1102.00,228.00,-415.00
[21:18:11.060] 1007.00,160.00,-172.00
[21:18:11.098] 833.00,105.00,97.00
[21:18:11.153] 543.00,2.00,326.00
[21:18:11.191] 260.00,-88.00,430.00
[21:18:11.223] 32.00,-171.00,495.00
[21:18:11.272] -235.00,-273.00,486.00
[21:18:11.313] -442.00,-337.00,425.00
[21:18:11.355] -648.00,-363.00,321.00
[21:18:11.393] -848.00,-368.00,161.00
[21:18:11.427] -1005.00,-300.00,-22.00
[21:18:11.472] -1081.00,-197.00,-241.00
[21:18:11.513] -1083.00,-28.00,-520.00
[21:18:11.553] -987.00,123.00,-733.00
[21:18:11.593] -946.00,188.00,-827.00
[21:18:11.632] -848.00,271.00,-953.00
[21:18:11.673] -723.00,340.00,-1038.00
[21:18:11.712] -682.00,373.00,-1051.00
[21:18:11.753] -575.00,440.00,-1077.00
[21:18:11.793] -467.00,466.00,-1110.00
[21:18:11.833] -352.00,508.00,-1155.00
[21:18:11.872] -171.00,526.00,-1208.00
[21:18:11.912] 12.00,535.00,-1272.00
[21:18:11.953] 181.00,516.00,-1335.00
[21:18:11.993] 308.00,492.00,-1383.00
[21:18:12.033] 447.00,437.00,-1417.00
[21:18:12.073] 518.00,392.00,-1453.00
[21:18:12.110] 562.00,373.00,-1492.00
[21:18:12.153] 631.00,250.00,-1618.00
[21:18:12.193] 675.00,160.00,-1706.00
[21:18:12.234] 695.00,-2.00,-1878.00
[21:18:12.273] 687.00,-218.00,-2015.00
[21:18:12.309] 667.00,-471.00,-2150.00
[21:18:12.354] 675.00,-816.00,-2211.00
[21:18:12.393] 685.00,-1175.00,-2208.00
[21:18:12.433] 728.00,-1467.00,-2118.00
[21:18:12.473] 807.00,-1823.00,-1893.00
[21:18:12.503] 836.00,-2021.00,-1696.00
[21:18:12.579] 920.00,-2196.00,-1270.00
[21:18:12.579] 936.00,-2232.00,-1160.00
[21:18:12.631] 1012.00,-2198.00,-600.00
[21:18:12.673] 1032.00,-2051.00,-267.00
[21:18:12.714] 1005.00,-1876.00,5.00
[21:18:12.753] 931.00,-1605.00,255.00
[21:18:12.793] 885.00,-1352.00,398.00
[21:18:12.833] 818.00,-1048.00,510.00
[21:18:12.873] 723.00,-701.00,551.00
[21:18:12.913] 621.00,-300.00,483.00
[21:18:12.940] 582.00,33.00,298.00
[21:18:12.994] 618.00,157.00,172.00
[21:18:13.033] 748.00,318.00,-126.00
[21:18:13.073] 795.00,357.00,-255.00
[21:18:13.113] 912.00,387.00,-582.00
[21:18:13.152] 968.00,368.00,-847.00
[21:18:13.193] 1005.00,292.00,-1160.00
[21:18:13.233] 978.00,205.00,-1373.00
[21:18:13.273] 968.00,128.00,-1556.00
[21:18:13.313] 971.00,-5.00,-1680.00
[21:18:13.352] 982.00,-145.00,-1806.00
[21:18:13.393] 1022.00,-302.00,-1891.00
[21:18:13.433] 1073.00,-413.00,-1897.00
[21:18:13.483] 1148.00,-495.00,-1876.00
[21:18:13.498] 1320.00,-576.00,-1745.00
[21:18:13.581] 1413.00,-613.00,-1608.00
[21:18:13.583] 1532.00,-618.00,-1357.00
[21:18:13.638] 1640.00,-597.00,-910.00
[21:18:13.673] 1606.00,-616.00,-442.00
[21:18:13.712] 1376.00,-668.00,66.00
[21:18:13.754] 912.00,-721.00,468.00
[21:18:13.793] 316.00,-697.00,675.00
[21:18:13.823] -178.00,-666.00,653.00
[21:18:13.900] -562.00,-637.00,491.00
[21:18:13.900] -877.00,-603.00,267.00
[21:18:13.954] -1015.00,-542.00,112.00
[21:18:13.993] -1132.00,-323.00,-187.00
[21:18:14.033] -1132.00,-323.00,-187.00
[21:18:14.073] -1117.00,-65.00,-558.00
[21:18:14.113] -1066.00,50.00,-701.00
[21:18:14.152] -997.00,128.00,-850.00
[21:18:14.193] -910.00,181.00,-1025.00
[21:18:14.233] -836.00,226.00,-1151.00
[21:18:14.273] -770.00,247.00,-1245.00
[21:18:14.313] -705.00,252.00,-1355.00
[21:18:14.353] -623.00,250.00,-1461.00
[21:18:14.393] -552.00,245.00,-1515.00
[21:18:14.430] -460.00,212.00,-1652.00
[21:18:14.473] -393.00,141.00,-1757.00
[21:18:14.513] -345.00,136.00,-1803.00
[21:18:14.553] -112.00,-17.00,-1982.00
[21:18:14.590] 42.00,-112.00,-2085.00
[21:18:14.631] 145.00,-197.00,-2126.00
[21:18:14.673] 270.00,-357.00,-2203.00
[21:18:14.713] 342.00,-502.00,-2240.00
[21:18:14.752] 401.00,-695.00,-2273.00
[21:18:14.792] 445.00,-948.00,-2276.00
[21:18:14.845] 462.00,-1370.00,-2242.00
[21:18:14.866] 475.00,-1750.00,-2090.00
[21:18:14.913] 480.00,-2025.00,-1893.00
[21:18:14.957] 491.00,-2296.00,-1507.00
[21:18:14.992] 498.00,-2358.00,-1402.00
[21:18:15.030] 570.00,-2448.00,-777.00
[21:18:15.073] 633.00,-2377.00,-471.00
[21:18:15.113] 736.00,-2098.00,-17.00
[21:18:15.153] 765.00,-1808.00,233.00
[21:18:15.193] 767.00,-1495.00,435.00
[21:18:15.232] 723.00,-1117.00,541.00
[21:18:15.269] 687.00,-725.00,548.00
[21:18:15.313] 601.00,-223.00,442.00
[21:18:15.353] 467.00,52.00,296.00
[21:18:15.394] 311.00,278.00,117.00
[21:18:15.432] 176.00,455.00,-102.00
[21:18:15.462] 125.00,518.00,-231.00
[21:18:15.514] 76.00,606.00,-515.00
[21:18:15.553] 96.00,623.00,-742.00
[21:18:15.593] 142.00,637.00,-951.00
[21:18:15.631] 191.00,590.00,-1136.00
[21:18:15.673] 235.00,558.00,-1260.00
[21:18:15.714] 260.00,506.00,-1350.00
[21:18:15.753] 327.00,452.00,-1485.00
[21:18:15.791] 347.00,378.00,-1595.00
[21:18:15.833] 362.00,305.00,-1691.00
[21:18:15.872] 396.00,205.00,-1798.00
[21:18:15.930] 408.00,73.00,-1935.00
[21:18:16.023] 431.00,-86.00,-2053.00
[21:18:16.027] 516.00,-395.00,-2188.00
[21:18:16.028] 592.00,-576.00,-2203.00
[21:18:16.070] 772.00,-837.00,-2193.00
[21:18:16.107] 961.00,-977.00,-2095.00
[21:18:16.153] 1158.00,-1112.00,-1932.00
[21:18:16.193] 1401.00,-1203.00,-1662.00
[21:18:16.223] 1618.00,-1281.00,-1143.00
[21:18:16.272] 1633.00,-1346.00,-612.00
[21:18:16.314] 1391.00,-1438.00,-66.00
[21:18:16.437] 871.00,-1578.00,332.00
[21:18:16.437] 206.00,-1678.00,483.00
[21:18:16.437] 206.00,-1678.00,483.00
[21:18:16.526] -713.00,-1681.00,228.00
[21:18:16.527] -1022.00,-1597.00,-17.00
[21:18:16.544] -1161.00,-1545.00,-208.00
[21:18:16.593] -1258.00,-1452.00,-347.00
[21:18:16.633] -1337.00,-1355.00,-495.00
[21:18:16.673] -1383.00,-1241.00,-602.00
[21:18:16.702] -1427.00,-1125.00,-752.00
[21:18:16.753] -1430.00,-1027.00,-835.00
[21:18:16.793] -1442.00,-946.00,-953.00
[21:18:16.821] -1425.00,-906.00,-1056.00
[21:18:16.869] -1398.00,-853.00,-1126.00
[21:18:16.910] -1396.00,-843.00,-1175.00
[21:18:16.958] -1312.00,-708.00,-1427.00
[21:18:17.037] -1227.00,-661.00,-1531.00
[21:18:17.047] -1146.00,-642.00,-1665.00
[21:18:17.065] -1066.00,-680.00,-1788.00
[21:18:17.148] -971.00,-716.00,-1900.00
[21:18:17.149] -805.00,-758.00,-2010.00
[21:18:17.221] -670.00,-713.00,-2108.00
[21:18:17.221] -536.00,-661.00,-2170.00
[21:18:17.263] -370.00,-642.00,-2230.00
[21:18:17.331] -293.00,-677.00,-2255.00
[21:18:17.351] -222.00,-777.00,-2301.00
[21:18:17.403] -198.00,-780.00,-2306.00
[21:18:17.434] -193.00,-1053.00,-2317.00
[21:18:17.473] -186.00,-1312.00,-2278.00
[21:18:17.510] -206.00,-1842.00,-2043.00
[21:18:17.552] -211.00,-2193.00,-1687.00
[21:18:17.593] -193.00,-2406.00,-1228.00
[21:18:17.633] -171.00,-2453.00,-765.00
[21:18:17.673] -103.00,-2417.00,-427.00
[21:18:17.712] 58.00,-2240.00,-46.00
[21:18:17.758] 232.00,-2027.00,211.00
[21:18:17.793] 377.00,-1750.00,417.00
[21:18:17.833] 470.00,-1412.00,558.00
[21:18:17.873] 480.00,-1231.00,595.00
[21:18:17.913] 431.00,-687.00,636.00
[21:18:17.952] 372.00,-363.00,551.00
[21:18:17.992] 283.00,-110.00,440.00
[21:18:18.019] 176.00,126.00,277.00
[21:18:18.073] 61.00,333.00,53.00
[21:18:18.112] -45.00,511.00,-321.00
[21:18:18.152] -93.00,576.00,-597.00
[21:18:18.191] -76.00,592.00,-873.00
[21:18:18.233] -56.00,568.00,-1063.00
[21:18:18.273] -61.00,547.00,-1172.00
[21:18:18.313] -61.00,528.00,-1233.00
[21:18:18.352] -78.00,537.00,-1255.00
[21:18:18.390] -152.00,508.00,-1296.00
[21:18:18.431] -240.00,506.00,-1298.00
[21:18:18.473] -345.00,473.00,-1288.00
[21:18:18.513] -491.00,437.00,-1293.00
[21:18:18.553] -646.00,363.00,-1275.00
[21:18:18.593] -743.00,278.00,-1320.00
[21:18:18.630] -818.00,131.00,-1471.00
[21:18:18.673] -853.00,-83.00,-1687.00
[21:18:18.745] -780.00,-340.00,-1941.00
[21:18:18.746] -613.00,-632.00,-2131.00
[21:18:18.790] -401.00,-846.00,-2240.00
[21:18:18.831] 52.00,-1080.00,-2335.00
[21:18:18.873] 501.00,-1162.00,-2278.00
[21:18:18.914] 982.00,-1198.00,-2048.00
[21:18:18.953] 1376.00,-1233.00,-1655.00
[21:18:18.987] 1608.00,-1298.00,-1175.00
[21:18:19.028] 1621.00,-1423.00,-721.00
[21:18:19.073] 1457.00,-1636.00,-403.00
[21:18:19.120] 1110.00,-1937.00,-161.00
[21:18:19.153] 787.00,-2170.00,-126.00
[21:18:19.192] 475.00,-2306.00,-165.00
[21:18:19.229] 267.00,-2406.00,-298.00
[21:18:19.271] 142.00,-2467.00,-461.00
[21:18:19.313] 106.00,-2483.00,-520.00
[21:18:19.353] -186.00,-2491.00,-772.00
[21:18:19.391] -450.00,-2420.00,-917.00
[21:18:19.437] -636.00,-2317.00,-976.00
[21:18:19.474] -797.00,-2180.00,-1056.00
[21:18:19.513] -958.00,-2016.00,-1148.00
[21:18:19.539] -1058.00,-1852.00,-1257.00
[21:18:19.593] -1132.00,-1628.00,-1446.00
[21:18:19.633] -1115.00,-1478.00,-1597.00
[21:18:19.695] -1100.00,-1352.00,-1723.00
[21:18:19.710] -1030.00,-1217.00,-1820.00
[21:18:19.754] -958.00,-1120.00,-1925.00
[21:18:19.793] -780.00,-901.00,-2072.00
[21:18:19.832] -655.00,-806.00,-2138.00
[21:18:19.871] -536.00,-732.00,-2188.00
[21:18:19.914] -467.00,-697.00,-2203.00
[21:18:19.953] -457.00,-721.00,-2223.00
[21:18:19.993] -523.00,-806.00,-2193.00
[21:18:20.033] -595.00,-958.00,-2177.00
[21:18:20.073] -670.00,-1117.00,-2113.00
[21:18:20.103] -741.00,-1381.00,-2021.00
[21:18:20.143] -775.00,-1581.00,-1888.00
[21:18:20.193] -838.00,-1842.00,-1636.00
[21:18:20.233] -853.00,-1895.00,-1520.00
[21:18:20.273] -920.00,-2021.00,-1190.00
[21:18:20.310] -961.00,-2025.00,-942.00
[21:18:20.353] -978.00,-2006.00,-692.00
[21:18:20.393] -963.00,-1935.00,-471.00
[21:18:20.434] -938.00,-1805.00,-148.00
[21:18:20.468] -931.00,-1618.00,17.00
[21:18:20.513] -958.00,-1417.00,143.00
[21:18:20.553] -995.00,-1201.00,165.00
[21:18:20.593] -1076.00,-1022.00,100.00
[21:18:20.633] -1183.00,-896.00,-32.00
[21:18:20.672] -1310.00,-748.00,-306.00
[21:18:20.713] -1332.00,-727.00,-373.00
[21:18:20.754] -1398.00,-642.00,-697.00
[21:18:20.793] -1396.00,-585.00,-907.00
[21:18:20.833] -1383.00,-582.00,-1056.00
[21:18:20.873] -1373.00,-571.00,-1155.00
[21:18:20.913] -1337.00,-580.00,-1180.00
[21:18:20.963] -1350.00,-556.00,-1157.00
[21:18:20.994] -1352.00,-497.00,-1082.00
[21:18:21.033] -1337.00,-347.00,-968.00
[21:18:21.073] -1291.00,-215.00,-915.00
[21:18:21.108] -1210.00,-91.00,-917.00
[21:18:21.152] -1146.00,10.00,-986.00
[21:18:21.192] -1083.00,52.00,-1072.00
[21:18:21.233] -1012.00,62.00,-1203.00
[21:18:21.273] -987.00,17.00,-1393.00
[21:18:21.307] -887.00,-20.00,-1567.00
[21:18:21.352] -767.00,-91.00,-1747.00
[21:18:21.391] -606.00,-176.00,-1948.00
[21:18:21.433] -342.00,-290.00,-2116.00
[21:18:21.474] 78.00,-450.00,-2240.00
[21:18:21.507] 501.00,-535.00,-2213.00
[21:18:21.552] 997.00,-642.00,-2010.00
[21:18:21.589] 1401.00,-843.00,-1657.00
[21:18:21.633] 1637.00,-1117.00,-1095.00
[21:18:21.673] 1642.00,-1288.00,-780.00
[21:18:21.713] 1535.00,-1500.00,-486.00
[21:18:21.753] 1352.00,-1707.00,-272.00
[21:18:21.797] 1115.00,-1945.00,-167.00
[21:18:21.820] 792.00,-2151.00,-115.00
[21:18:21.873] 431.00,-2277.00,-115.00
[21:18:21.911] 63.00,-2322.00,-133.00
[21:18:21.945] -181.00,-2275.00,-133.00
[21:18:21.992] -391.00,-2196.00,-90.00
[21:18:22.033] -603.00,-2025.00,-10.00
[21:18:22.073] -758.00,-1813.00,66.00
[21:18:22.112] -920.00,-1526.00,131.00
[21:18:22.152] -920.00,-1526.00,131.00
[21:18:22.191] -1112.00,-1151.00,100.00
[21:18:22.231] -1217.00,-996.00,-2.00
[21:18:22.273] -1322.00,-877.00,-161.00
[21:18:22.313] -1381.00,-756.00,-323.00
[21:18:22.353] -1430.00,-671.00,-510.00
[21:18:22.388] -1432.00,-590.00,-762.00
[21:18:22.429] -1437.00,-582.00,-937.00
[21:18:22.473] -1411.00,-571.00,-1113.00
[21:18:22.513] -1357.00,-590.00,-1267.00
[21:18:22.552] -1330.00,-611.00,-1355.00
[21:18:22.593] -1293.00,-687.00,-1485.00
[21:18:22.631] -1286.00,-692.00,-1502.00
[21:18:22.673] -1283.00,-806.00,-1533.00
[21:18:22.713] -1296.00,-880.00,-1487.00
[21:18:22.753] -1325.00,-993.00,-1417.00
[21:18:22.791] -1350.00,-1127.00,-1311.00
[21:18:22.832] -1347.00,-1220.00,-1223.00
[21:18:22.874] -1366.00,-1343.00,-1077.00
[21:18:22.913] -1340.00,-1405.00,-927.00
[21:18:22.954] -1335.00,-1450.00,-762.00
[21:18:22.991] -1310.00,-1447.00,-553.00
[21:18:23.032] -1250.00,-1431.00,-342.00
[21:18:23.070] -1171.00,-1365.00,-153.00
[21:18:23.113] -1146.00,-1346.00,-87.00
[21:18:23.153] -1081.00,-1210.00,58.00
[21:18:23.177] -1061.00,-1082.00,102.00
[21:18:23.231] -1088.00,-1001.00,73.00
[21:18:23.260] -1125.00,-908.00,48.00
[21:18:23.313] -1146.00,-808.00,15.00
[21:18:23.353] -1176.00,-656.00,-22.00
[21:18:23.393] -1156.00,-506.00,-37.00
[21:18:23.429] -1140.00,-378.00,-85.00
[21:18:23.473] -1117.00,-305.00,-85.00
[21:18:23.513] -1078.00,-250.00,-51.00
[21:18:23.553] -1058.00,-276.00,-12.00
[21:18:23.593] -1071.00,-337.00,10.00
[21:18:23.633] -1081.00,-378.00,25.00
[21:18:23.670] -1105.00,-328.00,-17.00
[21:18:23.713] -1125.00,-218.00,-172.00
[21:18:23.753] -1171.00,-70.00,-456.00
[21:18:23.791] -1153.00,-2.00,-736.00
[21:18:23.832] -1112.00,28.00,-1022.00
[21:18:23.872] -1035.00,2.00,-1301.00
[21:18:23.913] -941.00,-36.00,-1512.00
[21:18:23.954] -818.00,-38.00,-1660.00
[21:18:23.993] -621.00,-15.00,-1788.00
[21:18:24.033] -450.00,52.00,-1827.00
[21:18:24.071] -147.00,188.00,-1786.00
[21:18:24.113] 240.00,333.00,-1633.00
[21:18:24.153] 672.00,350.00,-1381.00
[21:18:24.188] 1127.00,218.00,-922.00
[21:18:24.232] 1291.00,22.00,-510.00
[21:18:24.268] 1330.00,-162.00,-250.00
[21:18:24.313] 1291.00,-495.00,58.00
[21:18:24.352] 1220.00,-772.00,228.00
[21:18:24.393] 1058.00,-1086.00,367.00
[21:18:24.432] 761.00,-1447.00,453.00
[21:18:24.469] 496.00,-1628.00,478.00
[21:18:24.513] 296.00,-1716.00,445.00
[21:18:24.553] 296.00,-1716.00,445.00
[21:18:24.592] -71.00,-1768.00,412.00
[21:18:24.632] -220.00,-1657.00,458.00
[21:18:24.671] -393.00,-1407.00,532.00
[21:18:24.713] -491.00,-1146.00,568.00
[21:18:24.753] -626.00,-885.00,520.00
[21:18:24.793] -731.00,-653.00,445.00
[21:18:24.833] -853.00,-466.00,330.00
[21:18:24.872] -953.00,-366.00,208.00
[21:18:24.911] -1025.00,-297.00,92.00
[21:18:24.952] -1083.00,-290.00,27.00
[21:18:24.990] -1137.00,-302.00,-56.00
[21:18:25.031] -1156.00,-316.00,-76.00
[21:18:25.070] -1222.00,-342.00,-167.00
[21:18:25.112] -1256.00,-371.00,-221.00
[21:18:25.185] -1310.00,-452.00,-306.00
[21:18:25.185] -1347.00,-497.00,-355.00
[21:18:25.233] -1386.00,-556.00,-461.00
[21:18:25.268] -1401.00,-621.00,-527.00
[21:18:25.338] -1422.00,-671.00,-600.00
[21:18:25.354] -1442.00,-737.00,-665.00
[21:18:25.393] -1452.00,-763.00,-772.00
[21:18:25.431] -1440.00,-772.00,-855.00
[21:18:25.472] -1420.00,-756.00,-992.00
[21:18:25.507] -1413.00,-753.00,-1087.00
[21:18:25.553] -1347.00,-835.00,-1330.00
[21:18:25.593] -1296.00,-946.00,-1446.00
[21:18:25.631] -1273.00,-1133.00,-1432.00
[21:18:25.671] -1261.00,-1286.00,-1361.00
[21:18:25.711] -1258.00,-1452.00,-1201.00
[21:18:25.753] -1242.00,-1568.00,-1015.00
[21:18:25.797] -1240.00,-1607.00,-855.00
[21:18:25.829] -1235.00,-1623.00,-777.00
[21:18:25.868] -1232.00,-1631.00,-716.00
[21:18:25.911] -1240.00,-1618.00,-610.00
[21:18:25.953] -1220.00,-1583.00,-541.00
[21:18:25.993] -1252.00,-1518.00,-468.00
[21:18:26.030] -1310.00,-1331.00,-381.00
[21:18:26.068] -1352.00,-1115.00,-330.00
[21:18:26.097] -1350.00,-856.00,-313.00
[21:18:26.153] -1347.00,-613.00,-326.00
[21:18:26.193] -1288.00,-345.00,-360.00
[21:18:26.233] -1240.00,-238.00,-362.00
[21:18:26.272] -1188.00,-173.00,-330.00
[21:18:26.312] -1135.00,-117.00,-291.00
[21:18:26.352] -1102.00,-62.00,-301.00
[21:18:26.393] -1046.00,46.00,-340.00
[21:18:26.433] -1005.00,107.00,-408.00
[21:18:26.472] -948.00,202.00,-507.00
[21:18:26.512] -890.00,283.00,-638.00
[21:18:26.552] -795.00,363.00,-793.00
[21:18:26.593] -670.00,423.00,-1012.00
[21:18:26.633] -547.00,437.00,-1190.00
[21:18:26.671] -401.00,428.00,-1340.00
[21:18:26.712] -211.00,413.00,-1456.00
[21:18:26.752] 0.00,405.00,-1510.00
[21:18:26.793] 365.00,423.00,-1440.00
[21:18:26.833] 597.00,411.00,-1293.00
[21:18:26.863] 931.00,345.00,-888.00
[21:18:26.911] 1030.00,247.00,-525.00
[21:18:26.952] 1030.00,247.00,-525.00
[21:18:26.993] 833.00,-228.00,303.00
[21:18:27.033] 595.00,-513.00,563.00
[21:18:27.071] 452.00,-727.00,633.00
[21:18:27.112] 191.00,-1058.00,665.00
[21:18:27.152] -40.00,-1220.00,636.00
[21:18:27.193] -276.00,-1265.00,582.00
[21:18:27.233] -480.00,-1201.00,543.00
[21:18:27.273] -675.00,-1106.00,476.00
[21:18:27.313] -775.00,-998.00,425.00
[21:18:27.352] -851.00,-861.00,371.00
[21:18:27.393] -912.00,-782.00,323.00
[21:18:27.433] -936.00,-753.00,303.00
[21:18:27.473] -1048.00,-580.00,165.00
[21:18:27.512] -1112.00,-426.00,25.00
[21:18:27.552] -1151.00,-262.00,-112.00
[21:18:27.592] -1161.00,-117.00,-275.00
[21:18:27.633] -1137.00,-12.00,-415.00
[21:18:27.669] -1110.00,55.00,-536.00
[21:18:27.709] -1092.00,105.00,-695.00
[21:18:27.752] -1095.00,112.00,-767.00
[21:18:27.793] -1110.00,88.00,-818.00
[21:18:27.833] -1122.00,70.00,-847.00
[21:18:27.871] -1112.00,70.00,-886.00
[21:18:27.912] -1135.00,41.00,-910.00
[21:18:27.952] -1115.00,31.00,-1066.00
[21:18:27.993] -1083.00,-41.00,-1278.00
[21:18:28.033] -1097.00,-223.00,-1471.00
[21:18:28.074] -1125.00,-395.00,-1526.00
[21:18:28.111] -1191.00,-556.00,-1495.00
[21:18:28.152] -1296.00,-668.00,-1352.00
[21:18:28.188] -1376.00,-787.00,-1066.00
[21:18:28.259] -1416.00,-927.00,-665.00
[21:18:28.259] -1315.00,-1043.00,-371.00
[21:18:28.301] -1212.00,-1133.00,-146.00
[21:18:28.389] -1137.00,-1153.00,-43.00
[21:18:28.390] -1015.00,-1203.00,112.00
[21:18:28.433] -790.00,-1262.00,323.00
[21:18:28.493] -616.00,-1257.00,435.00
[21:18:28.509] -467.00,-1255.00,515.00
[21:18:28.553] -313.00,-1191.00,582.00
[21:18:28.607] -183.00,-1106.00,631.00
[21:18:28.619] -83.00,-965.00,662.00
[21:18:28.737] 50.00,-735.00,687.00
[21:18:28.739] 142.00,-550.00,660.00
[21:18:28.739] 232.00,-337.00,580.00
[21:18:28.792] 288.00,-141.00,500.00
[21:18:28.827] 303.00,-50.00,445.00
[21:18:28.873] 330.00,128.00,308.00
[21:18:28.909] 313.00,242.00,192.00
[21:18:28.952] 298.00,355.00,71.00
[21:18:28.992] 227.00,466.00,-76.00
[21:18:29.029] 160.00,540.00,-241.00
[21:18:29.057] 96.00,597.00,-486.00
[21:18:29.113] 40.00,635.00,-750.00
[21:18:29.152] 40.00,608.00,-983.00
[21:18:29.189] 93.00,563.00,-1131.00
[21:18:29.230] 247.00,511.00,-1270.00
[21:18:29.273] 411.00,458.00,-1288.00
[21:18:29.313] 567.00,416.00,-1291.00
[21:18:29.352] 567.00,416.00,-1291.00
[21:18:29.384] 843.00,368.00,-878.00
[21:18:29.429] 868.00,321.00,-440.00
[21:18:29.473] 758.00,231.00,-90.00
[21:18:29.513] 511.00,126.00,213.00
[21:18:29.553] 171.00,-33.00,393.00
[21:18:29.591] -235.00,-215.00,468.00
[21:18:29.631] -426.00,-295.00,453.00
[21:18:29.673] -690.00,-355.00,347.00
[21:18:29.713] -777.00,-300.00,272.00
[21:18:29.752] -841.00,-238.00,200.00
[21:18:29.792] -861.00,-207.00,161.00
[21:18:29.829] -868.00,-200.00,141.00
[21:18:29.873] -936.00,-238.00,115.00
[21:18:29.913] -1005.00,-316.00,92.00
[21:18:29.952] -1073.00,-316.00,7.00
[21:18:29.990] -1137.00,-242.00,-128.00
[21:18:30.031] -1156.00,-121.00,-280.00
[21:18:30.071] -1142.00,-28.00,-391.00
[21:18:30.113] -1083.00,70.00,-491.00
[21:18:30.154] -1078.00,88.00,-510.00
[21:18:30.192] -1056.00,128.00,-510.00
[21:18:30.228] -1038.00,123.00,-497.00
[21:18:30.269] -1022.00,133.00,-488.00
[21:18:30.313] -1007.00,128.00,-476.00
[21:18:30.353] -1012.00,141.00,-495.00
[21:18:30.391] -1020.00,155.00,-621.00
[21:18:30.432] -1043.00,123.00,-827.00
[21:18:30.469] -1078.00,33.00,-1027.00
[21:18:30.513] -1117.00,-112.00,-1283.00
[21:18:30.553] -1100.00,-337.00,-1538.00
[21:18:30.594] -948.00,-713.00,-1866.00
[21:18:30.632] -736.00,-1103.00,-2033.00
[21:18:30.663] -513.00,-1370.00,-2090.00
[21:18:30.712] -96.00,-1811.00,-2012.00
[21:18:30.753] 66.00,-1937.00,-1938.00
[21:18:30.793] 442.00,-2211.00,-1636.00
[21:18:30.831] 638.00,-2282.00,-1393.00
[21:18:30.873] 728.00,-2358.00,-1077.00
[21:18:30.919] 613.00,-2412.00,-721.00
[21:18:30.953] 318.00,-2396.00,-362.00
[21:18:30.993] -20.00,-2240.00,-53.00
[21:18:31.031] -327.00,-2025.00,143.00
[21:18:31.072] -575.00,-1616.00,330.00
[21:18:31.109] -667.00,-1251.00,440.00
[21:18:31.152] -660.00,-896.00,510.00
[21:18:31.193] -570.00,-568.00,520.00
[21:18:31.234] -506.00,-405.00,495.00
[21:18:31.271] -337.00,-81.00,425.00
[21:18:31.310] -252.00,31.00,371.00
[21:18:31.353] -168.00,171.00,275.00
[21:18:31.393] -122.00,257.00,195.00
[21:18:31.433] -115.00,331.00,128.00
[21:18:31.471] -140.00,440.00,-41.00
[21:18:31.512] -163.00,516.00,-208.00
[21:18:31.552] -188.00,595.00,-497.00
[21:18:31.590] -203.00,621.00,-747.00
[21:18:31.633] -213.00,585.00,-981.00
[21:18:31.671] -216.00,542.00,-1182.00
[21:18:31.712] -163.00,485.00,-1325.00
[21:18:31.752] -163.00,485.00,-1325.00
[21:18:31.792] 178.00,450.00,-1451.00
[21:18:31.833] 401.00,428.00,-1330.00
[21:18:31.874] 626.00,445.00,-1118.00
[21:18:31.912] 797.00,390.00,-837.00
[21:18:31.952] 931.00,276.00,-502.00
[21:18:31.991] 966.00,55.00,-76.00
[21:18:32.034] 856.00,-117.00,172.00
[21:18:32.073] 700.00,-202.00,376.00
[21:18:32.112] 511.00,-278.00,466.00
[21:18:32.152] 367.00,-300.00,527.00
[21:18:32.192] 276.00,-266.00,530.00
[21:18:32.233] 220.00,-205.00,491.00
[21:18:32.273] 232.00,-73.00,471.00
[21:18:32.312] 260.00,43.00,371.00
[21:18:32.352] 308.00,155.00,277.00
[21:18:32.391] 357.00,250.00,165.00
[21:18:32.430] 380.00,337.00,53.00
[21:18:32.473] 403.00,411.00,-66.00
[21:18:32.513] 403.00,482.00,-153.00
[21:18:32.552] 416.00,528.00,-277.00
[21:18:32.588] 408.00,556.00,-371.00
[21:18:32.627] 408.00,585.00,-440.00
[21:18:32.673] 406.00,595.00,-512.00
[21:18:32.714] 388.00,606.00,-566.00
[21:18:32.752] 357.00,600.00,-571.00
[21:18:32.792] 330.00,632.00,-615.00
[21:18:32.827] 281.00,616.00,-706.00
[21:18:32.873] 255.00,627.00,-825.00
[21:18:32.913] 186.00,616.00,-1010.00
[21:18:32.952] 112.00,576.00,-1180.00
[21:18:32.990] 20.00,511.00,-1363.00
[21:18:33.032] -50.00,371.00,-1592.00
[21:18:33.073] -152.00,83.00,-1888.00
[21:18:33.112] -208.00,-313.00,-2123.00
[21:18:33.152] -198.00,-687.00,-2245.00
[21:18:33.192] -160.00,-1122.00,-2262.00
[21:18:33.231] -32.00,-1763.00,-2058.00
[21:18:33.271] 32.00,-2106.00,-1806.00
[21:18:33.312] 86.00,-2301.00,-1546.00
[21:18:33.352] 110.00,-2462.00,-1175.00
[21:18:33.392] 168.00,-2496.00,-733.00
[21:18:33.433] 237.00,-2365.00,-282.00
[21:18:33.470] 301.00,-2001.00,236.00
[21:18:33.513] 377.00,-1636.00,476.00
[21:18:33.552] 480.00,-1312.00,590.00
[21:18:33.592] 582.00,-937.00,618.00
[21:18:33.632] 618.00,-801.00,592.00
[21:18:33.673] 670.00,-506.00,532.00
[21:18:33.713] 713.00,-307.00,458.00
[21:18:33.753] 738.00,-152.00,355.00
[21:18:33.791] 787.00,5.00,257.00
[21:18:33.831] 800.00,93.00,167.00
[21:18:33.871] 810.00,107.00,156.00
[21:18:33.913] 765.00,165.00,92.00
[21:18:33.953] 726.00,281.00,-10.00
[21:18:33.991] 687.00,366.00,-136.00
[21:18:34.029] 655.00,431.00,-233.00
[21:18:34.071] 572.00,506.00,-386.00
[21:18:34.113] 531.00,535.00,-432.00
[21:18:34.153] 431.00,587.00,-553.00
[21:18:34.190] 342.00,597.00,-618.00
[21:18:34.232] 311.00,608.00,-626.00
[21:18:34.272] 247.00,592.00,-607.00
[21:18:34.312] 247.00,592.00,-507.00
[21:18:34.352] 252.00,547.00,-393.00
[21:18:34.391] 225.00,468.00,-228.00
[21:18:34.433] 166.00,381.00,-71.00
[21:18:34.474] 73.00,286.00,43.00
[21:18:34.511] -32.00,188.00,141.00
[21:18:34.553] -125.00,117.00,226.00
[21:18:34.593] -225.00,38.00,243.00
[21:18:34.633] -291.00,-7.00,267.00
[21:18:34.672] -391.00,-38.00,280.00
[21:18:34.711] -457.00,-5.00,255.00
[21:18:34.737] -485.00,62.00,185.00
[21:18:34.792] -475.00,205.00,43.00
[21:18:34.829] -428.00,305.00,-43.00
[21:18:34.870] -327.00,400.00,-153.00
[21:18:34.912] -235.00,485.00,-228.00
[21:18:34.953] -171.00,535.00,-296.00
[21:18:34.993] -91.00,550.00,-373.00
[21:18:35.028] -47.00,592.00,-373.00
[21:18:35.069] -25.00,590.00,-396.00
[21:18:35.108] -2.00,611.00,-435.00
[21:18:35.152] -20.00,621.00,-481.00
[21:18:35.177] 0.00,621.00,-500.00
[21:18:35.233] 0.00,621.00,-530.00
[21:18:35.272] 0.00,621.00,-582.00
[21:18:35.312] 35.00,640.00,-697.00
[21:18:35.352] 83.00,630.00,-845.00
[21:18:35.393] 122.00,616.00,-1031.00
[21:18:35.433] 145.00,561.00,-1237.00
[21:18:35.468] 112.00,426.00,-1520.00
[21:18:35.513] 66.00,321.00,-1665.00
[21:18:35.558] -7.00,215.00,-1791.00
[21:18:35.583] -88.00,73.00,-1910.00
[21:18:35.633] -208.00,-360.00,-2150.00
[21:18:35.671] -208.00,-837.00,-2268.00
[21:18:35.712] -40.00,-1400.00,-2230.00
[21:18:35.752] 198.00,-1740.00,-2082.00
[21:18:35.791] 450.00,-1971.00,-1910.00
[21:18:35.833] 792.00,-2220.00,-1430.00
[21:18:35.872] 912.00,-2285.00,-925.00
[21:18:35.912] 856.00,-2275.00,-461.00
[21:18:35.952] 690.00,-2140.00,-48.00
[21:18:35.993] 350.00,-1911.00,311.00
[21:18:36.033] 203.00,-1768.00,403.00
[21:18:36.071] -83.00,-1481.00,548.00
[21:18:36.112] -347.00,-1046.00,615.00
[21:18:36.152] -452.00,-708.00,590.00
[21:18:36.192] -482.00,-378.00,510.00
[21:18:36.233] -388.00,12.00,342.00
[21:18:36.270] -267.00,252.00,175.00
[21:18:36.311] -127.00,437.00,-15.00
[21:18:36.352] -2.00,523.00,-167.00
[21:18:36.378] 47.00,552.00,-243.00
[21:18:36.433] 115.00,582.00,-306.00
[21:18:36.471] 135.00,582.00,-332.00
[21:18:36.513] 163.00,595.00,-383.00
[21:18:36.552] 196.00,611.00,-440.00
[21:18:36.592] 181.00,613.00,-481.00
[21:18:36.632] 191.00,623.00,-510.00
[21:18:36.672] 183.00,630.00,-546.00
[21:18:36.712] 178.00,632.00,-532.00
[21:18:36.752] 198.00,603.00,-483.00
[21:18:36.790] 203.00,561.00,-360.00
[21:18:36.833] 160.00,485.00,-190.00
[21:18:36.873] 61.00,366.00,-2.00
[21:18:36.908] -71.00,257.00,123.00
[21:18:36.953] -168.00,200.00,115.00
[21:18:36.991] -227.00,112.00,177.00
[21:18:37.057] -227.00,112.00,177.00
[21:18:37.072] -303.00,-26.00,262.00
[21:18:37.109] -360.00,-100.00,298.00
[21:18:37.152] -518.00,-147.00,280.00
[21:18:37.190] -662.00,-100.00,192.00
[21:18:37.219] -716.00,-15.00,90.00
[21:18:37.273] -716.00,60.00,15.00
[21:18:37.313] -677.00,145.00,-43.00
[21:18:37.352] -577.00,276.00,-82.00
[21:18:37.387] -501.00,355.00,-161.00
[21:18:37.447] -367.00,458.00,-280.00
[21:18:37.462] -327.00,500.00,-326.00
[21:18:37.512] -252.00,542.00,-442.00
[21:18:37.552] -245.00,580.00,-525.00
[21:18:37.591] -216.00,606.00,-615.00
[21:18:37.633] -208.00,606.00,-690.00
[21:18:37.673] -183.00,618.00,-788.00
[21:18:37.712] -127.00,608.00,-893.00
[21:18:37.752] -50.00,616.00,-1031.00
[21:18:37.789] 22.00,568.00,-1160.00
[21:18:37.832] 145.00,497.00,-1357.00
[21:18:37.871] 225.00,440.00,-1485.00
[21:18:37.914] 288.00,326.00,-1616.00
[21:18:37.948] 350.00,226.00,-1757.00
[21:18:37.990] 445.00,-67.00,-1992.00
[21:18:38.060] 465.00,-360.00,-2145.00
[21:18:38.062] 447.00,-685.00,-2255.00
[21:18:38.113] 416.00,-843.00,-2281.00
[21:18:38.152] 452.00,-1246.00,-2257.00
[21:18:38.187] 582.00,-1623.00,-2092.00
[21:18:38.229] 765.00,-1968.00,-1791.00
[21:18:38.277] 902.00,-2208.00,-1311.00
[21:18:38.313] 946.00,-2280.00,-750.00
[21:18:38.353] 823.00,-2211.00,-267.00
[21:18:38.391] 526.00,-1997.00,197.00
[21:18:38.432] 372.00,-1876.00,318.00
[21:18:38.469] 50.00,-1481.00,571.00
[21:18:38.513] -132.00,-1077.00,662.00
[21:18:38.553] -196.00,-587.00,631.00
[21:18:38.592] -183.00,-273.00,566.00
[21:18:38.632] -93.00,183.00,301.00
[21:18:38.671] 22.00,387.00,43.00
[21:18:38.707] 178.00,508.00,-151.00
[21:18:38.753] 330.00,552.00,-306.00
[21:18:38.793] 511.00,558.00,-458.00
[21:18:38.833] 590.00,545.00,-522.00
[21:18:38.873] 670.00,532.00,-541.00
[21:18:38.912] 680.00,518.00,-548.00
[21:18:38.952] 655.00,502.00,-440.00
[21:18:38.993] 616.00,497.00,-342.00
[21:18:39.031] 570.00,490.00,-218.00
[21:18:39.072] 465.00,440.00,-117.00
[21:18:39.110] 362.00,402.00,17.00
[21:18:39.152] 250.00,350.00,112.00
[21:18:39.203] 110.00,337.00,123.00
[21:18:39.219] -17.00,347.00,78.00
[21:18:39.269] -112.00,318.00,87.00
[21:18:39.312] -213.00,197.00,185.00
[21:18:39.352] -345.00,41.00,265.00
[21:18:39.379] -406.00,-2.00,241.00
[21:18:39.433] -496.00,-55.00,233.00
[21:18:39.473] -628.00,-157.00,202.00
[21:18:39.514] -785.00,-205.00,97.00
[21:18:39.552] -920.00,-165.00,-53.00
[21:18:39.593] -978.00,-50.00,-252.00
[21:18:39.629] -951.00,70.00,-388.00
[21:18:39.671] -897.00,186.00,-461.00
[21:18:39.711] -765.00,313.00,-561.00
[21:18:39.752] -690.00,347.00,-605.00
[21:18:39.793] -577.00,452.00,-628.00
[21:18:39.833] -487.00,500.00,-626.00
[21:18:39.868] -465.00,506.00,-623.00
[21:18:39.909] -380.00,542.00,-585.00
[21:18:39.952] -293.00,573.00,-538.00
[21:18:39.991] -232.00,576.00,-491.00
[21:18:40.030] -191.00,580.00,-478.00
[21:18:40.073] -152.00,590.00,-505.00
[21:18:40.107] -147.00,597.00,-530.00
[21:18:40.152] -130.00,603.00,-646.00
[21:18:40.190] -125.00,600.00,-893.00
[21:18:40.233] -96.00,571.00,-1160.00
[21:18:40.272] -56.00,473.00,-1420.00
[21:18:40.311] -37.00,357.00,-1621.00
[21:18:40.352] -2.00,278.00,-1740.00
[21:18:40.393] 101.00,-100.00,-2051.00
[21:18:40.430] 283.00,-508.00,-2237.00
[21:18:40.473] 413.00,-870.00,-2278.00
[21:18:40.513] 585.00,-1438.00,-2157.00
[21:18:40.551] 657.00,-1800.00,-1980.00
[21:18:40.615] 716.00,-2063.00,-1728.00
[21:18:40.630] 756.00,-2261.00,-1405.00
[21:18:40.675] 802.00,-2365.00,-1020.00
[21:18:40.720] 836.00,-2306.00,-495.00
[21:18:40.752] 823.00,-2180.00,-165.00
[21:18:40.792] 682.00,-1871.00,260.00
[21:18:40.831] 643.00,-1773.00,340.00
[21:18:40.871] 431.00,-1201.00,618.00
[21:18:40.912] 293.00,-780.00,672.00
[21:18:40.952] 193.00,-400.00,600.00
[21:18:40.991] 160.00,10.00,427.00
[21:18:41.032] 193.00,255.00,208.00
[21:18:41.070] 265.00,428.00,-7.00
[21:18:41.113] 337.00,513.00,-228.00
[21:18:41.152] 408.00,556.00,-386.00
[21:18:41.192] 428.00,566.00,-447.00
[21:18:41.233] 431.00,582.00,-488.00
[21:18:41.272] 408.00,592.00,-502.00
[21:18:41.313] 377.00,603.00,-541.00
[21:18:41.353] 342.00,606.00,-532.00
[21:18:41.392] 321.00,603.00,-510.00
[21:18:41.431] 327.00,597.00,-473.00
[21:18:41.470] 345.00,582.00,-435.00
[21:18:41.503] 327.00,547.00,-347.00
[21:18:41.552] 296.00,492.00,-216.00
[21:18:41.591] 176.00,397.00,-46.00
[21:18:41.632] 68.00,323.00,56.00
[21:18:41.670] -2.00,238.00,146.00
[21:18:41.712] -61.00,155.00,192.00
[21:18:41.753] -52.00,102.00,241.00
[21:18:41.791] -45.00,52.00,260.00
[21:18:41.831] -27.00,-5.00,285.00
[21:18:41.872] -81.00,-17.00,316.00
[21:18:41.898] -188.00,5.00,311.00
[21:18:41.953] -298.00,31.00,243.00
[21:18:41.992] -377.00,91.00,195.00
[21:18:42.030] -426.00,112.00,151.00
[21:18:42.072] -447.00,173.00,95.00
[21:18:42.108] -457.00,223.00,51.00
[21:18:42.153] -506.00,278.00,-71.00
[21:18:42.193] -560.00,328.00,-153.00
[21:18:42.233] -626.00,331.00,-260.00
[21:18:42.272] -623.00,347.00,-277.00
[21:18:42.309] -682.00,383.00,-468.00
[21:18:42.353] -667.00,411.00,-573.00
[21:18:42.392] -646.00,455.00,-728.00
[21:18:42.431] -611.00,468.00,-816.00
[21:18:42.471] -587.00,473.00,-876.00
[21:18:42.507] -508.00,502.00,-930.00
[21:18:42.552] -467.00,526.00,-990.00
[21:18:42.592] -332.00,528.00,-1077.00
[21:18:42.630] -206.00,542.00,-1175.00
[21:18:42.671] -96.00,506.00,-1286.00
[21:18:42.710] -35.00,450.00,-1432.00
[21:18:42.752] -15.00,405.00,-1505.00
[21:18:42.790] 56.00,26.00,-1941.00
[21:18:42.820] 58.00,-207.00,-2082.00
[21:18:42.867] 25.00,-718.00,-2265.00
[21:18:42.910] -15.00,-1136.00,-2262.00
[21:18:42.953] -37.00,-1476.00,-2177.00
[21:18:42.993] -45.00,-1828.00,-2017.00
[21:18:43.031] -47.00,-2187.00,-1703.00
[21:18:43.071] -2.00,-2351.00,-1437.00
[21:18:43.111] 47.00,-2493.00,-997.00
[21:18:43.140] 81.00,-2503.00,-738.00
[21:18:43.193] 76.00,-2332.00,-165.00
[21:18:43.230] 50.00,-2263.00,-51.00
[21:18:43.271] -115.00,-1763.00,412.00
[21:18:43.310] -270.00,-1281.00,590.00
[21:18:43.353] -362.00,-880.00,628.00
[21:18:43.393] -365.00,-521.00,585.00
[21:18:43.431] -281.00,-168.00,483.00
[21:18:43.472] -20.00,136.00,318.00
[21:18:43.510] 276.00,286.00,170.00
[21:18:43.537] 623.00,328.00,12.00
[21:18:43.593] 992.00,226.00,-195.00
[21:18:43.629] 1296.00,78.00,-476.00
[21:18:43.671] 1488.00,-147.00,-806.00
[21:18:43.709] 1547.00,-290.00,-986.00
[21:18:43.753] 1518.00,-616.00,-1443.00
[21:18:43.793] 1413.00,-721.00,-1672.00
[21:18:43.832] 1320.00,-718.00,-1791.00
[21:18:43.869] 1317.00,-630.00,-1786.00
[21:18:43.908] 1427.00,-600.00,-1616.00
[21:18:43.952] 1588.00,-585.00,-1291.00
[21:18:44.025] 1665.00,-573.00,-798.00
[21:18:44.025] 1478.00,-587.00,-100.00
[21:18:44.069] 1081.00,-661.00,355.00
[21:18:44.109] 496.00,-761.00,653.00
[21:18:44.165] -71.00,-792.00,670.00
[21:18:44.180] -426.00,-882.00,602.00
[21:18:44.260] -697.00,-1125.00,447.00
[21:18:44.262] -902.00,-1455.00,158.00
[21:18:44.312] -968.00,-1766.00,-185.00
[21:18:44.373] -1025.00,-1918.00,-615.00
[21:18:44.389] -1035.00,-1906.00,-983.00
[21:18:44.449] -1038.00,-1773.00,-1320.00
[21:18:44.546] -1046.00,-1633.00,-1466.00
[21:18:44.546] -1046.00,-1346.00,-1650.00
[21:18:44.546] -1030.00,-1117.00,-1783.00
[21:18:44.593] -956.00,-893.00,-1868.00
[21:18:44.629] -892.00,-748.00,-1922.00
[21:18:44.671] -756.00,-561.00,-1990.00
[21:18:44.709] -626.00,-461.00,-2033.00
[21:18:44.752] -467.00,-376.00,-2087.00
[21:18:44.793] -340.00,-387.00,-2131.00
[21:18:44.845] -211.00,-431.00,-2177.00
[21:18:44.863] -112.00,-473.00,-2230.00
[21:18:44.966] -25.00,-452.00,-2232.00
[21:18:44.966] 15.00,-450.00,-2250.00
[21:18:44.983] 7.00,-476.00,-2260.00
[21:18:45.035] -7.00,-513.00,-2265.00
[21:18:45.071] -40.00,-645.00,-2310.00
[21:18:45.105] -47.00,-745.00,-2320.00
[21:18:45.152] -71.00,-803.00,-2320.00
[21:18:45.191] -115.00,-1251.00,-2320.00
[21:18:45.252] -71.00,-1581.00,-2206.00
[21:18:45.268] 15.00,-2003.00,-1958.00
[21:18:45.309] 140.00,-2338.00,-1538.00
[21:18:45.353] 227.00,-2507.00,-983.00
[21:18:45.393] 257.00,-2477.00,-595.00
[21:18:45.431] 306.00,-2372.00,-277.00
[21:18:45.472] 350.00,-2230.00,0.00
[21:18:45.511] 416.00,-1982.00,270.00
[21:18:45.551] 426.00,-1723.00,445.00
[21:18:45.593] 396.00,-1431.00,573.00
[21:18:45.633] 176.00,-840.00,670.00
[21:18:45.672] -58.00,-471.00,600.00
[21:18:45.710] -291.00,-171.00,430.00
[21:18:45.758] -487.00,81.00,165.00
[21:18:45.790] -585.00,305.00,-190.00
[21:18:45.835] -567.00,440.00,-568.00
[21:18:45.873] -421.00,511.00,-981.00
[21:18:45.905] -247.00,492.00,-1293.00
[21:18:45.951] -56.00,395.00,-1531.00
[21:18:46.023] 68.00,310.00,-1693.00
[21:18:46.025] 196.00,100.00,-1905.00
[21:18:46.080] 247.00,12.00,-1987.00
[21:18:46.111] 298.00,-278.00,-2152.00
[21:18:46.155] 286.00,-495.00,-2237.00
[21:18:46.180] 267.00,-697.00,-2301.00
[21:18:46.233] 281.00,-822.00,-2310.00
[21:18:46.317] 350.00,-967.00,-2303.00
[21:18:46.320] 445.00,-1051.00,-2296.00
[21:18:46.352] 623.00,-1177.00,-2232.00
[21:18:46.390] 917.00,-1262.00,-2097.00
[21:18:46.475] 1202.00,-1338.00,-1852.00
[21:18:46.477] 1432.00,-1376.00,-1507.00
[21:18:46.512] 1583.00,-1428.00,-1092.00
[21:18:46.550] 1606.00,-1443.00,-835.00
[21:18:46.605] 1411.00,-1536.00,-185.00
[21:18:46.623] 1086.00,-1673.00,133.00
[21:18:46.723] 700.00,-1826.00,272.00
[21:18:46.723] 267.00,-2011.00,260.00
[21:18:46.789] -157.00,-2166.00,87.00
[21:18:46.793] -657.00,-2106.00,-165.00
[21:18:46.846] -936.00,-2006.00,-420.00
[21:18:46.864] -1132.00,-1866.00,-685.00
[21:18:46.913] -1242.00,-1690.00,-876.00
[21:18:46.952] -1315.00,-1486.00,-1041.00
[21:18:46.988] -1347.00,-1233.00,-1216.00
[21:18:47.029] -1350.00,-1133.00,-1283.00
[21:18:47.071] -1278.00,-951.00,-1473.00
[21:18:47.135] -1193.00,-875.00,-1633.00
[21:18:47.138] -1058.00,-811.00,-1788.00
[21:18:47.193] -902.00,-727.00,-1932.00
[21:18:47.345] -697.00,-701.00,-2075.00
[21:18:47.349] -521.00,-658.00,-2157.00
[21:18:47.351] -362.00,-640.00,-2221.00
[21:18:47.352] -237.00,-666.00,-2255.00
[21:18:47.390] -135.00,-708.00,-2281.00
[21:18:47.415] -78.00,-751.00,-2301.00
[21:18:47.471] -78.00,-803.00,-2306.00
[21:18:47.519] -117.00,-835.00,-2310.00
[21:18:47.550] -178.00,-875.00,-2306.00
[21:18:47.590] -283.00,-991.00,-2286.00
[21:18:47.631] -362.00,-1172.00,-2247.00
[21:18:47.673] -472.00,-1391.00,-2170.00
[21:18:47.713] -595.00,-1645.00,-2000.00
[21:18:47.751] -738.00,-1887.00,-1685.00
[21:18:47.792] -841.00,-2016.00,-1347.00
[21:18:47.830] -917.00,-2068.00,-925.00
[21:18:47.873] -928.00,-2035.00,-510.00
[21:18:47.909] -765.00,-1966.00,-123.00
[21:18:47.950] -595.00,-1887.00,120.00
[21:18:47.990] -411.00,-1837.00,260.00
[21:18:48.031] 216.00,-1505.00,563.00
[21:18:48.067] 543.00,-1215.00,590.00
[21:18:48.108] 790.00,-848.00,527.00
[21:18:48.150] 943.00,-490.00,367.00
[21:18:48.191] 1046.00,-210.00,133.00
[21:18:48.226] 1137.00,22.00,-228.00
[21:18:48.273] 1146.00,145.00,-517.00
[21:18:48.313] 1112.00,233.00,-788.00
[21:18:48.340] 1012.00,278.00,-992.00
[21:18:48.381] 866.00,323.00,-1213.00
[21:18:48.430] 761.00,357.00,-1303.00
[21:18:48.470] 700.00,360.00,-1327.00
[21:18:48.512] 396.00,411.00,-1463.00
[21:18:48.548] 213.00,400.00,-1533.00
[21:18:48.590] 61.00,342.00,-1646.00
[21:18:48.633] -25.00,221.00,-1762.00
[21:18:48.658] -47.00,62.00,-1938.00
[21:18:48.712] 7.00,-278.00,-2162.00
[21:18:48.753] 166.00,-576.00,-2257.00
[21:18:48.817] 393.00,-811.00,-2296.00
[21:18:48.819] 675.00,-948.00,-2230.00
[21:18:48.873] 941.00,-975.00,-2085.00
[21:18:48.913] 1212.00,-893.00,-1878.00
[21:18:48.950] 1352.00,-863.00,-1740.00
[21:18:48.991] 1631.00,-798.00,-1213.00
[21:18:49.031] 1680.00,-872.00,-783.00
[21:18:49.073] 1637.00,-1032.00,-396.00
[21:18:49.116] 1391.00,-1367.00,-43.00
[21:18:49.164] 1186.00,-1605.00,100.00
[21:18:49.179] 838.00,-1887.00,165.00
[21:18:49.231] 601.00,-2085.00,71.00
[21:18:49.272] 347.00,-2251.00,-30.00
[21:18:49.313] 91.00,-2362.00,-190.00
[21:18:49.355] -181.00,-2420.00,-401.00
[21:18:49.380] -408.00,-2408.00,-682.00
[21:18:49.475] -570.00,-2362.00,-945.00
[21:18:49.499] -743.00,-2175.00,-1275.00
[21:18:49.501] -818.00,-2021.00,-1440.00
[21:18:49.559] -866.00,-1911.00,-1526.00
[21:18:49.591] -910.00,-1828.00,-1551.00
[21:18:49.626] -917.00,-1781.00,-1600.00
[21:18:49.683] -920.00,-1678.00,-1691.00
[21:18:49.700] -895.00,-1531.00,-1811.00
[21:18:49.753] -846.00,-1386.00,-1930.00
[21:18:49.792] -758.00,-1225.00,-2048.00
[21:18:49.830] -711.00,-1125.00,-2090.00
[21:18:49.872] -623.00,-970.00,-2152.00
[21:18:49.908] -562.00,-858.00,-2186.00
[21:18:50.015] -485.00,-785.00,-2206.00
[21:18:50.015] -421.00,-796.00,-2227.00
[21:18:50.015] -352.00,-843.00,-2252.00
[21:18:50.060] -313.00,-953.00,-2278.00
[21:18:50.125] -281.00,-1075.00,-2286.00
[21:18:50.136] -237.00,-1238.00,-2276.00
[21:18:50.192] -186.00,-1462.00,-2223.00
[21:18:50.233] -142.00,-1790.00,-2090.00
[21:18:50.269] -137.00,-2175.00,-1703.00
[21:18:50.312] -225.00,-2370.00,-1327.00
[21:18:50.353] -257.00,-2430.00,-1025.00
[21:18:50.390] -257.00,-2430.00,-1025.00
[21:18:50.430] -383.00,-2237.00,-190.00
[21:18:50.471] -377.00,-1961.00,165.00
[21:18:50.506] -388.00,-1495.00,476.00
[21:18:50.545] -416.00,-1177.00,551.00
[21:18:50.590] -482.00,-697.00,527.00
[21:18:50.631] -552.00,-378.00,425.00
[21:18:50.669] -631.00,-57.00,165.00
[21:18:50.711] -675.00,205.00,-141.00
[21:18:50.757] -705.00,366.00,-592.00
[21:18:50.792] -623.00,407.00,-912.00
[21:18:50.833] -611.00,395.00,-1075.00
[21:18:50.869] -587.00,373.00,-1245.00
[21:18:50.897] -508.00,231.00,-1572.00
[21:18:50.953] -460.00,160.00,-1693.00
[21:18:50.991] -445.00,107.00,-1773.00
[21:18:51.031] -426.00,22.00,-1873.00
[21:18:51.073] -421.00,-152.00,-1992.00
[21:18:51.108] -403.00,-316.00,-2082.00
[21:18:51.150] -408.00,-506.00,-2167.00
[21:18:51.195] -386.00,-713.00,-2221.00
[21:18:51.231] -316.00,-956.00,-2255.00
[21:18:51.274] -225.00,-1053.00,-2278.00
[21:18:51.308] -103.00,-1130.00,-2310.00
[21:18:51.348] 240.00,-1212.00,-2310.00
[21:18:51.392] 621.00,-1236.00,-2216.00
[21:18:51.431] 1110.00,-1257.00,-1948.00
[21:18:51.471] 1481.00,-1241.00,-1490.00
[21:18:51.506] 1645.00,-1238.00,-907.00
[21:18:51.547] 1501.00,-1367.00,-226.00
[21:18:51.593] 1232.00,-1505.00,115.00
[21:18:51.629] 892.00,-1781.00,226.00
[21:18:51.673] 523.00,-2132.00,71.00
[21:18:51.711] 332.00,-2267.00,-43.00
[21:18:51.749] 130.00,-2365.00,-221.00
[21:18:51.790] 52.00,-2401.00,-332.00
[21:18:51.833] -71.00,-2477.00,-660.00
[21:18:51.871] -135.00,-2483.00,-997.00
[21:18:51.912] -242.00,-2370.00,-1357.00
[21:18:51.960] -391.00,-2227.00,-1510.00
[21:18:51.993] -582.00,-2068.00,-1628.00
[21:18:52.033] -800.00,-1856.00,-1670.00
[21:18:52.066] -973.00,-1602.00,-1680.00
[21:18:52.151] -1130.00,-1305.00,-1672.00
[21:18:52.153] -1196.00,-1020.00,-1633.00
[21:18:52.194] -1230.00,-677.00,-1572.00
[21:18:52.222] -1193.00,-506.00,-1536.00
[21:18:52.287] -1186.00,-411.00,-1528.00
[21:18:52.303] -1122.00,-290.00,-1536.00
[21:18:52.365] -1073.00,-215.00,-1563.00
[21:18:52.381] -1010.00,-228.00,-1631.00
[21:18:52.421] -1017.00,-283.00,-1672.00
[21:18:52.475] -1051.00,-368.00,-1675.00
[21:18:52.550] -1130.00,-556.00,-1670.00
[21:18:52.552] -1198.00,-877.00,-1643.00
[21:18:52.590] -1222.00,-1186.00,-1526.00
[21:18:52.633] -1222.00,-1486.00,-1325.00
[21:18:52.673] -1205.00,-1652.00,-1160.00
[21:18:52.712] -1158.00,-1773.00,-1012.00
[21:18:52.748] -1130.00,-1835.00,-893.00
[21:18:52.790] -1095.00,-1863.00,-697.00
[21:18:52.831] -1110.00,-1813.00,-515.00
[21:18:52.872] -1191.00,-1636.00,-427.00
[21:18:52.912] -1276.00,-1443.00,-442.00
[21:18:52.945] -1371.00,-1241.00,-520.00
[21:18:52.990] -1391.00,-1015.00,-597.00
[21:18:53.018] -1416.00,-870.00,-685.00
[21:18:53.075] -1406.00,-706.00,-788.00
[21:18:53.112] -1376.00,-606.00,-883.00
[21:18:53.155] -1352.00,-506.00,-1000.00
[21:18:53.192] -1293.00,-407.00,-1110.00
[21:18:53.227] -1303.00,-387.00,-1155.00
[21:18:53.272] -1207.00,-242.00,-1257.00
[21:18:53.311] -1115.00,-145.00,-1335.00
[21:18:53.350] -1017.00,-97.00,-1448.00
[21:18:53.392] -920.00,-73.00,-1541.00
[21:18:53.431] -790.00,-20.00,-1655.00
[21:18:53.456] -705.00,2.00,-1713.00
[21:18:53.511] -651.00,-20.00,-1767.00
[21:18:53.552] -628.00,-50.00,-1815.00
[21:18:53.591] -655.00,-112.00,-1850.00
[21:18:53.631] -667.00,-181.00,-1878.00
[21:18:53.669] -687.00,-271.00,-1920.00
[21:18:53.709] -700.00,-290.00,-1930.00
[21:18:53.749] -565.00,-297.00,-2023.00
[21:18:53.790] -313.00,-326.00,-2136.00
[21:18:53.832] 58.00,-423.00,-2227.00
[21:18:53.871] 562.00,-547.00,-2193.00
[21:18:53.909] 1242.00,-677.00,-1793.00
[21:18:53.951] 1598.00,-751.00,-1190.00
[21:18:53.990] 1640.00,-903.00,-543.00
[21:18:54.030] 1462.00,-1038.00,-71.00
[21:18:54.071] 1240.00,-1193.00,182.00
[21:18:54.112] 1068.00,-1352.00,313.00
[21:18:54.152] 851.00,-1526.00,365.00
[21:18:54.192] 787.00,-1578.00,371.00
[21:18:54.230] 442.00,-1681.00,456.00
[21:18:54.279] 103.00,-1597.00,520.00
[21:18:54.310] -98.00,-1505.00,553.00
[21:18:54.352] -408.00,-1360.00,543.00
[21:18:54.391] -611.00,-1243.00,473.00
[21:18:54.425] -785.00,-1103.00,396.00
[21:18:54.471] -953.00,-982.00,301.00
[21:18:54.511] -1125.00,-885.00,115.00
[21:18:54.553] -1268.00,-901.00,-90.00
[21:18:54.592] -1360.00,-890.00,-298.00
[21:18:54.629] -1408.00,-843.00,-483.00
[21:18:54.671] -1457.00,-782.00,-633.00
[21:18:54.713] -1452.00,-642.00,-850.00
[21:18:54.753] -1408.00,-518.00,-1002.00
[21:18:54.790] -1383.00,-466.00,-1061.00
[21:18:54.828] -1357.00,-455.00,-1100.00
[21:18:54.873] -1381.00,-452.00,-1110.00
[21:18:54.923] -1378.00,-487.00,-1082.00
[21:18:54.941] -1381.00,-497.00,-1043.00
[21:18:54.991] -1396.00,-516.00,-1027.00
[21:18:55.032] -1391.00,-547.00,-1041.00
[21:18:55.068] -1406.00,-595.00,-1090.00
[21:18:55.110] -1388.00,-663.00,-1157.00
[21:18:55.150] -1373.00,-782.00,-1223.00
[21:18:55.192] -1355.00,-982.00,-1320.00
[21:18:55.230] -1327.00,-1157.00,-1325.00
[21:18:55.272] -1286.00,-1288.00,-1316.00
[21:18:55.307] -1242.00,-1471.00,-1245.00
[21:18:55.353] -1225.00,-1581.00,-1143.00
[21:18:55.391] -1202.00,-1660.00,-1051.00
[21:18:55.432] -1183.00,-1687.00,-1002.00
[21:18:55.469] -1181.00,-1687.00,-1015.00
[21:18:55.525] -1163.00,-1713.00,-1041.00
[21:18:55.541] -1153.00,-1785.00,-1038.00
[21:18:55.593] -1168.00,-1776.00,-983.00
[21:18:55.632] -1168.00,-1776.00,-983.00
[21:18:55.672] -1288.00,-1588.00,-903.00
[21:18:55.787] -1332.00,-1455.00,-866.00
[21:18:55.793] -1386.00,-1326.00,-821.00
[21:18:55.793] -1422.00,-1030.00,-690.00
[21:18:55.831] -1432.00,-768.00,-621.00
[21:18:55.870] -1386.00,-508.00,-568.00
[21:18:55.910] -1293.00,-271.00,-580.00
[21:18:55.950] -1148.00,0.00,-651.00
[21:18:55.991] -1056.00,123.00,-745.00
[21:18:56.032] -912.00,236.00,-857.00
[21:18:56.072] -890.00,273.00,-925.00
[21:18:56.112] -853.00,290.00,-978.00
[21:18:56.150] -787.00,295.00,-1175.00
[21:18:56.190] -738.00,278.00,-1245.00
[21:18:56.230] -626.00,305.00,-1368.00
[21:18:56.271] -428.00,318.00,-1505.00
[21:18:56.312] -106.00,368.00,-1548.00
[21:18:56.351] 273.00,416.00,-1456.00
[21:18:56.391] 618.00,426.00,-1141.00
[21:18:56.433] 812.00,411.00,-662.00
[21:18:56.471] 700.00,252.00,-105.00
[21:18:56.510] 572.00,126.00,165.00
[21:18:56.552] 396.00,-52.00,378.00
[21:18:56.591] 96.00,-545.00,621.00
[21:18:56.630] -240.00,-965.00,626.00
[21:18:56.672] -467.00,-1196.00,548.00
[21:18:56.699] -660.00,-1360.00,408.00
[21:18:56.751] -790.00,-1426.00,288.00
[21:18:56.791] -925.00,-1441.00,182.00
[21:18:56.832] -995.00,-1391.00,126.00
[21:18:56.872] -1063.00,-1203.00,156.00
[21:18:56.909] -1015.00,-951.00,238.00
[21:18:56.952] -992.00,-777.00,272.00
[21:18:56.991] -882.00,-523.00,332.00
[21:18:57.031] -868.00,-495.00,318.00
[21:18:57.068] -718.00,-245.00,337.00
[21:18:57.110] -648.00,-138.00,330.00
[21:18:57.151] -601.00,-83.00,303.00
[21:18:57.191] -516.00,52.00,243.00
[21:18:57.231] -498.00,155.00,172.00
[21:18:57.306] -487.00,238.00,73.00
[21:18:57.306] -513.00,305.00,-22.00
[21:18:57.351] -543.00,371.00,-146.00
[21:18:57.389] -585.00,413.00,-313.00
[21:18:57.431] -611.00,437.00,-502.00
[21:18:57.472] -641.00,452.00,-738.00
[21:18:57.509] -670.00,435.00,-855.00
[21:18:57.550] -723.00,350.00,-1146.00
[21:18:57.591] -767.00,165.00,-1437.00
[21:18:57.619] -797.00,12.00,-1621.00
[21:18:57.673] -853.00,-363.00,-1825.00
[21:18:57.715] -912.00,-703.00,-1900.00
[21:18:57.750] -973.00,-1035.00,-1835.00
[21:18:57.791] -1061.00,-1336.00,-1618.00
[21:18:57.831] -1120.00,-1533.00,-1435.00
[21:18:57.871] -1107.00,-1707.00,-1221.00
[21:18:57.915] -1038.00,-1871.00,-1020.00
[21:18:57.959] -922.00,-2016.00,-816.00
[21:18:57.995] -838.00,-2103.00,-660.00
[21:18:58.147] -700.00,-2140.00,-367.00
[21:18:58.147] -662.00,-2077.00,-192.00
[21:18:58.153] -641.00,-1902.00,46.00
[21:18:58.155] -707.00,-1713.00,190.00
[21:18:58.178] -821.00,-1438.00,262.00
[21:18:58.226] -938.00,-1096.00,293.00
[21:18:58.272] -992.00,-668.00,236.00
[21:18:58.313] -987.00,-437.00,182.00
[21:18:58.347] -885.00,-83.00,82.00
[21:18:58.390] -743.00,115.00,12.00
[21:18:58.430] -587.00,257.00,-56.00
[21:18:58.457] -587.00,257.00,-56.00
[21:18:58.507] -323.00,471.00,-260.00
[21:18:58.548] -227.00,563.00,-396.00
[21:18:58.591] -206.00,585.00,-587.00
[21:18:58.629] -211.00,595.00,-767.00
[21:18:58.673] -230.00,582.00,-948.00
[21:18:58.712] -232.00,545.00,-1090.00
[21:18:58.750] -173.00,506.00,-1216.00
[21:18:58.790] -50.00,497.00,-1298.00
[21:18:58.829] 237.00,497.00,-1255.00
[21:18:58.877] 503.00,492.00,-1092.00
[21:18:58.913] 646.00,442.00,-893.00
[21:18:58.952] 685.00,447.00,-793.00
[21:18:58.990] 465.00,297.00,-61.00
[21:18:59.029] 147.00,176.00,206.00
[21:18:59.057] -186.00,-26.00,355.00
[21:18:59.111] -531.00,-292.00,383.00
[21:18:59.151] -805.00,-558.00,311.00
[21:18:59.190] -1053.00,-798.00,133.00
[21:18:59.231] -1220.00,-977.00,-95.00
[21:18:59.273] -1337.00,-1082.00,-345.00
[21:18:59.312] -1383.00,-1035.00,-422.00
[21:18:59.352] -1391.00,-925.00,-425.00
[21:18:59.391] -1350.00,-721.00,-350.00
[21:18:59.428] -1312.00,-580.00,-277.00
[21:18:59.473] -1025.00,-112.00,-92.00
[21:18:59.497] -853.00,52.00,-30.00
[21:18:59.552] -560.00,271.00,-35.00
[21:18:59.590] -355.00,431.00,-172.00
[21:18:59.628] -160.00,573.00,-415.00
[21:18:59.666] -2.00,618.00,-656.00
[21:18:59.713] 137.00,645.00,-803.00
[21:18:59.749] 318.00,616.00,-907.00
[21:18:59.791] 393.00,592.00,-966.00
[21:18:59.831] 445.00,563.00,-1063.00
[21:18:59.868] 442.00,537.00,-1165.00
[21:18:59.911] 406.00,497.00,-1306.00
[21:18:59.953] 365.00,458.00,-1386.00
[21:18:59.991] 286.00,387.00,-1543.00
[21:19:00.029] 188.00,257.00,-1713.00
[21:19:00.075] 98.00,60.00,-1907.00
[21:19:00.109] 45.00,-268.00,-2128.00
[21:19:00.150] 101.00,-730.00,-2268.00
[21:19:00.175] 183.00,-1286.00,-2250.00
[21:19:00.255] 262.00,-1660.00,-2113.00
[21:19:00.255] 350.00,-1923.00,-1932.00
[21:19:00.311] 433.00,-2196.00,-1657.00
[21:19:00.348] 493.00,-2335.00,-1393.00
[21:19:00.390] 523.00,-2441.00,-937.00
[21:19:00.431] 498.00,-2422.00,-522.00
[21:19:00.476] 318.00,-2251.00,-46.00
[21:19:00.507] 120.00,-2016.00,233.00
[21:19:00.548] -91.00,-1713.00,458.00
[21:19:00.591] -206.00,-1370.00,582.00
[21:19:00.632] -247.00,-1012.00,651.00
[21:19:00.672] -225.00,-651.00,648.00
[21:19:00.711] -101.00,-191.00,538.00
[21:19:00.752] 40.00,55.00,398.00
[21:19:00.792] 240.00,247.00,238.00
[21:19:00.831] 386.00,337.00,85.00
[21:19:00.865] 672.00,413.00,-187.00
[21:19:00.910] 858.00,402.00,-471.00
[21:19:00.953] 1025.00,366.00,-665.00
[21:19:00.992] 1095.00,313.00,-825.00
[21:19:01.032] 1083.00,295.00,-915.00
[21:19:01.071] 1005.00,378.00,-862.00
[21:19:01.110] 917.00,416.00,-757.00
[21:19:01.151] 866.00,455.00,-648.00
[21:19:01.192] 775.00,468.00,-461.00
[21:19:01.232] 716.00,426.00,-280.00
[21:19:01.266] 636.00,355.00,-87.00
[21:19:01.306] 582.00,295.00,15.00
[21:19:01.347] 498.00,236.00,117.00
[21:19:01.378] 125.00,17.00,376.00
[21:19:01.431] -86.00,-20.00,373.00
[21:19:01.472] -150.00,-31.00,367.00
[21:19:01.511] -183.00,-88.00,376.00
[21:19:01.545] -257.00,-173.00,398.00
[21:19:01.592] -467.00,-247.00,365.00
[21:19:01.631] -675.00,-236.00,241.00
[21:19:01.671] -880.00,-155.00,12.00
[21:19:01.707] -1002.00,-65.00,-265.00
[21:19:01.751] -1063.00,-10.00,-473.00
[21:19:01.793] -1112.00,0.00,-662.00
[21:19:01.833] -1066.00,46.00,-891.00
[21:19:01.872] -1020.00,112.00,-956.00
[21:19:01.910] -912.00,205.00,-1010.00
[21:19:01.953] -756.00,321.00,-1077.00
[21:19:01.992] -567.00,390.00,-1201.00
[21:19:02.033] -306.00,418.00,-1427.00
[21:19:02.057] -98.00,276.00,-1693.00
[21:19:02.111] 27.00,65.00,-1941.00
[21:19:02.141] 86.00,-218.00,-2126.00
[21:19:02.190] 88.00,-471.00,-2232.00
[21:19:02.230] 68.00,-925.00,-2315.00
[21:19:02.272] 73.00,-1086.00,-2317.00
[21:19:02.310] -66.00,-1562.00,-2180.00
[21:19:02.340] -206.00,-1752.00,-2036.00
[21:19:02.390] -423.00,-1923.00,-1837.00
[21:19:02.430] -611.00,-2027.00,-1580.00
[21:19:02.500] -770.00,-2101.00,-1267.00
[21:19:02.503] -758.00,-2177.00,-937.00
[21:19:02.587] -626.00,-2232.00,-566.00
[21:19:02.590] -426.00,-2216.00,-257.00
[21:19:02.667] -173.00,-2170.00,-2.00
[21:19:02.667] 35.00,-2113.00,107.00
[21:19:02.711] 213.00,-2047.00,218.00
[21:19:02.751] 313.00,-2001.00,247.00
[21:19:02.792] 442.00,-1755.00,432.00
[21:19:02.834] 393.00,-1431.00,590.00
[21:19:02.873] 273.00,-1133.00,665.00
[21:19:02.911] 115.00,-830.00,697.00
[21:19:02.949] -106.00,-582.00,672.00
[21:19:02.991] -203.00,-518.00,633.00
[21:19:03.033] -308.00,-426.00,577.00
