# Serial Log - 2026-04-18T17:00:51.763410
# Port: COM36 @ 115200bps
#============================================================
[17:00:51.777] -748.00,-1020.00,-2427.00
[17:00:51.822] -753.00,-1032.00,-2427.00
[17:00:51.856] -772.00,-1020.00,-2422.00
[17:00:51.900] -753.00,-1030.00,-2410.00
[17:00:51.933] -758.00,-1027.00,-2415.00
[17:00:51.977] -753.00,-1035.00,-2412.00
[17:00:52.023] -751.00,-1030.00,-2400.00
[17:00:52.055] -746.00,-1017.00,-2405.00
[17:00:52.100] -751.00,-1027.00,-2420.00
[17:00:52.132] -767.00,-1032.00,-2412.00
[17:00:52.178] -765.00,-1017.00,-2407.00
[17:00:52.222] -743.00,-1027.00,-2400.00
[17:00:52.255] -743.00,-1003.00,-2373.00
[17:00:52.299] -777.00,-1032.00,-2427.00
[17:00:52.333] -767.00,-1048.00,-2415.00
[17:00:52.376] -741.00,-1017.00,-2371.00
[17:00:52.422] -761.00,-1027.00,-2412.00
[17:00:52.456] -746.00,-1017.00,-2407.00
[17:00:52.500] -761.00,-1035.00,-2417.00
[17:00:52.533] -758.00,-1027.00,-2407.00
[17:00:52.577] -772.00,-1017.00,-2415.00
[17:00:52.622] -756.00,-1027.00,-2415.00
[17:00:52.656] -753.00,-1027.00,-2407.00
[17:00:52.700] -758.00,-1008.00,-2400.00
[17:00:52.734] -746.00,-1035.00,-2410.00
[17:00:52.777] -756.00,-1012.00,-2376.00
[17:00:52.823] -770.00,-1017.00,-2410.00
[17:00:52.857] -765.00,-1030.00,-2410.00
[17:00:52.900] -741.00,-1012.00,-2378.00
[17:00:52.934] -741.00,-1012.00,-2363.00
[17:00:52.978] -748.00,-1038.00,-2402.00
[17:00:53.012] -748.00,-1012.00,-2373.00
[17:00:53.056] -758.00,-1020.00,-2405.00
[17:00:53.099] -756.00,-1027.00,-2407.00
[17:00:53.133] -765.00,-1025.00,-2395.00
[17:00:53.176] -767.00,-1025.00,-2415.00
[17:00:53.212] -753.00,-1032.00,-2410.00
[17:00:53.256] -758.00,-1027.00,-2415.00
[17:00:53.300] -753.00,-1046.00,-2412.00
[17:00:53.333] -770.00,-1030.00,-2407.00
[17:00:53.377] -756.00,-1030.00,-2417.00
[17:00:53.413] -775.00,-1032.00,-2412.00
[17:00:53.456] -753.00,-1027.00,-2420.00
[17:00:53.500] -753.00,-1027.00,-2410.00
[17:00:53.534] -765.00,-1032.00,-2405.00
[17:00:53.578] -758.00,-1035.00,-2412.00
[17:00:53.613] -753.00,-1032.00,-2410.00
[17:00:53.657] -765.00,-1025.00,-2405.00
[17:00:53.701] -761.00,-1030.00,-2410.00
[17:00:53.734] -761.00,-1030.00,-2410.00
[17:00:53.778] -765.00,-1038.00,-2417.00
[17:00:53.812] -748.00,-1038.00,-2371.00
[17:00:53.857] -748.00,-1025.00,-2415.00
[17:00:53.899] -756.00,-1038.00,-2415.00
[17:00:53.933] -758.00,-1025.00,-2417.00
[17:00:53.977] -736.00,-1020.00,-2402.00
[17:00:54.012] -761.00,-1027.00,-2412.00
[17:00:54.056] -751.00,-1027.00,-2410.00
[17:00:54.100] -767.00,-1020.00,-2407.00
[17:00:54.134] -753.00,-1020.00,-2412.00
[17:00:54.177] -756.00,-1030.00,-2405.00
[17:00:54.213] -758.00,-1032.00,-2420.00
[17:00:54.257] -738.00,-1003.00,-2373.00
[17:00:54.300] -751.00,-1030.00,-2400.00
[17:00:54.334] -765.00,-1020.00,-2405.00
[17:00:54.378] -756.00,-1025.00,-2412.00
[17:00:54.414] -761.00,-1027.00,-2407.00
[17:00:54.457] -770.00,-1025.00,-2402.00
[17:00:54.501] -767.00,-1025.00,-2407.00
[17:00:54.535] -748.00,-1015.00,-2407.00
[17:00:54.578] -765.00,-1032.00,-2412.00
[17:00:54.612] -767.00,-1043.00,-2415.00
[17:00:54.658] -751.00,-1032.00,-2415.00
[17:00:54.702] -758.00,-1027.00,-2417.00
[17:00:54.734] -756.00,-1038.00,-2410.00
[17:00:54.777] -758.00,-1030.00,-2425.00
[17:00:54.813] -758.00,-1030.00,-2412.00
[17:00:54.857] -738.00,-1025.00,-2410.00
[17:00:54.900] -748.00,-1035.00,-2407.00
[17:00:54.934] -770.00,-1032.00,-2412.00
[17:00:54.978] -748.00,-1017.00,-2412.00
[17:00:55.013] -756.00,-1020.00,-2415.00
[17:00:55.057] -756.00,-1030.00,-2415.00
[17:00:55.101] -756.00,-1020.00,-2407.00
[17:00:55.134] -751.00,-1035.00,-2405.00
[17:00:55.178] -767.00,-1027.00,-2417.00
[17:00:55.214] -761.00,-1041.00,-2415.00
[17:00:55.258] -761.00,-1022.00,-2415.00
[17:00:55.301] -756.00,-1022.00,-2415.00
[17:00:55.335] -746.00,-1027.00,-2407.00
[17:00:55.379] -743.00,-1035.00,-2405.00
[17:00:55.413] -767.00,-1012.00,-2400.00
[17:00:55.456] -761.00,-1030.00,-2412.00
[17:00:55.502] -758.00,-1030.00,-2412.00
[17:00:55.534] -765.00,-1043.00,-2425.00
[17:00:55.577] -751.00,-1038.00,-2415.00
[17:00:55.613] -761.00,-1027.00,-2410.00
[17:00:55.657] -758.00,-1025.00,-2417.00
[17:00:55.700] -767.00,-1030.00,-2407.00
[17:00:55.734] -758.00,-1038.00,-2420.00
[17:00:55.778] -761.00,-1025.00,-2415.00
[17:00:55.814] -758.00,-1030.00,-2415.00
[17:00:55.857] -758.00,-1022.00,-2402.00
[17:00:55.901] -753.00,-1032.00,-2402.00
[17:00:55.935] -753.00,-1035.00,-2415.00
[17:00:55.978] -756.00,-1038.00,-2405.00
[17:00:56.014] -758.00,-1020.00,-2412.00
[17:00:56.058] -761.00,-1017.00,-2405.00
[17:00:56.101] -741.00,-1022.00,-2410.00
[17:00:56.135] -753.00,-1017.00,-2415.00
[17:00:56.179] -758.00,-1025.00,-2415.00
[17:00:56.213] -767.00,-1035.00,-2422.00
[17:00:56.258] -761.00,-1020.00,-2412.00
[17:00:56.302] -746.00,-1020.00,-2405.00
[17:00:56.334] -761.00,-1032.00,-2410.00
[17:00:56.379] -758.00,-1022.00,-2417.00
[17:00:56.413] -753.00,-1032.00,-2420.00
[17:00:56.457] -746.00,-1035.00,-2422.00
[17:00:56.501] -733.00,-1017.00,-2371.00
[17:00:56.534] -746.00,-1012.00,-2371.00
[17:00:56.578] -751.00,-1012.00,-2376.00
[17:00:56.614] -756.00,-1030.00,-2402.00
[17:00:56.657] -753.00,-1030.00,-2417.00
[17:00:56.701] -767.00,-1020.00,-2410.00
[17:00:56.735] -756.00,-1025.00,-2412.00
[17:00:56.778] -746.00,-1008.00,-2371.00
[17:00:56.814] -733.00,-1015.00,-2376.00
[17:00:56.858] -751.00,-1025.00,-2405.00
[17:00:56.902] -738.00,-1008.00,-2395.00
[17:00:56.935] -751.00,-1035.00,-2405.00
[17:00:56.979] -746.00,-1030.00,-2405.00
[17:00:57.015] -748.00,-1027.00,-2412.00
[17:00:57.058] -733.00,-1025.00,-2402.00
[17:00:57.102] -741.00,-1035.00,-2407.00
[17:00:57.134] -751.00,-1022.00,-2417.00
[17:00:57.179] -751.00,-1038.00,-2407.00
[17:00:57.213] -746.00,-1032.00,-2410.00
[17:00:57.257] -753.00,-1035.00,-2407.00
[17:00:57.301] -743.00,-1048.00,-2410.00
[17:00:57.335] -743.00,-1017.00,-2407.00
[17:00:57.378] -746.00,-1008.00,-2410.00
[17:00:57.414] -746.00,-1025.00,-2402.00
[17:00:57.458] -743.00,-1025.00,-2405.00
[17:00:57.501] -753.00,-1038.00,-2402.00
[17:00:57.535] -751.00,-1008.00,-2392.00
[17:00:57.579] -743.00,-1008.00,-2402.00
[17:00:57.614] -746.00,-1027.00,-2405.00
[17:00:57.658] -741.00,-1008.00,-2363.00
[17:00:57.702] -746.00,-1012.00,-2366.00
[17:00:57.735] -743.00,-1030.00,-2410.00
[17:00:57.779] -746.00,-998.00,-2366.00
[17:00:57.815] -733.00,-1020.00,-2397.00
[17:00:57.859] -756.00,-1003.00,-2400.00
[17:00:57.902] -751.00,-1017.00,-2402.00
[17:00:57.934] -767.00,-1022.00,-2412.00
[17:00:57.980] -748.00,-1015.00,-2386.00
[17:00:58.014] -746.00,-1001.00,-2358.00
[17:00:58.057] -751.00,-1012.00,-2345.00
[17:00:58.101] -761.00,-1025.00,-2405.00
[17:00:58.135] -761.00,-1025.00,-2405.00
[17:00:58.179] -758.00,-1032.00,-2397.00
[17:00:58.214] -758.00,-1015.00,-2405.00
[17:00:58.258] -756.00,-1025.00,-2392.00
[17:00:58.302] -736.00,-998.00,-2358.00
[17:00:58.335] -733.00,-993.00,-2356.00
[17:00:58.379] -733.00,-998.00,-2361.00
[17:00:58.415] -743.00,-1025.00,-2397.00
[17:00:58.458] -753.00,-1015.00,-2392.00
[17:00:58.502] -761.00,-1020.00,-2392.00
[17:00:58.536] -743.00,-1003.00,-2395.00
[17:00:58.579] -741.00,-998.00,-2368.00
[17:00:58.613] -753.00,-1022.00,-2410.00
[17:00:58.659] -761.00,-1025.00,-2412.00
[17:00:58.702] -756.00,-1012.00,-2388.00
[17:00:58.734] -758.00,-1020.00,-2402.00
[17:00:58.778] -758.00,-1020.00,-2412.00
[17:00:58.814] -770.00,-1035.00,-2425.00
[17:00:58.857] -765.00,-1030.00,-2405.00
[17:00:58.901] -756.00,-1025.00,-2397.00
[17:00:58.935] -753.00,-1025.00,-2392.00
[17:00:58.979] -743.00,-1032.00,-2395.00
[17:00:59.014] -761.00,-1025.00,-2405.00
[17:00:59.058] -765.00,-1020.00,-2383.00
[17:00:59.102] -753.00,-1012.00,-2368.00
[17:00:59.135] -765.00,-1017.00,-2412.00
[17:00:59.179] -756.00,-1017.00,-2402.00
[17:00:59.215] -758.00,-1038.00,-2412.00
[17:00:59.258] -756.00,-1020.00,-2402.00
[17:00:59.303] -758.00,-1022.00,-2392.00
[17:00:59.336] -758.00,-1027.00,-2412.00
[17:00:59.380] -765.00,-1020.00,-2412.00
[17:00:59.414] -753.00,-1017.00,-2407.00
[17:00:59.457] -775.00,-1015.00,-2395.00
[17:00:59.503] -765.00,-1032.00,-2392.00
[17:00:59.535] -777.00,-1008.00,-2395.00
[17:00:59.578] -756.00,-1025.00,-2412.00
[17:00:59.614] -756.00,-1025.00,-2415.00
[17:00:59.658] -761.00,-1015.00,-2407.00
[17:00:59.701] -772.00,-1025.00,-2415.00
[17:00:59.735] -758.00,-1022.00,-2405.00
[17:00:59.779] -751.00,-1006.00,-2400.00
[17:00:59.814] -765.00,-1006.00,-2392.00
[17:00:59.858] -743.00,-1012.00,-2371.00
[17:00:59.902] -761.00,-1030.00,-2400.00
[17:00:59.935] -767.00,-1020.00,-2405.00
[17:00:59.979] -748.00,-1001.00,-2381.00
[17:01:00.015] -741.00,-1008.00,-2363.00
[17:01:00.059] -753.00,-1012.00,-2376.00
[17:01:00.102] -751.00,-1006.00,-2358.00
[17:01:00.136] -758.00,-996.00,-2363.00
[17:01:00.180] -761.00,-1032.00,-2405.00
[17:01:00.214] -761.00,-1017.00,-2407.00
[17:01:00.259] -748.00,-1012.00,-2410.00
[17:01:00.303] -748.00,-1006.00,-2368.00
[17:01:00.335] -748.00,-998.00,-2358.00
[17:01:00.378] -751.00,-1022.00,-2402.00
[17:01:00.414] -753.00,-1025.00,-2400.00
[17:01:00.458] -761.00,-1020.00,-2407.00
[17:01:00.501] -743.00,-1001.00,-2361.00
[17:01:00.535] -728.00,-1001.00,-2373.00
[17:01:00.579] -761.00,-1025.00,-2415.00
[17:01:00.615] -753.00,-993.00,-2371.00
[17:01:00.658] -748.00,-993.00,-2363.00
[17:01:00.702] -738.00,-996.00,-2371.00
[17:01:00.736] -767.00,-1027.00,-2405.00
[17:01:00.779] -751.00,-1015.00,-2397.00
[17:01:00.815] -758.00,-1012.00,-2412.00
[17:01:00.859] -753.00,-1015.00,-2397.00
[17:01:00.902] -765.00,-1025.00,-2397.00
[17:01:00.936] -756.00,-1025.00,-2407.00
[17:01:00.980] -746.00,-1032.00,-2395.00
[17:01:01.014] -746.00,-1012.00,-2412.00
[17:01:01.058] -758.00,-1025.00,-2407.00
[17:01:01.103] -770.00,-1030.00,-2405.00
[17:01:01.135] -753.00,-1030.00,-2412.00
[17:01:01.179] -756.00,-1015.00,-2405.00
[17:01:01.214] -770.00,-1022.00,-2407.00
[17:01:01.258] -741.00,-1006.00,-2358.00
[17:01:01.302] -741.00,-1012.00,-2373.00
[17:01:01.336] -756.00,-1027.00,-2407.00
[17:01:01.379] -756.00,-1012.00,-2400.00
[17:01:01.415] -758.00,-1038.00,-2410.00
[17:01:01.458] -751.00,-1020.00,-2392.00
[17:01:01.502] -748.00,-1015.00,-2395.00
[17:01:01.536] -758.00,-1017.00,-2407.00
[17:01:01.579] -770.00,-1030.00,-2412.00
[17:01:01.615] -756.00,-1017.00,-2373.00
[17:01:01.659] -748.00,-1006.00,-2368.00
[17:01:01.702] -753.00,-1017.00,-2410.00
[17:01:01.736] -756.00,-1020.00,-2405.00
[17:01:01.780] -748.00,-1008.00,-2363.00
[17:01:01.815] -761.00,-1020.00,-2407.00
[17:01:01.859] -748.00,-1003.00,-2371.00
[17:01:01.903] -746.00,-1001.00,-2368.00
[17:01:01.936] -756.00,-1015.00,-2407.00
[17:01:01.980] -770.00,-1030.00,-2422.00
[17:01:02.014] -756.00,-1030.00,-2407.00
[17:01:02.058] -761.00,-1027.00,-2412.00
[17:01:02.103] -758.00,-1020.00,-2405.00
[17:01:02.135] -758.00,-1012.00,-2371.00
[17:01:02.179] -772.00,-1001.00,-2397.00
[17:01:02.215] -746.00,-1012.00,-2376.00
[17:01:02.258] -748.00,-1012.00,-2368.00
[17:01:02.302] -756.00,-1008.00,-2373.00
[17:01:02.336] -743.00,-998.00,-2363.00
[17:01:02.379] -741.00,-1006.00,-2363.00
[17:01:02.415] -761.00,-1022.00,-2358.00
[17:01:02.459] -767.00,-1017.00,-2407.00
[17:01:02.493] -767.00,-1017.00,-2407.00
[17:01:02.536] -765.00,-1030.00,-2410.00
[17:01:02.580] -765.00,-1012.00,-2407.00
[17:01:02.616] -761.00,-1022.00,-2405.00
[17:01:02.659] -753.00,-1012.00,-2366.00
[17:01:02.693] -756.00,-1025.00,-2402.00
[17:01:02.737] -758.00,-1015.00,-2400.00
[17:01:02.780] -746.00,-1006.00,-2358.00
[17:01:02.814] -746.00,-1025.00,-2400.00
[17:01:02.860] -767.00,-1025.00,-2415.00
[17:01:02.892] -743.00,-1027.00,-2400.00
[17:01:02.937] -738.00,-1006.00,-2358.00
[17:01:02.979] -765.00,-1022.00,-2402.00
[17:01:03.015] -767.00,-1017.00,-2410.00
[17:01:03.059] -767.00,-985.00,-2371.00
[17:01:03.092] -758.00,-1012.00,-2402.00
[17:01:03.136] -746.00,-1008.00,-2371.00
[17:01:03.180] -741.00,-998.00,-2358.00
[17:01:03.215] -758.00,-1027.00,-2402.00
[17:01:03.259] -743.00,-1003.00,-2358.00
[17:01:03.293] -756.00,-1020.00,-2402.00
[17:01:03.337] -748.00,-1003.00,-2351.00
[17:01:03.380] -743.00,-1012.00,-2363.00
[17:01:03.416] -767.00,-1020.00,-2405.00
[17:01:03.460] -761.00,-1025.00,-2415.00
[17:01:03.493] -782.00,-1025.00,-2405.00
[17:01:03.535] -770.00,-1030.00,-2405.00
[17:01:03.580] -756.00,-1015.00,-2405.00
[17:01:03.615] -753.00,-1012.00,-2397.00
[17:01:03.658] -761.00,-1020.00,-2405.00
[17:01:03.692] -746.00,-1032.00,-2395.00
[17:01:03.736] -753.00,-1025.00,-2400.00
[17:01:03.780] -758.00,-1020.00,-2388.00
[17:01:03.815] -758.00,-1027.00,-2412.00
[17:01:03.859] -770.00,-1038.00,-2407.00
[17:01:03.893] -758.00,-1035.00,-2397.00
[17:01:03.936] -743.00,-1001.00,-2373.00
[17:01:03.980] -767.00,-1027.00,-2402.00
[17:01:04.016] -767.00,-1030.00,-2395.00
[17:01:04.060] -751.00,-1015.00,-2358.00
[17:01:04.093] -761.00,-1017.00,-2400.00
[17:01:04.137] -767.00,-1015.00,-2410.00
[17:01:04.181] -741.00,-1008.00,-2363.00
[17:01:04.216] -761.00,-1025.00,-2400.00
[17:01:04.260] -751.00,-1003.00,-2356.00
[17:01:04.294] -748.00,-1003.00,-2366.00
[17:01:04.337] -758.00,-996.00,-2347.00
[17:01:04.381] -736.00,-993.00,-2353.00
[17:01:04.415] -761.00,-1027.00,-2412.00
[17:01:04.459] -746.00,-1008.00,-2371.00
[17:01:04.492] -746.00,-996.00,-2366.00
[17:01:04.536] -758.00,-1017.00,-2405.00
[17:01:04.580] -748.00,-1015.00,-2400.00
[17:01:04.615] -767.00,-1022.00,-2400.00
[17:01:04.660] -765.00,-1015.00,-2402.00
[17:01:04.693] -767.00,-1017.00,-2400.00
[17:01:04.736] -775.00,-1017.00,-2405.00
[17:01:04.781] -761.00,-1025.00,-2405.00
[17:01:04.816] -746.00,-1003.00,-2368.00
[17:01:04.860] -736.00,-1008.00,-2353.00
[17:01:04.894] -756.00,-1015.00,-2402.00
[17:01:04.938] -751.00,-1001.00,-2366.00
[17:01:04.981] -767.00,-1017.00,-2410.00
[17:01:05.017] -746.00,-1022.00,-2415.00
[17:01:05.060] -753.00,-1025.00,-2397.00
[17:01:05.094] -761.00,-1017.00,-2407.00
[17:01:05.138] -767.00,-1025.00,-2402.00
[17:01:05.181] -741.00,-1008.00,-2356.00
[17:01:05.216] -746.00,-1020.00,-2400.00
[17:01:05.259] -770.00,-1020.00,-2397.00
[17:01:05.293] -761.00,-1030.00,-2402.00
[17:01:05.337] -761.00,-1027.00,-2400.00
[17:01:05.383] -770.00,-1015.00,-2392.00
[17:01:05.416] -761.00,-1027.00,-2405.00
[17:01:05.461] -770.00,-1032.00,-2412.00
[17:01:05.493] -772.00,-1008.00,-2407.00
[17:01:05.537] -751.00,-1022.00,-2415.00
[17:01:05.581] -770.00,-1017.00,-2405.00
[17:01:05.616] -770.00,-1035.00,-2402.00
[17:01:05.660] -787.00,-1032.00,-2407.00
[17:01:05.694] -743.00,-1008.00,-2378.00
[17:01:05.737] -756.00,-1025.00,-2410.00
[17:01:05.781] -741.00,-1035.00,-2400.00
[17:01:05.817] -761.00,-1008.00,-2400.00
[17:01:05.861] -761.00,-1015.00,-2402.00
[17:01:05.894] -746.00,-1012.00,-2371.00
[17:01:05.938] -767.00,-1022.00,-2410.00
[17:01:05.982] -751.00,-1008.00,-2361.00
[17:01:06.016] -748.00,-1006.00,-2366.00
[17:01:06.059] -782.00,-1035.00,-2392.00
[17:01:06.093] -748.00,-1006.00,-2415.00
[17:01:06.137] -767.00,-1020.00,-2402.00
[17:01:06.181] -751.00,-1015.00,-2388.00
[17:01:06.216] -765.00,-1025.00,-2400.00
[17:01:06.260] -756.00,-1020.00,-2410.00
[17:01:06.293] -756.00,-1025.00,-2388.00
[17:01:06.337] -761.00,-1015.00,-2400.00
[17:01:06.381] -738.00,-1008.00,-2371.00
[17:01:06.417] -767.00,-1020.00,-2410.00
[17:01:06.461] -761.00,-1020.00,-2400.00
[17:01:06.494] -756.00,-1020.00,-2395.00
[17:01:06.538] -770.00,-1025.00,-2410.00
[17:01:06.582] -770.00,-1022.00,-2412.00
[17:01:06.618] -758.00,-1003.00,-2383.00
[17:01:06.661] -765.00,-1022.00,-2410.00
[17:01:06.694] -767.00,-1025.00,-2407.00
[17:01:06.738] -770.00,-1020.00,-2410.00
[17:01:06.783] -753.00,-1008.00,-2392.00
[17:01:06.817] -772.00,-1012.00,-2381.00
[17:01:06.860] -756.00,-1008.00,-2373.00
[17:01:06.895] -756.00,-1008.00,-2373.00
[17:01:06.938] -758.00,-1015.00,-2405.00
[17:01:06.981] -767.00,-1030.00,-2395.00
[17:01:07.017] -767.00,-1027.00,-2405.00
[17:01:07.060] -741.00,-996.00,-2361.00
[17:01:07.094] -751.00,-1012.00,-2363.00
[17:01:07.139] -751.00,-1035.00,-2388.00
[17:01:07.182] -767.00,-1017.00,-2405.00
[17:01:07.218] -753.00,-1008.00,-2371.00
[17:01:07.261] -772.00,-1008.00,-2400.00
[17:01:07.294] -756.00,-1015.00,-2392.00
[17:01:07.338] -761.00,-1017.00,-2402.00
[17:01:07.382] -758.00,-1022.00,-2412.00
[17:01:07.417] -770.00,-1015.00,-2410.00
[17:01:07.461] -770.00,-1030.00,-2412.00
[17:01:07.494] -761.00,-1025.00,-2407.00
[17:01:07.539] -753.00,-1017.00,-2402.00
[17:01:07.583] -753.00,-1020.00,-2397.00
[17:01:07.616] -738.00,-1006.00,-2358.00
[17:01:07.660] -761.00,-1008.00,-2395.00
[17:01:07.694] -751.00,-1003.00,-2400.00
[17:01:07.737] -761.00,-1008.00,-2397.00
[17:01:07.782] -741.00,-1012.00,-2373.00
[17:01:07.818] -756.00,-1006.00,-2400.00
[17:01:07.861] -767.00,-1025.00,-2410.00
[17:01:07.894] -770.00,-1032.00,-2405.00
[17:01:07.938] -767.00,-1020.00,-2405.00
[17:01:07.982] -770.00,-1020.00,-2405.00
[17:01:08.017] -772.00,-1017.00,-2407.00
[17:01:08.061] -765.00,-1017.00,-2407.00
[17:01:08.095] -761.00,-1025.00,-2402.00
[17:01:08.139] -758.00,-1012.00,-2400.00
[17:01:08.182] -770.00,-1027.00,-2405.00
[17:01:08.218] -770.00,-1027.00,-2405.00
[17:01:08.263] -758.00,-1017.00,-2400.00
[17:01:08.295] -756.00,-1020.00,-2412.00
[17:01:08.339] -765.00,-1027.00,-2405.00
[17:01:08.383] -761.00,-1025.00,-2402.00
[17:01:08.418] -751.00,-1030.00,-2402.00
[17:01:08.462] -775.00,-1043.00,-2405.00
[17:01:08.494] -758.00,-1035.00,-2388.00
[17:01:08.539] -756.00,-993.00,-2386.00
[17:01:08.582] -753.00,-1008.00,-2402.00
[17:01:08.617] -767.00,-1017.00,-2407.00
[17:01:08.661] -758.00,-1012.00,-2407.00
[17:01:08.695] -761.00,-1020.00,-2388.00
[17:01:08.739] -751.00,-1027.00,-2402.00
[17:01:08.782] -748.00,-1025.00,-2405.00
[17:01:08.818] -758.00,-1022.00,-2407.00
[17:01:08.861] -765.00,-1025.00,-2410.00
[17:01:08.895] -761.00,-1017.00,-2400.00
[17:01:08.939] -765.00,-1015.00,-2412.00
[17:01:08.982] -758.00,-1027.00,-2410.00
[17:01:09.018] -743.00,-1022.00,-2402.00
[17:01:09.061] -751.00,-1020.00,-2397.00
[17:01:09.095] -743.00,-1008.00,-2402.00
[17:01:09.139] -751.00,-1025.00,-2395.00
[17:01:09.183] -770.00,-1022.00,-2392.00
[17:01:09.219] -772.00,-1030.00,-2410.00
[17:01:09.262] -746.00,-1020.00,-2407.00
[17:01:09.294] -741.00,-1022.00,-2415.00
[17:01:09.339] -756.00,-1017.00,-2407.00
[17:01:09.383] -746.00,-996.00,-2353.00
[17:01:09.417] -765.00,-1030.00,-2405.00
[17:01:09.461] -758.00,-1012.00,-2400.00
[17:01:09.495] -743.00,-1006.00,-2361.00
[17:01:09.538] -751.00,-991.00,-2378.00
[17:01:09.583] -746.00,-998.00,-2373.00
[17:01:09.618] -751.00,-1020.00,-2405.00
[17:01:09.664] -743.00,-1008.00,-2402.00
[17:01:09.695] -756.00,-1015.00,-2395.00
[17:01:09.739] -761.00,-1017.00,-2405.00
[17:01:09.782] -743.00,-1012.00,-2358.00
[17:01:09.818] -756.00,-1030.00,-2410.00
[17:01:09.862] -770.00,-1017.00,-2410.00
[17:01:09.896] -758.00,-1032.00,-2405.00
[17:01:09.939] -758.00,-1025.00,-2407.00
[17:01:09.983] -758.00,-1020.00,-2402.00
[17:01:10.018] -743.00,-1012.00,-2358.00
[17:01:10.062] -765.00,-1017.00,-2397.00
[17:01:10.096] -756.00,-1022.00,-2405.00
[17:01:10.139] -758.00,-1030.00,-2402.00
[17:01:10.172] -756.00,-1030.00,-2395.00
[17:01:10.217] -775.00,-1025.00,-2405.00
[17:01:10.261] -756.00,-1020.00,-2417.00
[17:01:10.295] -758.00,-1022.00,-2405.00
[17:01:10.339] -756.00,-1003.00,-2351.00
[17:01:10.373] -728.00,-1001.00,-2342.00
[17:01:10.418] -761.00,-1027.00,-2410.00
[17:01:10.462] -758.00,-1022.00,-2397.00
[17:01:10.496] -756.00,-1032.00,-2415.00
[17:01:10.539] -753.00,-1025.00,-2402.00
[17:01:10.573] -765.00,-1022.00,-2397.00
[17:01:10.618] -761.00,-1022.00,-2400.00
[17:01:10.662] -761.00,-1015.00,-2405.00
[17:01:10.696] -761.00,-1025.00,-2402.00
[17:01:10.739] -758.00,-1035.00,-2407.00
[17:01:10.773] -756.00,-1020.00,-2407.00
[17:01:10.819] -765.00,-1017.00,-2405.00
[17:01:10.863] -765.00,-1022.00,-2402.00
[17:01:10.896] -758.00,-1025.00,-2405.00
[17:01:10.940] -765.00,-1025.00,-2405.00
[17:01:10.973] -756.00,-1015.00,-2407.00
[17:01:11.018] -770.00,-1020.00,-2405.00
[17:01:11.063] -756.00,-1022.00,-2407.00
[17:01:11.095] -756.00,-1012.00,-2402.00
[17:01:11.139] -756.00,-1015.00,-2400.00
[17:01:11.173] -761.00,-1022.00,-2405.00
[17:01:11.219] -758.00,-1030.00,-2388.00
[17:01:11.262] -758.00,-1017.00,-2402.00
[17:01:11.296] -767.00,-1015.00,-2412.00
[17:01:11.339] -777.00,-1027.00,-2417.00
[17:01:11.373] -753.00,-1027.00,-2410.00
[17:01:11.419] -767.00,-1027.00,-2405.00
[17:01:11.463] -758.00,-1027.00,-2415.00
[17:01:11.496] -758.00,-1022.00,-2410.00
[17:01:11.539] -756.00,-1027.00,-2395.00
[17:01:11.573] -775.00,-1035.00,-2400.00
[17:01:11.619] -746.00,-1038.00,-2407.00
[17:01:11.662] -751.00,-1030.00,-2415.00
[17:01:11.696] -758.00,-1008.00,-2400.00
[17:01:11.740] -751.00,-1020.00,-2412.00
[17:01:11.773] -756.00,-1025.00,-2412.00
[17:01:11.819] -758.00,-1030.00,-2397.00
[17:01:11.863] -758.00,-1020.00,-2405.00
[17:01:11.896] -756.00,-1027.00,-2407.00
[17:01:11.940] -775.00,-1030.00,-2402.00
[17:01:11.972] -767.00,-1022.00,-2388.00
[17:01:12.018] -765.00,-1022.00,-2402.00
[17:01:12.063] -753.00,-1030.00,-2397.00
[17:01:12.095] -748.00,-1020.00,-2412.00
[17:01:12.139] -765.00,-1017.00,-2405.00
[17:01:12.173] -767.00,-1025.00,-2407.00
[17:01:12.219] -765.00,-1022.00,-2397.00
[17:01:12.252] -761.00,-1030.00,-2407.00
[17:01:12.296] -770.00,-1032.00,-2397.00
[17:01:12.340] -761.00,-1027.00,-2402.00
[17:01:12.373] -756.00,-1017.00,-2392.00
