# Serial Log - 2026-04-18T17:53:45.760586
# Port: COM36 @ 115200bps
#============================================================
[17:53:45.786] imu_att:-0.015,-0.003,-0.047,-176.864,0.515,0.600
[17:53:45.826] imu_att:-0.002,0.001,-0.048,-176.094,0.882,0.617
[17:53:45.865] imu_att:-0.003,-0.002,-0.048,-176.595,0.548,0.604
[17:53:45.905] imu_att:0.005,-0.008,-0.049,-176.105,0.798,0.617
[17:53:45.944] imu_att:0.010,-0.004,-0.052,-176.016,1.196,0.702
[17:53:45.986] imu_att:0.004,-0.021,-0.052,-176.630,0.415,0.684
[17:53:46.026] imu_att:-0.001,-0.017,-0.052,-176.600,0.479,0.649
[17:53:46.065] imu_att:-0.024,-0.017,-0.052,-176.809,0.524,0.643
[17:53:46.106] imu_att:-0.021,-0.010,-0.052,-176.287,0.838,0.610
[17:53:46.146] imu_att:-0.019,0.004,-0.053,-177.503,0.038,0.570
[17:53:46.185] imu_att:-0.018,-0.004,-0.054,-176.182,0.864,0.576
[17:53:46.225] imu_att:-0.019,-0.007,-0.054,-176.741,0.618,0.579
[17:53:46.265] imu_att:-0.000,-0.003,-0.056,-176.882,0.468,0.565
[17:53:46.306] imu_att:-0.024,-0.001,-0.056,-177.715,0.368,0.615
[17:53:46.346] imu_att:-0.025,0.008,-0.056,-177.664,-0.385,0.462
[17:53:46.385] imu_att:-0.014,0.008,-0.058,-175.968,1.219,0.536
[17:53:46.425] imu_att:-0.007,0.010,-0.061,-176.651,0.721,0.611
[17:53:46.466] imu_att:-0.002,0.017,-0.064,-176.856,0.429,0.600
[17:53:46.506] imu_att:-0.007,0.006,-0.064,-176.899,0.449,0.570
[17:53:46.545] imu_att:-0.003,0.008,-0.064,-176.406,0.652,0.564
[17:53:46.585] imu_att:0.002,-0.003,-0.067,-175.487,1.457,0.643
[17:53:46.626] imu_att:-0.018,0.007,-0.066,-176.075,0.872,0.681
[17:53:46.666] imu_att:-0.019,-0.006,-0.066,-176.908,0.283,0.670
[17:53:46.705] imu_att:-0.014,0.001,-0.067,-176.587,0.694,0.647
[17:53:46.745] imu_att:-0.012,0.005,-0.069,-175.835,1.162,0.697
[17:53:46.785] imu_att:-0.016,0.003,-0.070,-176.543,0.714,0.724
[17:53:46.826] imu_att:0.004,-0.006,-0.070,-176.698,0.412,0.647
[17:53:46.866] imu_att:-0.003,0.002,-0.072,-176.366,0.862,0.661
[17:53:46.905] imu_att:-0.017,0.007,-0.073,-176.662,1.042,0.723
[17:53:46.945] imu_att:-0.017,-0.005,-0.073,-176.407,0.804,0.774
[17:53:46.986] imu_att:-0.018,-0.007,-0.073,-176.869,0.576,0.749
[17:53:47.026] imu_att:-0.001,0.002,-0.074,-177.219,0.164,0.647
[17:53:47.065] imu_att:-0.024,-0.008,-0.074,-175.829,0.811,0.598
[17:53:47.105] imu_att:-0.015,-0.006,-0.074,-176.157,0.838,0.632
[17:53:47.146] imu_att:0.014,0.012,-0.075,-176.033,1.013,0.669
[17:53:47.186] imu_att:0.006,0.016,-0.076,-176.982,0.466,0.691
[17:53:47.225] imu_att:-0.003,0.001,-0.077,-176.577,0.481,0.610
[17:53:47.265] imu_att:-0.013,-0.001,-0.078,-176.039,0.978,0.615
[17:53:47.305] imu_att:-0.018,-0.001,-0.079,-176.610,0.612,0.636
[17:53:47.346] imu_att:-0.001,0.017,-0.081,-176.705,0.567,0.635
[17:53:47.386] imu_att:-0.005,0.003,-0.082,-176.968,0.345,0.607
[17:53:47.425] imu_att:0.008,-0.002,-0.083,-176.682,0.721,0.628
[17:53:47.465] imu_att:-0.001,-0.003,-0.084,-176.331,0.791,0.616
[17:53:47.506] imu_att:-0.010,-0.011,-0.082,-176.732,0.350,0.567
[17:53:47.546] imu_att:0.003,-0.009,-0.082,-177.272,0.276,0.553
[17:53:47.585] imu_att:-0.002,0.007,-0.084,-176.529,0.361,0.510
[17:53:47.625] imu_att:-0.006,-0.001,-0.083,-177.258,0.343,0.492
[17:53:47.666] imu_att:-0.003,0.000,-0.084,-176.852,0.304,0.425
[17:53:47.706] imu_att:-0.009,-0.006,-0.084,-176.422,0.881,0.501
[17:53:47.745] imu_att:0.004,0.001,-0.084,-176.310,0.961,0.613
[17:53:47.785] imu_att:-0.006,-0.003,-0.084,-177.282,0.263,0.626
[17:53:47.826] imu_att:-0.014,0.001,-0.085,-176.963,0.159,0.512
[17:53:47.866] imu_att:0.001,-0.002,-0.086,-176.659,0.440,0.470
[17:53:47.905] imu_att:0.005,0.001,-0.087,-176.341,0.775,0.499
[17:53:47.945] imu_att:-0.001,-0.007,-0.088,-176.725,0.603,0.531
[17:53:47.985] imu_att:-0.018,-0.025,-0.088,-176.477,0.788,0.534
[17:53:48.026] imu_att:-0.011,-0.008,-0.089,-176.648,0.770,0.595
[17:53:48.065] imu_att:-0.010,-0.002,-0.089,-176.677,0.689,0.629
[17:53:48.105] imu_att:-0.016,0.001,-0.090,-176.394,0.868,0.663
[17:53:48.145] imu_att:-0.020,-0.002,-0.092,-176.376,0.886,0.694
[17:53:48.186] imu_att:-0.012,-0.005,-0.093,-176.398,0.805,0.693
[17:53:48.226] imu_att:0.003,0.004,-0.093,-176.472,0.758,0.707
[17:53:48.265] imu_att:-0.009,-0.007,-0.094,-176.387,0.886,0.742
[17:53:48.305] imu_att:0.002,0.010,-0.096,-176.869,0.993,0.799
[17:53:48.346] imu_att:0.005,0.009,-0.096,-177.019,0.258,0.730
[17:53:48.386] imu_att:-0.001,-0.007,-0.097,-176.110,0.800,0.702
[17:53:48.425] imu_att:-0.006,-0.005,-0.098,-176.391,0.752,0.747
[17:53:48.465] imu_att:-0.000,-0.003,-0.100,-176.836,0.502,0.733
[17:53:48.506] imu_att:-0.008,0.002,-0.101,-175.984,0.805,0.697
[17:53:48.546] imu_att:-0.000,-0.010,-0.102,-176.844,0.481,0.705
[17:53:48.585] imu_att:0.002,-0.015,-0.103,-177.416,0.000,0.591
[17:53:48.625] imu_att:0.005,-0.007,-0.104,-177.015,0.319,0.514
[17:53:48.665] imu_att:0.005,0.005,-0.105,-176.617,0.742,0.502
[17:53:48.706] imu_att:-0.003,-0.004,-0.105,-176.375,0.716,0.551
[17:53:48.746] imu_att:-0.012,-0.009,-0.105,-176.675,0.599,0.569
[17:53:48.785] imu_att:-0.010,-0.005,-0.106,-176.355,0.891,0.608
[17:53:48.825] imu_att:-0.007,0.010,-0.107,-177.128,0.223,0.587
[17:53:48.866] imu_att:0.001,0.007,-0.108,-176.282,0.902,0.586
[17:53:48.906] imu_att:0.011,0.009,-0.109,-177.013,0.464,0.607
[17:53:48.945] imu_att:0.020,0.002,-0.109,-176.983,0.349,0.587
[17:53:48.985] imu_att:0.012,-0.004,-0.111,-176.287,0.783,0.614
[17:53:49.025] imu_att:-0.002,-0.007,-0.109,-176.694,0.629,0.636
[17:53:49.066] imu_att:-0.014,-0.009,-0.110,-177.275,0.274,0.623
[17:53:49.106] imu_att:-0.017,-0.016,-0.110,-176.451,0.833,0.612
[17:53:49.145] imu_att:-0.010,-0.015,-0.111,-177.013,0.344,0.594
[17:53:49.185] imu_att:-0.021,-0.007,-0.112,-177.828,0.004,0.501
[17:53:49.225] imu_att:-0.005,-0.010,-0.114,-177.066,0.017,0.389
[17:53:49.266] imu_att:-0.004,-0.003,-0.116,-176.292,0.750,0.408
[17:53:49.305] imu_att:-0.017,-0.002,-0.115,-176.974,0.463,0.418
[17:53:49.345] imu_att:-0.008,0.004,-0.117,-176.560,0.627,0.423
[17:53:49.385] imu_att:0.004,0.006,-0.119,-176.542,0.659,0.463
[17:53:49.426] imu_att:-0.006,0.009,-0.119,-176.536,0.674,0.485
[17:53:49.465] imu_att:-0.017,0.007,-0.120,-176.422,0.710,0.515
[17:53:49.505] imu_att:-0.012,-0.008,-0.121,-176.577,0.559,0.554
[17:53:49.545] imu_att:-0.021,-0.010,-0.121,-176.914,0.603,0.566
[17:53:49.586] imu_att:-0.007,-0.015,-0.122,-176.615,0.595,0.568
[17:53:49.626] imu_att:-0.003,-0.001,-0.121,-177.005,0.311,0.565
[17:53:49.665] imu_att:-0.008,-0.008,-0.122,-176.393,0.659,0.543
[17:53:49.705] imu_att:-0.011,-0.008,-0.123,-178.005,-0.445,0.494
[17:53:49.746] imu_att:-0.015,0.007,-0.123,-176.837,0.059,0.379
[17:53:49.786] imu_att:-0.027,0.004,-0.125,-176.705,0.464,0.382
[17:53:49.826] imu_att:-0.017,-0.008,-0.126,-176.116,0.538,0.352
[17:53:49.865] imu_att:-0.012,-0.002,-0.127,-176.108,1.123,0.474
[17:53:49.905] imu_att:-0.006,-0.009,-0.127,-177.289,0.219,0.468
[17:53:49.946] imu_att:-0.011,-0.019,-0.126,-177.067,0.692,0.487
[17:53:49.986] imu_att:-0.020,-0.012,-0.127,-177.264,0.177,0.457
[17:53:50.025] imu_att:-0.008,0.005,-0.127,-176.403,0.607,0.435
[17:53:50.065] imu_att:-0.012,0.011,-0.128,-176.864,0.423,0.407
[17:53:50.104] imu_att:0.001,-0.001,-0.128,-175.999,0.877,0.402
[17:53:50.146] imu_att:-0.004,-0.002,-0.129,-176.736,0.402,0.332
[17:53:50.186] imu_att:0.000,-0.007,-0.128,-176.348,0.543,0.349
[17:53:50.225] imu_att:0.001,0.003,-0.130,-176.990,0.354,0.368
[17:53:50.265] imu_att:-0.008,0.001,-0.131,-176.618,0.638,0.402
[17:53:50.306] imu_att:-0.002,0.002,-0.132,-176.659,0.538,0.416
[17:53:50.346] imu_att:-0.011,0.007,-0.133,-176.677,0.574,0.444
[17:53:50.385] imu_att:-0.008,0.011,-0.133,-176.834,0.312,0.435
[17:53:50.425] imu_att:0.001,0.009,-0.134,-177.166,0.083,0.413
[17:53:50.464] imu_att:-0.009,0.004,-0.136,-176.616,0.387,0.410
[17:53:50.506] imu_att:-0.012,-0.005,-0.136,-176.976,0.118,0.390
[17:53:50.545] imu_att:0.000,0.001,-0.137,-176.899,0.457,0.409
[17:53:50.585] imu_att:-0.007,0.006,-0.138,-177.685,-0.206,0.392
[17:53:50.626] imu_att:0.005,0.002,-0.141,-176.076,1.040,0.414
[17:53:50.666] imu_att:0.004,0.001,-0.141,-176.600,0.267,0.444
[17:53:50.705] imu_att:0.007,0.009,-0.143,-177.226,0.228,0.419
[17:53:50.745] imu_att:-0.008,0.012,-0.144,-176.844,0.305,0.376
[17:53:50.785] imu_att:-0.005,0.008,-0.144,-176.409,0.860,0.433
[17:53:50.826] imu_att:0.020,-0.000,-0.145,-176.565,0.698,0.500
[17:53:50.866] imu_att:0.018,0.008,-0.146,-176.050,1.134,0.566
[17:53:50.905] imu_att:-0.030,0.026,-0.147,-176.291,1.111,0.696
[17:53:50.945] imu_att:-0.061,0.012,-0.148,-176.116,0.868,0.735
[17:53:50.984] imu_att:-0.059,-0.026,-0.149,-176.391,1.168,0.829
[17:53:51.026] imu_att:-0.052,-0.018,-0.148,-176.341,0.825,0.814
[17:53:51.065] imu_att:-0.048,0.014,-0.149,-176.514,0.608,0.813
[17:53:51.105] imu_att:-0.020,-0.001,-0.152,-176.244,0.778,0.768
[17:53:51.145] imu_att:-0.019,-0.035,-0.155,-176.240,0.790,0.750
[17:53:51.186] imu_att:-0.048,0.014,-0.157,-176.115,0.771,0.725
[17:53:51.226] imu_att:-0.090,0.004,-0.157,-176.281,0.895,0.755
[17:53:51.265] imu_att:-0.042,-0.025,-0.158,-176.407,0.788,0.759
[17:53:51.305] imu_att:-0.041,0.003,-0.160,-175.867,1.468,0.931
[17:53:51.346] imu_att:-0.030,-0.003,-0.160,-174.229,2.465,1.071
[17:53:51.386] imu_att:-0.047,-0.007,-0.159,-174.231,3.281,1.464
[17:53:51.425] imu_att:-0.055,-0.015,-0.160,-174.284,3.049,1.774
[17:53:51.465] imu_att:-0.039,-0.009,-0.161,-173.635,3.839,2.088
[17:53:51.506] imu_att:-0.044,-0.008,-0.160,-173.565,3.411,2.329
[17:53:51.546] imu_att:-0.033,-0.016,-0.160,-174.480,2.676,2.395
[17:53:51.585] imu_att:-0.026,-0.009,-0.160,-174.716,2.469,2.454
[17:53:51.625] imu_att:-0.037,-0.006,-0.160,-174.914,2.392,2.446
[17:53:51.665] imu_att:-0.031,-0.015,-0.161,-175.422,1.703,2.363
[17:53:51.706] imu_att:-0.029,-0.027,-0.161,-175.511,2.039,2.305
[17:53:51.745] imu_att:-0.034,-0.016,-0.162,-175.722,1.587,2.208
[17:53:51.785] imu_att:-0.026,-0.007,-0.163,-175.272,1.748,2.075
[17:53:51.825] imu_att:-0.026,-0.021,-0.164,-175.720,1.824,2.051
[17:53:51.866] imu_att:-0.007,0.003,-0.163,-174.737,2.154,2.008
[17:53:51.906] imu_att:-0.049,0.016,-0.164,-175.025,2.333,2.082
[17:53:51.945] imu_att:-0.017,-0.001,-0.164,-175.479,2.176,2.137
[17:53:51.985] imu_att:-0.019,0.006,-0.168,-175.499,1.776,2.122
[17:53:52.024] imu_att:-0.044,-0.037,-0.170,-176.189,1.113,2.008
[17:53:52.066] imu_att:-0.042,-0.023,-0.173,-175.549,1.649,1.949
[17:53:52.105] imu_att:-0.032,-0.018,-0.175,-175.377,1.825,1.921
[17:53:52.145] imu_att:-0.042,-0.024,-0.175,-176.958,0.773,1.839
[17:53:52.185] imu_att:-0.031,0.003,-0.176,-175.497,1.742,1.784
[17:53:52.226] imu_att:-0.022,0.004,-0.178,-175.851,1.611,1.782
[17:53:52.266] imu_att:-0.019,0.002,-0.177,-175.520,1.805,1.776
[17:53:52.305] imu_att:-0.028,-0.006,-0.177,-175.471,1.779,1.782
[17:53:52.345] imu_att:-0.033,-0.011,-0.178,-174.912,2.306,1.849
[17:53:52.386] imu_att:-0.033,-0.010,-0.179,-175.154,2.278,1.986
[17:53:52.426] imu_att:-0.030,-0.010,-0.182,-175.354,2.056,2.039
[17:53:52.465] imu_att:-0.041,-0.004,-0.183,-174.974,2.331,2.107
[17:53:52.505] imu_att:-0.033,-0.013,-0.183,-174.914,2.091,2.118
[17:53:52.545] imu_att:-0.034,0.008,-0.183,-175.063,2.066,2.126
[17:53:52.586] imu_att:-0.035,0.009,-0.185,-175.511,1.923,2.124
[17:53:52.625] imu_att:-0.016,-0.003,-0.185,-174.636,2.445,2.118
[17:53:52.665] imu_att:-0.035,-0.019,-0.185,-175.490,2.143,2.174
[17:53:52.705] imu_att:-0.026,-0.025,-0.184,-175.358,2.240,2.226
[17:53:52.746] imu_att:-0.032,-0.008,-0.185,-175.060,2.165,2.229
[17:53:52.786] imu_att:-0.042,0.001,-0.186,-175.009,2.037,2.207
[17:53:52.825] imu_att:-0.043,-0.003,-0.186,-175.129,2.133,2.205
[17:53:52.865] imu_att:-0.048,0.002,-0.186,-175.458,2.027,2.201
[17:53:52.906] imu_att:-0.036,-0.008,-0.186,-175.016,2.030,2.149
[17:53:52.946] imu_att:-0.042,-0.026,-0.185,-175.189,2.015,2.111
[17:53:52.985] imu_att:-0.037,-0.022,-0.187,-175.566,1.575,2.013
[17:53:53.025] imu_att:-0.041,-0.014,-0.187,-174.858,2.791,2.057
[17:53:53.064] imu_att:-0.047,-0.021,-0.188,-174.451,2.482,2.137
[17:53:53.106] imu_att:-0.029,-0.023,-0.189,-174.932,2.435,2.263
[17:53:53.145] imu_att:-0.093,0.035,-0.191,-175.119,2.402,2.326
[17:53:53.185] imu_att:-0.042,0.013,-0.192,-174.605,2.652,2.389
[17:53:53.225] imu_att:-0.034,0.003,-0.192,-174.641,2.407,2.422
[17:53:53.266] imu_att:-0.030,-0.005,-0.193,-175.064,2.493,2.457
[17:53:53.306] imu_att:-0.037,-0.023,-0.192,-175.258,2.064,2.432
[17:53:53.345] imu_att:-0.047,-0.028,-0.193,-174.770,2.243,2.372
[17:53:53.385] imu_att:-0.027,-0.027,-0.193,-175.058,2.396,2.428
[17:53:53.426] imu_att:-0.034,-0.013,-0.193,-175.218,2.208,2.419
[17:53:53.466] imu_att:-0.029,-0.016,-0.193,-175.345,1.888,2.377
[17:53:53.505] imu_att:-0.032,-0.023,-0.194,-175.268,2.173,2.346
[17:53:53.545] imu_att:-0.032,-0.026,-0.194,-174.328,2.574,2.326
[17:53:53.586] imu_att:-0.031,-0.003,-0.194,-175.040,2.307,2.376
[17:53:53.626] imu_att:-0.036,-0.005,-0.195,-175.041,2.422,2.463
[17:53:53.665] imu_att:-0.043,-0.011,-0.195,-175.336,1.999,2.399
[17:53:53.705] imu_att:-0.050,-0.002,-0.196,-174.922,2.481,2.383
[17:53:53.746] imu_att:-0.041,-0.001,-0.198,-175.627,1.607,2.332
[17:53:53.786] imu_att:-0.043,-0.006,-0.198,-174.632,2.035,2.213
[17:53:53.825] imu_att:-0.045,-0.015,-0.196,-174.646,2.586,2.265
[17:53:53.865] imu_att:-0.033,-0.011,-0.197,-174.771,2.470,2.307
[17:53:53.905] imu_att:-0.032,-0.013,-0.198,-175.530,1.894,2.273
[17:53:53.946] imu_att:-0.020,-0.008,-0.200,-175.531,1.796,2.237
[17:53:53.985] imu_att:-0.032,-0.007,-0.200,-175.518,1.984,2.188
[17:53:54.025] imu_att:-0.042,0.002,-0.202,-174.466,2.319,2.154
[17:53:54.065] imu_att:-0.050,-0.017,-0.202,-175.057,2.020,2.149
[17:53:54.106] imu_att:-0.040,-0.008,-0.203,-174.391,2.457,2.136
[17:53:54.146] imu_att:-0.032,-0.006,-0.206,-174.968,2.193,2.142
[17:53:54.185] imu_att:-0.039,-0.019,-0.206,-175.296,2.340,2.207
[17:53:54.225] imu_att:-0.044,0.002,-0.206,-174.755,2.483,2.251
[17:53:54.266] imu_att:-0.031,-0.002,-0.207,-174.632,2.645,2.327
[17:53:54.306] imu_att:-0.028,-0.012,-0.207,-175.024,2.247,2.334
[17:53:54.345] imu_att:-0.032,-0.017,-0.208,-174.644,2.506,2.338
[17:53:54.385] imu_att:-0.030,-0.013,-0.209,-174.960,2.376,2.331
[17:53:54.426] imu_att:-0.024,-0.003,-0.210,-175.942,2.026,2.311
[17:53:54.466] imu_att:-0.032,-0.014,-0.212,-174.952,2.002,2.241
[17:53:54.505] imu_att:-0.050,-0.011,-0.211,-174.510,2.508,2.237
[17:53:54.545] imu_att:-0.032,-0.008,-0.211,-175.530,2.209,2.257
[17:53:54.586] imu_att:-0.032,-0.020,-0.211,-175.539,1.752,2.185
[17:53:54.626] imu_att:-0.038,-0.002,-0.212,-175.527,2.066,2.131
[17:53:54.665] imu_att:-0.048,0.004,-0.213,-176.304,1.710,2.100
[17:53:54.705] imu_att:-0.036,-0.005,-0.214,-174.768,1.922,2.024
[17:53:54.744] imu_att:-0.037,-0.015,-0.214,-175.686,1.929,2.077
[17:53:54.786] imu_att:-0.034,-0.021,-0.213,-174.379,2.714,2.102
[17:53:54.825] imu_att:-0.041,-0.022,-0.214,-174.623,2.663,2.229
[17:53:54.865] imu_att:-0.033,-0.019,-0.215,-175.263,2.466,2.305
[17:53:54.905] imu_att:-0.033,-0.000,-0.214,-175.350,1.999,2.269
[17:53:54.946] imu_att:-0.053,0.016,-0.216,-175.625,1.963,2.214
[17:53:54.985] imu_att:-0.050,0.002,-0.215,-174.396,2.408,2.204
[17:53:55.025] imu_att:-0.053,-0.008,-0.215,-175.104,2.074,2.207
[17:53:55.065] imu_att:-0.053,-0.005,-0.216,-174.941,2.285,2.201
[17:53:55.106] imu_att:-0.039,-0.007,-0.214,-174.158,2.281,2.158
[17:53:55.146] imu_att:-0.033,-0.005,-0.214,-174.712,2.608,2.263
[17:53:55.185] imu_att:-0.046,0.004,-0.214,-175.056,2.543,2.342
[17:53:55.225] imu_att:-0.033,0.009,-0.215,-175.924,1.643,2.313
[17:53:55.264] imu_att:-0.042,-0.005,-0.215,-174.643,2.327,2.249
[17:53:55.306] imu_att:-0.029,-0.005,-0.216,-174.961,2.309,2.273
[17:53:55.345] imu_att:-0.026,-0.004,-0.217,-174.725,2.355,2.282
[17:53:55.385] imu_att:-0.031,-0.002,-0.218,-175.499,2.146,2.310
[17:53:55.424] imu_att:-0.043,-0.007,-0.219,-174.848,2.398,2.337
[17:53:55.466] imu_att:-0.039,-0.009,-0.218,-175.013,2.320,2.377
[17:53:55.505] imu_att:-0.035,0.001,-0.219,-174.997,2.248,2.374
[17:53:55.545] imu_att:-0.030,-0.012,-0.221,-174.871,2.396,2.415
[17:53:55.585] imu_att:-0.036,-0.016,-0.222,-174.439,2.600,2.446
[17:53:55.625] imu_att:-0.036,-0.005,-0.223,-174.271,2.936,2.516
[17:53:55.665] imu_att:-0.034,-0.002,-0.223,-174.544,2.265,2.463
[17:53:55.705] imu_att:-0.043,-0.007,-0.224,-175.350,2.032,2.432
[17:53:55.745] imu_att:-0.044,-0.011,-0.225,-175.445,2.067,2.416
[17:53:55.786] imu_att:-0.048,-0.009,-0.225,-175.340,1.988,2.368
[17:53:55.826] imu_att:-0.040,-0.002,-0.227,-174.906,2.328,2.353
[17:53:55.865] imu_att:-0.038,-0.010,-0.227,-174.511,2.375,2.341
[17:53:55.905] imu_att:-0.050,0.009,-0.227,-175.865,1.509,2.294
[17:53:55.946] imu_att:-0.052,0.003,-0.227,-174.875,2.194,2.199
[17:53:55.986] imu_att:-0.046,-0.013,-0.229,-174.921,2.396,2.250
[17:53:56.025] imu_att:-0.046,0.004,-0.229,-174.919,2.589,2.289
[17:53:56.065] imu_att:-0.042,0.003,-0.230,-174.582,2.574,2.315
[17:53:56.104] imu_att:-0.045,0.006,-0.230,-175.367,1.709,2.263
[17:53:56.146] imu_att:-0.057,0.002,-0.231,-174.704,2.274,2.232
[17:53:56.185] imu_att:-0.060,-0.003,-0.232,-174.999,2.248,2.236
[17:53:56.225] imu_att:-0.043,-0.003,-0.232,-175.353,1.978,2.240
[17:53:56.265] imu_att:-0.037,0.006,-0.232,-174.861,2.195,2.189
[17:53:56.306] imu_att:-0.037,-0.002,-0.232,-174.452,2.769,2.273
[17:53:56.345] imu_att:-0.032,0.006,-0.232,-174.561,2.647,2.348
[17:53:56.385] imu_att:-0.034,0.007,-0.233,-175.043,2.271,2.420
[17:53:56.425] imu_att:-0.038,0.002,-0.233,-174.595,2.483,2.419
[17:53:56.466] imu_att:-0.023,-0.010,-0.233,-174.473,2.711,2.441
[17:53:56.506] imu_att:-0.039,-0.018,-0.233,-175.218,2.540,2.511
[17:53:56.545] imu_att:-0.057,-0.008,-0.231,-174.356,2.733,2.518
[17:53:56.585] imu_att:-0.037,-0.004,-0.231,-174.975,2.583,2.528
[17:53:56.626] imu_att:-0.034,-0.004,-0.230,-175.669,2.044,2.508
[17:53:56.666] imu_att:-0.037,-0.014,-0.230,-174.612,2.089,2.405
[17:53:56.705] imu_att:-0.045,-0.016,-0.231,-175.555,1.820,2.332
[17:53:56.745] imu_att:-0.031,-0.013,-0.233,-174.532,2.136,2.246
[17:53:56.786] imu_att:-0.046,-0.009,-0.234,-174.915,2.291,2.227
[17:53:56.826] imu_att:-0.056,-0.003,-0.234,-174.821,2.365,2.251
[17:53:56.865] imu_att:-0.035,0.003,-0.235,-174.451,2.574,2.286
[17:53:56.905] imu_att:-0.044,-0.008,-0.235,-175.188,2.216,2.352
[17:53:56.944] imu_att:-0.036,-0.005,-0.237,-174.911,2.192,2.316
[17:53:56.986] imu_att:-0.028,-0.004,-0.237,-175.513,2.123,2.316
[17:53:57.025] imu_att:-0.026,-0.003,-0.238,-175.142,2.153,2.266
[17:53:57.065] imu_att:-0.018,0.000,-0.238,-174.731,2.405,2.256
[17:53:57.105] imu_att:-0.028,0.002,-0.238,-175.188,2.396,2.362
[17:53:57.146] imu_att:-0.024,0.006,-0.239,-175.528,1.893,2.331
[17:53:57.185] imu_att:-0.032,0.006,-0.239,-174.982,2.346,2.346
[17:53:57.225] imu_att:-0.024,0.006,-0.239,-175.245,2.383,2.378
[17:53:57.265] imu_att:-0.032,0.003,-0.240,-175.164,1.967,2.325
[17:53:57.306] imu_att:-0.033,0.009,-0.241,-174.867,2.243,2.282
[17:53:57.346] imu_att:-0.026,0.005,-0.241,-174.933,2.280,2.288
[17:53:57.385] imu_att:-0.019,-0.004,-0.241,-174.464,2.598,2.306
[17:53:57.425] imu_att:-0.012,-0.006,-0.242,-175.089,2.297,2.333
[17:53:57.464] imu_att:-0.014,-0.003,-0.243,-175.233,2.242,2.339
[17:53:57.506] imu_att:-0.025,-0.001,-0.243,-174.653,2.400,2.380
[17:53:57.545] imu_att:-0.033,-0.009,-0.245,-174.739,2.119,2.353
[17:53:57.585] imu_att:-0.027,-0.009,-0.245,-175.050,2.464,2.356
[17:53:57.624] imu_att:-0.039,-0.008,-0.245,-174.338,2.733,2.403
[17:53:57.666] imu_att:-0.050,-0.012,-0.243,-175.434,1.829,2.388
[17:53:57.705] imu_att:-0.031,-0.001,-0.244,-175.590,1.691,2.283
[17:53:57.745] imu_att:-0.034,-0.003,-0.244,-174.952,2.045,2.227
[17:53:57.785] imu_att:-0.011,-0.012,-0.243,-174.972,2.276,2.235
[17:53:57.826] imu_att:-0.016,-0.002,-0.243,-174.335,2.902,2.310
[17:53:57.865] imu_att:-0.038,-0.011,-0.242,-175.536,2.172,2.376
[17:53:57.905] imu_att:-0.051,-0.008,-0.242,-174.799,2.457,2.391
[17:53:57.945] imu_att:-0.038,0.008,-0.242,-174.829,2.274,2.380
[17:53:57.986] imu_att:-0.034,0.007,-0.243,-175.178,2.444,2.390
[17:53:58.026] imu_att:-0.020,-0.012,-0.242,-176.033,1.386,2.280
[17:53:58.065] imu_att:-0.036,-0.011,-0.243,-174.600,2.537,2.248
[17:53:58.105] imu_att:-0.038,-0.010,-0.244,-174.566,2.389,2.229
[17:53:58.146] imu_att:-0.031,-0.007,-0.244,-174.958,2.218,2.205
[17:53:58.186] imu_att:-0.037,-0.003,-0.244,-176.183,1.786,2.229
[17:53:58.225] imu_att:-0.053,-0.004,-0.245,-175.664,1.640,2.134
[17:53:58.265] imu_att:-0.036,0.001,-0.245,-175.293,1.967,2.100
[17:53:58.304] imu_att:-0.024,0.001,-0.245,-175.463,2.164,2.110
[17:53:58.346] imu_att:-0.016,-0.001,-0.246,-175.039,2.327,2.156
[17:53:58.385] imu_att:-0.018,-0.016,-0.247,-175.199,2.243,2.169
[17:53:58.425] imu_att:-0.016,-0.005,-0.248,-174.786,1.805,2.092
[17:53:58.465] imu_att:-0.029,-0.014,-0.249,-175.896,1.813,2.083
[17:53:58.506] imu_att:-0.036,-0.011,-0.249,-174.501,2.652,2.135
[17:53:58.545] imu_att:-0.023,-0.006,-0.249,-174.733,2.443,2.189
[17:53:58.585] imu_att:-0.035,-0.011,-0.250,-175.261,2.122,2.203
[17:53:58.625] imu_att:-0.040,-0.016,-0.251,-175.295,2.230,2.202
[17:53:58.666] imu_att:-0.035,-0.003,-0.251,-174.617,2.125,2.167
[17:53:58.706] imu_att:-0.026,-0.009,-0.251,-175.563,1.804,2.161
[17:53:58.745] imu_att:-0.024,-0.010,-0.252,-174.482,2.486,2.113
[17:53:58.785] imu_att:-0.029,0.006,-0.255,-174.872,2.437,2.202
[17:53:58.824] imu_att:-0.029,-0.006,-0.254,-174.763,2.453,2.255
[17:53:58.866] imu_att:-0.037,-0.008,-0.254,-174.870,2.238,2.269
[17:53:58.905] imu_att:-0.032,-0.018,-0.254,-175.220,2.197,2.288
[17:53:58.945] imu_att:-0.022,-0.021,-0.255,-175.248,2.020,2.269
[17:53:58.984] imu_att:-0.030,-0.017,-0.254,-175.018,2.298,2.281
[17:53:59.025] imu_att:-0.029,-0.015,-0.254,-174.088,2.591,2.307
[17:53:59.065] imu_att:-0.028,-0.007,-0.254,-174.928,2.591,2.365
[17:53:59.105] imu_att:-0.039,-0.019,-0.255,-174.478,2.407,2.393
[17:53:59.145] imu_att:-0.022,-0.001,-0.256,-175.740,1.803,2.344
[17:53:59.186] imu_att:-0.022,0.002,-0.258,-174.912,2.264,2.302
[17:53:59.226] imu_att:-0.036,-0.014,-0.258,-175.068,2.258,2.321
[17:53:59.265] imu_att:-0.047,-0.009,-0.259,-174.739,2.296,2.287
[17:53:59.305] imu_att:-0.050,-0.012,-0.258,-174.076,2.940,2.345
[17:53:59.346] imu_att:-0.051,-0.016,-0.258,-174.947,2.242,2.355
[17:53:59.386] imu_att:-0.035,-0.004,-0.259,-175.882,1.755,2.328
[17:53:59.425] imu_att:-0.035,-0.005,-0.260,-175.218,2.136,2.244
[17:53:59.465] imu_att:-0.040,-0.013,-0.261,-175.137,2.201,2.252
[17:53:59.504] imu_att:-0.029,-0.014,-0.262,-174.753,2.315,2.232
[17:53:59.545] imu_att:-0.014,-0.013,-0.263,-175.006,2.192,2.232
[17:53:59.585] imu_att:-0.016,-0.009,-0.264,-174.371,2.254,2.233
[17:53:59.625] imu_att:-0.024,-0.016,-0.264,-175.316,2.084,2.262
[17:53:59.665] imu_att:-0.026,-0.006,-0.265,-175.504,1.970,2.232
[17:53:59.706] imu_att:-0.039,-0.001,-0.267,-175.255,2.225,2.230
[17:53:59.746] imu_att:-0.025,-0.007,-0.266,-175.161,2.110,2.228
[17:53:59.785] imu_att:-0.053,-0.017,-0.265,-174.718,2.520,2.273
[17:53:59.825] imu_att:-0.061,-0.003,-0.265,-175.313,1.913,2.244
[17:53:59.864] imu_att:-0.050,0.001,-0.266,-175.363,1.937,2.189
[17:53:59.906] imu_att:-0.032,-0.011,-0.267,-174.920,2.431,2.184
[17:53:59.945] imu_att:-0.029,-0.013,-0.267,-175.034,2.293,2.220
[17:53:59.985] imu_att:-0.034,-0.013,-0.266,-174.670,2.536,2.252
[17:54:00.024] imu_att:-0.038,-0.021,-0.267,-174.505,2.684,2.292
[17:54:00.066] imu_att:-0.041,-0.008,-0.268,-174.936,2.531,2.320
[17:54:00.105] imu_att:-0.027,-0.018,-0.269,-175.268,2.254,2.327
[17:54:00.145] imu_att:-0.036,-0.006,-0.269,-174.955,2.220,2.331
[17:54:00.185] imu_att:-0.026,-0.016,-0.269,-174.557,2.788,2.416
[17:54:00.226] imu_att:-0.025,-0.010,-0.270,-175.258,2.119,2.387
[17:54:00.266] imu_att:-0.035,-0.012,-0.268,-174.750,2.471,2.374
[17:54:00.305] imu_att:-0.033,-0.004,-0.267,-174.791,2.390,2.387
[17:54:00.345] imu_att:-0.036,-0.001,-0.269,-175.402,2.090,2.424
[17:54:00.386] imu_att:-0.040,-0.004,-0.270,-175.511,2.084,2.400
[17:54:00.426] imu_att:-0.042,-0.005,-0.269,-175.040,2.365,2.399
[17:54:00.465] imu_att:-0.047,-0.001,-0.269,-174.687,2.675,2.437
[17:54:00.505] imu_att:-0.031,-0.005,-0.269,-174.630,2.519,2.436
[17:54:00.544] imu_att:-0.016,-0.005,-0.271,-175.996,1.728,2.410
[17:54:00.585] imu_att:-0.010,-0.016,-0.272,-175.086,2.004,2.308
[17:54:00.625] imu_att:-0.035,-0.001,-0.271,-175.004,2.167,2.260
[17:54:00.665] imu_att:-0.014,-0.017,-0.272,-175.003,2.007,2.216
[17:54:00.705] imu_att:-0.028,-0.000,-0.272,-175.220,2.167,2.211
[17:54:00.745] imu_att:-0.032,0.008,-0.271,-175.127,2.067,2.166
[17:54:00.785] imu_att:-0.027,-0.001,-0.271,-175.352,2.002,2.156
[17:54:00.825] imu_att:-0.042,-0.007,-0.272,-174.966,2.275,2.186
[17:54:00.865] imu_att:-0.029,-0.000,-0.271,-175.906,1.550,2.146
[17:54:00.905] imu_att:-0.046,-0.004,-0.273,-174.981,2.117,2.089
[17:54:00.945] imu_att:-0.045,0.006,-0.272,-175.218,2.034,2.081
[17:54:00.985] imu_att:-0.053,-0.001,-0.272,-174.463,2.602,2.073
[17:54:01.025] imu_att:-0.062,-0.002,-0.272,-174.736,2.444,2.162
[17:54:01.066] imu_att:-0.047,0.001,-0.273,-174.890,2.557,2.283
[17:54:01.106] imu_att:-0.045,-0.003,-0.272,-174.083,2.549,2.289
[17:54:01.145] imu_att:-0.027,-0.021,-0.272,-174.674,2.231,2.265
[17:54:01.185] imu_att:-0.022,-0.006,-0.273,-175.733,1.960,2.265
[17:54:01.225] imu_att:-0.021,0.003,-0.275,-175.504,1.933,2.232
[17:54:01.266] imu_att:-0.014,0.000,-0.277,-174.569,2.027,2.156
[17:54:01.305] imu_att:-0.039,0.003,-0.277,-174.443,2.686,2.226
[17:54:01.345] imu_att:-0.036,-0.002,-0.276,-174.607,2.836,2.333
[17:54:01.384] imu_att:-0.032,0.000,-0.276,-174.568,2.281,2.370
[17:54:01.426] imu_att:-0.038,-0.001,-0.276,-174.923,2.300,2.335
[17:54:01.465] imu_att:-0.041,-0.013,-0.277,-175.052,2.334,2.356
[17:54:01.505] imu_att:-0.042,-0.016,-0.278,-174.737,2.235,2.340
[17:54:01.545] imu_att:-0.033,-0.008,-0.278,-174.852,2.278,2.310
[17:54:01.586] imu_att:-0.028,-0.010,-0.279,-175.348,1.917,2.279
[17:54:01.625] imu_att:-0.035,-0.008,-0.280,-174.446,2.478,2.223
[17:54:01.665] imu_att:-0.027,-0.005,-0.282,-175.044,2.271,2.222
[17:54:01.705] imu_att:-0.022,-0.005,-0.283,-174.050,2.657,2.235
[17:54:01.746] imu_att:-0.033,-0.006,-0.283,-174.965,2.324,2.293
[17:54:01.786] imu_att:-0.042,-0.004,-0.283,-175.354,2.289,2.327
[17:54:01.825] imu_att:-0.045,0.009,-0.283,-174.619,2.786,2.389
[17:54:01.865] imu_att:-0.051,0.002,-0.284,-174.404,2.548,2.415
[17:54:01.905] imu_att:-0.036,0.017,-0.284,-174.843,2.305,2.398
[17:54:01.945] imu_att:-0.030,0.010,-0.284,-175.208,2.630,2.442
[17:54:01.985] imu_att:-0.023,0.012,-0.283,-174.793,2.567,2.438
[17:54:02.025] imu_att:-0.031,-0.002,-0.285,-174.951,2.512,2.469
[17:54:02.065] imu_att:-0.039,0.011,-0.286,-175.427,2.027,2.416
[17:54:02.106] imu_att:-0.036,-0.010,-0.287,-176.032,1.859,2.368
[17:54:02.146] imu_att:-0.032,-0.008,-0.288,-174.918,2.225,2.287
[17:54:02.185] imu_att:-0.044,-0.010,-0.287,-174.707,2.412,2.294
[17:54:02.225] imu_att:-0.035,-0.001,-0.288,-175.247,2.037,2.286
[17:54:02.264] imu_att:-0.043,-0.009,-0.289,-174.763,2.432,2.275
[17:54:02.305] imu_att:-0.049,-0.012,-0.289,-174.649,2.281,2.275
[17:54:02.345] imu_att:-0.037,0.003,-0.290,-175.040,2.453,2.338
[17:54:02.385] imu_att:-0.035,0.002,-0.290,-175.708,1.856,2.307
[17:54:02.425] imu_att:-0.033,-0.001,-0.290,-174.666,2.250,2.302
[17:54:02.464] imu_att:-0.041,0.004,-0.291,-174.770,2.688,2.372
[17:54:02.505] imu_att:-0.036,0.007,-0.293,-175.114,2.240,2.420
[17:54:02.545] imu_att:-0.033,-0.006,-0.294,-175.208,2.276,2.408
[17:54:02.585] imu_att:-0.030,0.002,-0.294,-175.326,2.173,2.389
[17:54:02.624] imu_att:-0.039,-0.008,-0.294,-175.202,2.000,2.320
[17:54:02.666] imu_att:-0.031,-0.005,-0.296,-175.326,2.473,2.336
[17:54:02.705] imu_att:-0.032,-0.005,-0.297,-175.365,1.885,2.295
[17:54:02.745] imu_att:-0.033,-0.005,-0.297,-174.735,2.301,2.248
[17:54:02.784] imu_att:-0.045,-0.003,-0.297,-175.226,2.217,2.274
[17:54:02.826] imu_att:-0.042,-0.007,-0.298,-175.178,2.064,2.277
[17:54:02.865] imu_att:-0.037,-0.011,-0.299,-175.165,2.031,2.230
[17:54:02.905] imu_att:-0.018,-0.010,-0.298,-175.202,2.056,2.183
[17:54:02.945] imu_att:-0.027,0.000,-0.300,-175.409,1.874,2.187
[17:54:02.986] imu_att:-0.030,-0.014,-0.300,-174.340,2.468,2.148
[17:54:03.025] imu_att:-0.032,-0.008,-0.300,-174.715,2.298,2.215
[17:54:03.065] imu_att:-0.036,0.014,-0.301,-174.848,2.255,2.188
[17:54:03.105] imu_att:-0.025,0.010,-0.302,-174.954,2.304,2.210
[17:54:03.146] imu_att:-0.022,-0.003,-0.301,-174.730,2.643,2.307
[17:54:03.186] imu_att:-0.025,0.008,-0.303,-174.275,2.480,2.332
[17:54:03.225] imu_att:-0.026,0.006,-0.304,-174.403,2.727,2.389
[17:54:03.265] imu_att:-0.026,0.004,-0.306,-174.400,2.841,2.469
[17:54:03.304] imu_att:-0.028,-0.011,-0.308,-175.279,2.116,2.465
[17:54:03.346] imu_att:-0.020,-0.005,-0.309,-175.307,1.950,2.396
[17:54:03.385] imu_att:-0.033,-0.005,-0.310,-175.054,2.328,2.373
[17:54:03.425] imu_att:-0.039,-0.002,-0.311,-175.014,2.126,2.349
[17:54:03.464] imu_att:-0.023,0.009,-0.312,-174.986,1.981,2.257
[17:54:03.505] imu_att:-0.026,0.001,-0.313,-175.231,2.171,2.227
[17:54:03.545] imu_att:-0.034,-0.005,-0.312,-174.767,2.303,2.249
[17:54:03.585] imu_att:-0.022,-0.005,-0.313,-175.328,2.149,2.267
[17:54:03.625] imu_att:-0.024,-0.007,-0.314,-175.025,2.282,2.267
[17:54:03.664] imu_att:-0.047,0.005,-0.312,-174.705,2.522,2.290
[17:54:03.705] imu_att:-0.032,0.001,-0.313,-175.445,1.810,2.249
[17:54:03.745] imu_att:-0.045,-0.015,-0.312,-174.731,2.501,2.276
[17:54:03.785] imu_att:-0.031,-0.006,-0.312,-174.453,2.771,2.343
[17:54:03.826] imu_att:-0.006,-0.005,-0.313,-175.082,2.198,2.376
[17:54:03.866] imu_att:-0.044,-0.010,-0.313,-174.750,2.209,2.304
[17:54:03.905] imu_att:-0.026,-0.004,-0.313,-174.699,2.291,2.264
[17:54:03.945] imu_att:-0.026,0.007,-0.313,-175.516,2.210,2.291
[17:54:03.984] imu_att:-0.025,0.002,-0.313,-175.166,2.170,2.296
[17:54:04.025] imu_att:-0.031,0.007,-0.312,-175.319,2.004,2.255
[17:54:04.066] imu_att:-0.038,-0.007,-0.313,-174.671,2.566,2.269
[17:54:04.105] imu_att:-0.033,0.000,-0.313,-175.023,2.341,2.323
[17:54:04.145] imu_att:-0.025,0.012,-0.313,-175.585,1.895,2.322
[17:54:04.186] imu_att:-0.034,0.017,-0.314,-174.663,2.553,2.310
[17:54:04.226] imu_att:-0.053,-0.002,-0.313,-174.708,2.550,2.360
[17:54:04.265] imu_att:-0.044,-0.016,-0.312,-175.725,1.967,2.372
[17:54:04.305] imu_att:-0.038,-0.011,-0.312,-174.974,2.239,2.332
[17:54:04.344] imu_att:-0.037,-0.021,-0.314,-174.893,2.604,2.427
[17:54:04.386] imu_att:-0.033,-0.010,-0.314,-174.902,2.090,2.386
[17:54:04.425] imu_att:-0.035,0.006,-0.314,-175.074,2.527,2.407
[17:54:04.465] imu_att:-0.038,0.004,-0.315,-175.238,1.877,2.365
[17:54:04.505] imu_att:-0.030,0.008,-0.316,-174.630,2.510,2.376
[17:54:04.544] imu_att:-0.025,0.002,-0.317,-174.723,2.461,2.387
[17:54:04.586] imu_att:-0.032,0.000,-0.318,-175.381,2.007,2.332
[17:54:04.625] imu_att:-0.038,-0.013,-0.319,-174.311,2.667,2.350
[17:54:04.665] imu_att:-0.038,0.002,-0.318,-174.710,2.454,2.407
[17:54:04.704] imu_att:-0.035,0.004,-0.319,-174.288,2.890,2.457
[17:54:04.746] imu_att:-0.022,-0.003,-0.319,-174.745,2.721,2.533
[17:54:04.785] imu_att:-0.023,-0.008,-0.320,-174.118,3.043,2.608
[17:54:04.825] imu_att:-0.017,0.006,-0.320,-175.028,2.076,2.543
[17:54:04.864] imu_att:-0.027,-0.006,-0.319,-175.086,2.536,2.512
[17:54:04.906] imu_att:-0.032,-0.017,-0.321,-175.676,1.677,2.418
[17:54:04.945] imu_att:-0.048,-0.013,-0.321,-174.556,2.384,2.328
[17:54:04.985] imu_att:-0.029,-0.005,-0.320,-175.220,2.336,2.392
[17:54:05.025] imu_att:-0.028,-0.008,-0.320,-175.004,2.446,2.387
[17:54:05.064] imu_att:-0.034,-0.011,-0.321,-175.333,1.838,2.313
[17:54:05.105] imu_att:-0.036,-0.008,-0.321,-174.748,2.475,2.314
[17:54:05.145] imu_att:-0.040,-0.009,-0.322,-174.407,2.868,2.405
[17:54:05.185] imu_att:-0.030,-0.009,-0.322,-174.785,2.305,2.409
[17:54:05.226] imu_att:-0.046,-0.021,-0.321,-174.728,2.469,2.417
[17:54:05.265] imu_att:-0.054,-0.019,-0.321,-174.699,2.680,2.459
[17:54:05.305] imu_att:-0.044,-0.018,-0.322,-174.617,2.582,2.498
[17:54:05.345] imu_att:-0.042,-0.006,-0.321,-174.726,2.325,2.481
[17:54:05.384] imu_att:-0.043,-0.010,-0.320,-175.111,2.277,2.450
[17:54:05.425] imu_att:-0.035,-0.007,-0.322,-174.738,2.377,2.437
[17:54:05.465] imu_att:-0.035,-0.007,-0.323,-174.466,2.602,2.439
[17:54:05.505] imu_att:-0.032,-0.003,-0.324,-175.869,1.630,2.385
[17:54:05.545] imu_att:-0.043,0.000,-0.323,-175.481,1.718,2.283
[17:54:05.586] imu_att:-0.035,-0.003,-0.323,-174.908,2.274,2.236
[17:54:05.625] imu_att:-0.030,-0.007,-0.323,-175.540,1.824,2.208
[17:54:05.665] imu_att:-0.023,-0.014,-0.322,-175.079,2.094,2.159
[17:54:05.705] imu_att:-0.029,-0.014,-0.320,-175.120,2.125,2.154
[17:54:05.744] imu_att:-0.021,-0.006,-0.320,-174.449,2.370,2.141
[17:54:05.786] imu_att:-0.026,0.011,-0.319,-175.285,2.158,2.175
[17:54:05.825] imu_att:-0.041,0.018,-0.320,-175.179,2.201,2.175
[17:54:05.865] imu_att:-0.043,0.009,-0.320,-174.994,2.421,2.227
[17:54:05.904] imu_att:-0.042,0.006,-0.321,-175.927,1.635,2.203
[17:54:05.946] imu_att:-0.032,-0.007,-0.321,-174.745,2.260,2.171
[17:54:05.985] imu_att:-0.046,-0.013,-0.319,-173.619,3.156,2.244
[17:54:06.025] imu_att:-0.032,-0.010,-0.321,-173.979,3.078,2.352
[17:54:06.065] imu_att:-0.030,-0.001,-0.321,-174.734,2.523,2.424
[17:54:06.106] imu_att:-0.035,0.012,-0.322,-174.918,2.360,2.425
[17:54:06.146] imu_att:-0.037,0.001,-0.323,-174.728,2.859,2.525
[17:54:06.185] imu_att:-0.048,-0.009,-0.323,-175.299,1.993,2.478
[17:54:06.225] imu_att:-0.027,0.001,-0.324,-175.328,2.113,2.404
[17:54:06.264] imu_att:-0.024,-0.006,-0.325,-174.980,2.324,2.382
[17:54:06.306] imu_att:-0.046,-0.004,-0.325,-174.928,2.328,2.368
[17:54:06.345] imu_att:-0.033,-0.012,-0.326,-174.070,2.996,2.429
[17:54:06.385] imu_att:-0.020,0.005,-0.327,-175.501,2.052,2.427
[17:54:06.424] imu_att:-0.025,0.016,-0.328,-174.484,2.624,2.368
[17:54:06.466] imu_att:-0.031,-0.003,-0.328,-174.934,2.183,2.372
[17:54:06.505] imu_att:-0.020,-0.001,-0.328,-174.876,2.387,2.364
[17:54:06.545] imu_att:-0.027,0.005,-0.329,-174.878,2.208,2.345
[17:54:06.585] imu_att:-0.035,0.001,-0.328,-174.968,2.500,2.346
[17:54:06.625] imu_att:-0.056,-0.003,-0.328,-174.566,2.561,2.344
[17:54:06.666] imu_att:-0.038,0.015,-0.328,-174.872,2.343,2.334
[17:54:06.705] imu_att:-0.024,0.001,-0.330,-174.764,2.461,2.347
[17:54:06.745] imu_att:-0.028,-0.005,-0.333,-175.034,2.518,2.378
[17:54:06.785] imu_att:-0.024,0.004,-0.333,-174.637,2.644,2.423
[17:54:06.825] imu_att:-0.032,0.004,-0.335,-175.324,2.013,2.398
[17:54:06.865] imu_att:-0.028,0.003,-0.335,-174.110,2.981,2.433
[17:54:06.905] imu_att:-0.033,0.011,-0.335,-175.028,2.375,2.475
[17:54:06.945] imu_att:-0.026,-0.000,-0.336,-175.192,2.156,2.419
[17:54:06.986] imu_att:-0.015,-0.000,-0.335,-174.898,2.313,2.389
[17:54:07.025] imu_att:-0.023,0.006,-0.337,-175.692,1.613,2.295
[17:54:07.065] imu_att:-0.037,-0.008,-0.337,-174.583,2.716,2.321
[17:54:07.105] imu_att:-0.042,-0.007,-0.336,-175.727,1.892,2.355
[17:54:07.146] imu_att:-0.047,-0.005,-0.336,-174.902,2.266,2.335
[17:54:07.186] imu_att:-0.028,-0.002,-0.336,-174.421,2.491,2.340
[17:54:07.225] imu_att:-0.042,-0.001,-0.338,-174.936,2.344,2.386
[17:54:07.265] imu_att:-0.041,-0.001,-0.338,-174.646,2.573,2.414
[17:54:07.305] imu_att:-0.024,-0.002,-0.339,-175.882,1.681,2.364
[17:54:07.344] imu_att:-0.022,-0.008,-0.340,-174.313,2.503,2.288
[17:54:07.385] imu_att:-0.033,-0.004,-0.342,-174.722,2.597,2.342
[17:54:07.425] imu_att:-0.043,-0.001,-0.342,-175.046,2.465,2.406
[17:54:07.465] imu_att:-0.033,-0.003,-0.343,-175.195,2.453,2.491
[17:54:07.504] imu_att:-0.043,-0.010,-0.343,-174.909,2.289,2.461
[17:54:07.546] imu_att:-0.022,-0.010,-0.344,-174.227,2.777,2.460
[17:54:07.585] imu_att:-0.044,-0.020,-0.344,-175.220,2.270,2.456
[17:54:07.625] imu_att:-0.033,-0.015,-0.343,-174.658,1.998,2.364
[17:54:07.665] imu_att:-0.046,-0.008,-0.345,-174.894,2.333,2.347
[17:54:07.707] imu_att:-0.044,-0.013,-0.346,-174.409,2.819,2.412
[17:54:07.746] imu_att:-0.037,-0.004,-0.345,-174.777,2.461,2.428
[17:54:07.785] imu_att:-0.035,0.003,-0.346,-175.843,1.704,2.378
[17:54:07.824] imu_att:-0.027,-0.004,-0.346,-175.358,2.044,2.291
[17:54:07.865] imu_att:-0.032,-0.002,-0.347,-175.202,2.126,2.258
[17:54:07.905] imu_att:-0.035,-0.004,-0.348,-174.742,2.447,2.267
[17:54:07.945] imu_att:-0.027,-0.010,-0.349,-175.866,1.503,2.206
[17:54:07.985] imu_att:-0.026,-0.003,-0.349,-174.950,2.203,2.134
[17:54:08.026] imu_att:-0.032,-0.011,-0.351,-175.007,2.312,2.200
[17:54:08.065] imu_att:-0.043,-0.011,-0.352,-175.041,2.259,2.214
[17:54:08.105] imu_att:-0.038,-0.020,-0.353,-174.645,2.747,2.334
[17:54:08.145] imu_att:-0.031,-0.017,-0.352,-175.564,1.876,2.338
[17:54:08.184] imu_att:-0.015,-0.003,-0.352,-175.008,2.182,2.270
[17:54:08.226] imu_att:-0.017,-0.008,-0.352,-174.822,2.467,2.297
[17:54:08.265] imu_att:-0.033,-0.002,-0.352,-175.036,2.012,2.255
[17:54:08.305] imu_att:-0.040,-0.008,-0.354,-175.037,2.447,2.285
[17:54:08.345] imu_att:-0.044,-0.020,-0.356,-175.359,2.038,2.250
[17:54:08.386] imu_att:-0.035,-0.003,-0.356,-175.281,2.329,2.259
[17:54:08.425] imu_att:-0.036,0.005,-0.357,-174.438,2.445,2.255
[17:54:08.465] imu_att:-0.039,0.002,-0.357,-174.370,2.667,2.312
[17:54:08.505] imu_att:-0.034,-0.006,-0.358,-174.954,2.303,2.327
[17:54:08.546] imu_att:-0.028,0.003,-0.360,-174.995,1.902,2.274
[17:54:08.585] imu_att:-0.030,0.005,-0.360,-175.693,1.758,2.215
[17:54:08.625] imu_att:-0.027,0.015,-0.362,-175.200,2.136,2.143
[17:54:08.665] imu_att:-0.038,0.009,-0.363,-174.878,2.355,2.167
[17:54:08.705] imu_att:-0.032,0.022,-0.364,-174.704,2.469,2.209
[17:54:08.746] imu_att:-0.025,0.007,-0.365,-174.481,2.731,2.298
[17:54:08.785] imu_att:-0.026,0.002,-0.364,-174.635,2.541,2.332
[17:54:08.825] imu_att:-0.043,0.001,-0.364,-175.049,2.254,2.359
[17:54:08.864] imu_att:-0.047,-0.007,-0.366,-175.463,2.089,2.341
[17:54:08.906] imu_att:-0.030,-0.001,-0.366,-175.225,2.098,2.282
[17:54:08.945] imu_att:-0.035,-0.006,-0.366,-174.890,2.357,2.298
[17:54:08.985] imu_att:-0.038,-0.011,-0.367,-174.277,2.659,2.296
[17:54:09.025] imu_att:-0.035,-0.014,-0.367,-175.739,1.882,2.286
[17:54:09.066] imu_att:-0.035,-0.012,-0.367,-175.427,1.946,2.239
[17:54:09.106] imu_att:-0.033,-0.009,-0.369,-175.383,2.254,2.216
[17:54:09.145] imu_att:-0.045,-0.005,-0.369,-174.475,2.580,2.245
[17:54:09.185] imu_att:-0.051,-0.023,-0.369,-174.501,2.745,2.333
[17:54:09.226] imu_att:-0.053,-0.016,-0.370,-174.331,2.886,2.407
[17:54:09.266] imu_att:-0.040,-0.004,-0.370,-174.841,2.171,2.415
[17:54:09.305] imu_att:-0.036,-0.011,-0.370,-176.208,1.367,2.331
[17:54:09.345] imu_att:-0.035,-0.003,-0.372,-174.585,2.418,2.250
[17:54:09.384] imu_att:-0.043,0.005,-0.373,-175.172,2.293,2.287
[17:54:09.426] imu_att:-0.034,-0.008,-0.374,-175.299,2.354,2.337
[17:54:09.465] imu_att:-0.040,-0.006,-0.374,-174.669,2.477,2.339
[17:54:09.505] imu_att:-0.047,-0.018,-0.375,-175.017,2.410,2.344
[17:54:09.545] imu_att:-0.025,-0.025,-0.374,-175.000,2.296,2.341
[17:54:09.586] imu_att:-0.020,-0.020,-0.376,-174.937,2.266,2.304
[17:54:09.625] imu_att:-0.035,-0.010,-0.375,-175.091,2.033,2.262
[17:54:09.665] imu_att:-0.042,-0.023,-0.375,-175.048,2.204,2.247
[17:54:09.705] imu_att:-0.051,-0.022,-0.375,-174.739,2.640,2.299
[17:54:09.744] imu_att:-0.035,-0.022,-0.374,-175.014,2.412,2.349
[17:54:09.786] imu_att:-0.035,-0.017,-0.376,-174.953,2.226,2.317
[17:54:09.825] imu_att:-0.024,-0.016,-0.377,-175.316,2.246,2.340
[17:54:09.865] imu_att:-0.010,-0.008,-0.376,-175.315,1.624,2.202
[17:54:09.904] imu_att:-0.032,-0.009,-0.377,-175.700,1.787,2.163
[17:54:09.946] imu_att:-0.032,0.000,-0.378,-174.664,2.273,2.136
[17:54:09.985] imu_att:-0.039,-0.016,-0.378,-174.975,2.374,2.181
[17:54:10.025] imu_att:-0.051,-0.007,-0.379,-174.461,2.816,2.298
[17:54:10.064] imu_att:-0.038,-0.005,-0.380,-174.361,2.886,2.389
[17:54:10.106] imu_att:-0.032,0.004,-0.382,-175.294,2.233,2.412
[17:54:10.146] imu_att:-0.036,-0.010,-0.383,-174.700,2.509,2.395
[17:54:10.185] imu_att:-0.039,-0.007,-0.382,-174.646,2.533,2.421
[17:54:10.225] imu_att:-0.037,-0.013,-0.384,-174.935,2.202,2.413
[17:54:10.266] imu_att:-0.046,-0.018,-0.383,-174.764,2.092,2.347
[17:54:10.306] imu_att:-0.043,-0.012,-0.383,-174.844,2.128,2.309
[17:54:10.345] imu_att:-0.045,-0.011,-0.382,-174.187,2.436,2.320
[17:54:10.385] imu_att:-0.040,0.001,-0.383,-174.636,2.632,2.352
[17:54:10.424] imu_att:-0.047,0.002,-0.381,-174.767,2.228,2.376
[17:54:10.465] imu_att:-0.048,0.002,-0.381,-174.852,2.748,2.431
[17:54:10.505] imu_att:-0.037,0.007,-0.382,-174.859,2.195,2.433
[17:54:10.545] imu_att:-0.040,-0.001,-0.381,-175.351,1.612,2.297
[17:54:10.584] imu_att:-0.039,0.000,-0.380,-175.503,2.087,2.256
[17:54:10.626] imu_att:-0.033,-0.006,-0.382,-175.020,2.248,2.255
[17:54:10.665] imu_att:-0.028,-0.023,-0.382,-174.933,2.282,2.253
[17:54:10.705] imu_att:-0.025,-0.016,-0.381,-174.774,2.099,2.228
[17:54:10.745] imu_att:-0.023,-0.000,-0.383,-174.706,2.163,2.197
[17:54:10.786] imu_att:-0.025,-0.005,-0.381,-175.022,2.117,2.190
[17:54:10.825] imu_att:-0.030,-0.012,-0.382,-174.935,2.272,2.179
[17:54:10.865] imu_att:-0.038,-0.014,-0.383,-174.966,2.377,2.233
[17:54:10.905] imu_att:-0.034,-0.007,-0.383,-174.906,2.314,2.233
[17:54:10.944] imu_att:-0.021,-0.005,-0.382,-173.976,2.882,2.261
[17:54:10.986] imu_att:-0.019,-0.022,-0.382,-175.755,1.711,2.233
[17:54:11.025] imu_att:-0.043,-0.013,-0.381,-175.288,2.368,2.236
[17:54:11.065] imu_att:-0.033,-0.005,-0.383,-175.508,1.696,2.205
[17:54:11.104] imu_att:-0.038,0.003,-0.383,-175.290,1.911,2.145
[17:54:11.146] imu_att:-0.046,-0.005,-0.383,-174.451,2.788,2.235
[17:54:11.185] imu_att:-0.049,-0.007,-0.383,-174.063,2.761,2.327
[17:54:11.225] imu_att:-0.038,-0.000,-0.384,-175.291,1.999,2.326
[17:54:11.265] imu_att:-0.026,-0.007,-0.385,-175.210,2.131,2.289
[17:54:11.304] imu_att:-0.027,-0.008,-0.385,-175.224,2.230,2.261
[17:54:11.345] imu_att:-0.037,-0.004,-0.386,-174.589,2.241,2.242
[17:54:11.385] imu_att:-0.043,0.002,-0.387,-175.185,2.074,2.177
[17:54:11.425] imu_att:-0.049,0.005,-0.388,-174.323,2.268,2.171
[17:54:11.464] imu_att:-0.046,-0.006,-0.388,-175.356,2.116,2.189
[17:54:11.506] imu_att:-0.042,0.002,-0.388,-174.556,2.567,2.196
[17:54:11.545] imu_att:-0.034,0.004,-0.389,-175.014,2.439,2.280
[17:54:11.585] imu_att:-0.030,0.005,-0.390,-173.957,3.206,2.394
[17:54:11.624] imu_att:-0.029,-0.012,-0.391,-174.739,2.545,2.444
[17:54:11.665] imu_att:-0.037,-0.006,-0.393,-174.449,2.412,2.430
[17:54:11.705] imu_att:-0.034,-0.013,-0.392,-174.661,2.865,2.482
[17:54:11.745] imu_att:-0.038,-0.005,-0.394,-174.899,2.375,2.500
[17:54:11.785] imu_att:-0.039,-0.011,-0.396,-174.923,2.400,2.511
[17:54:11.824] imu_att:-0.035,-0.004,-0.395,-174.293,2.535,2.506
[17:54:11.866] imu_att:-0.053,-0.008,-0.394,-174.722,2.276,2.474
[17:54:11.905] imu_att:-0.049,-0.005,-0.395,-174.371,2.650,2.468
[17:54:11.945] imu_att:-0.037,-0.020,-0.396,-175.180,2.188,2.486
[17:54:11.985] imu_att:-0.031,-0.007,-0.398,-175.168,2.187,2.417
[17:54:12.026] imu_att:-0.055,0.005,-0.398,-174.673,2.256,2.320
[17:54:12.065] imu_att:-0.034,-0.007,-0.399,-174.643,2.619,2.362
[17:54:12.105] imu_att:-0.030,-0.004,-0.399,-175.506,2.057,2.368
[17:54:12.145] imu_att:-0.029,0.010,-0.401,-174.702,2.457,2.317
[17:54:12.185] imu_att:-0.039,0.009,-0.401,-174.701,2.483,2.360
[17:54:12.225] imu_att:-0.040,-0.006,-0.402,-174.933,2.264,2.342
[17:54:12.265] imu_att:-0.040,-0.011,-0.402,-174.323,3.052,2.414
[17:54:12.305] imu_att:-0.021,0.004,-0.403,-175.847,1.780,2.365
[17:54:12.344] imu_att:-0.030,0.002,-0.404,-174.620,2.371,2.312
[17:54:12.386] imu_att:-0.042,-0.016,-0.406,-174.959,2.466,2.359
[17:54:12.425] imu_att:-0.028,-0.013,-0.406,-175.127,2.039,2.313
[17:54:12.465] imu_att:-0.033,-0.001,-0.406,-174.887,2.559,2.331
[17:54:12.504] imu_att:-0.031,-0.003,-0.406,-174.709,2.700,2.425
[17:54:12.546] imu_att:-0.037,0.004,-0.406,-173.859,2.909,2.490
[17:54:12.585] imu_att:-0.036,-0.003,-0.407,-174.807,2.520,2.557
[17:54:12.625] imu_att:-0.055,-0.006,-0.407,-174.591,2.370,2.468
[17:54:12.665] imu_att:-0.059,-0.015,-0.406,-174.749,2.124,2.462
[17:54:12.706] imu_att:-0.054,-0.014,-0.407,-175.753,1.854,2.450
[17:54:12.745] imu_att:-0.053,-0.019,-0.407,-174.631,2.412,2.408
[17:54:12.785] imu_att:-0.053,-0.013,-0.406,-175.227,2.226,2.415
[17:54:12.825] imu_att:-0.033,-0.014,-0.407,-175.085,2.294,2.362
[17:54:12.866] imu_att:-0.036,-0.026,-0.406,-175.096,2.331,2.342
[17:54:12.905] imu_att:-0.025,-0.009,-0.406,-174.742,2.406,2.334
[17:54:12.945] imu_att:-0.030,-0.006,-0.408,-175.014,2.473,2.366
[17:54:12.985] imu_att:-0.022,-0.001,-0.408,-175.305,1.932,2.324
[17:54:13.024] imu_att:-0.027,-0.004,-0.409,-175.097,2.419,2.314
[17:54:13.066] imu_att:-0.023,-0.009,-0.409,-174.803,2.832,2.402
[17:54:13.105] imu_att:-0.029,-0.012,-0.409,-174.761,2.251,2.382
[17:54:13.145] imu_att:-0.057,-0.020,-0.409,-174.734,2.485,2.392
[17:54:13.185] imu_att:-0.057,-0.022,-0.409,-174.566,2.623,2.434
[17:54:13.226] imu_att:-0.052,-0.011,-0.409,-175.034,2.350,2.444
[17:54:13.265] imu_att:-0.037,-0.005,-0.410,-174.409,2.626,2.489
[17:54:13.305] imu_att:-0.022,-0.018,-0.410,-174.632,2.574,2.498
[17:54:13.344] imu_att:-0.033,-0.025,-0.409,-174.745,2.442,2.468
[17:54:13.385] imu_att:-0.053,-0.022,-0.409,-174.986,2.312,2.462
[17:54:13.425] imu_att:-0.032,-0.011,-0.409,-175.277,2.265,2.435
[17:54:13.465] imu_att:-0.031,-0.012,-0.410,-174.785,2.390,2.412
[17:54:13.505] imu_att:-0.041,-0.010,-0.411,-175.205,2.196,2.386
[17:54:13.544] imu_att:-0.051,-0.014,-0.411,-173.957,2.394,2.322
[17:54:13.586] imu_att:-0.032,-0.003,-0.412,-174.863,2.435,2.383
[17:54:13.625] imu_att:-0.042,-0.007,-0.411,-174.623,2.624,2.420
[17:54:13.665] imu_att:-0.042,-0.013,-0.410,-174.702,2.492,2.433
[17:54:13.704] imu_att:-0.038,0.004,-0.411,-174.652,2.551,2.449
[17:54:13.746] imu_att:-0.037,0.007,-0.411,-175.157,2.405,2.507
[17:54:13.785] imu_att:-0.034,-0.006,-0.413,-174.714,2.307,2.452
[17:54:13.825] imu_att:-0.050,-0.013,-0.413,-174.968,2.599,2.461
[17:54:13.865] imu_att:-0.034,-0.001,-0.414,-173.618,2.883,2.452
[17:54:13.905] imu_att:-0.029,-0.004,-0.415,-174.725,2.520,2.485
[17:54:13.945] imu_att:-0.026,0.004,-0.416,-174.317,2.879,2.542
[17:54:13.985] imu_att:-0.030,0.013,-0.417,-174.568,2.915,2.619
[17:54:14.025] imu_att:-0.036,0.011,-0.417,-175.036,2.233,2.591
[17:54:14.064] imu_att:-0.031,0.006,-0.417,-175.014,2.054,2.445
[17:54:14.105] imu_att:-0.036,0.003,-0.418,-174.756,2.454,2.423
[17:54:14.145] imu_att:-0.036,-0.008,-0.417,-175.182,2.233,2.426
[17:54:14.185] imu_att:-0.038,-0.010,-0.416,-174.734,2.422,2.402
[17:54:14.224] imu_att:-0.033,-0.007,-0.418,-174.829,2.380,2.375
[17:54:14.266] imu_att:-0.047,-0.013,-0.419,-174.856,2.168,2.329
[17:54:14.305] imu_att:-0.040,-0.010,-0.419,-175.441,2.144,2.319
[17:54:14.345] imu_att:-0.037,-0.009,-0.419,-175.213,1.737,2.238
[17:54:14.385] imu_att:-0.030,-0.008,-0.420,-175.089,2.042,2.158
[17:54:14.426] imu_att:-0.027,-0.011,-0.422,-175.073,1.911,2.110
[17:54:14.465] imu_att:-0.038,-0.017,-0.420,-174.919,2.549,2.192
[17:54:14.505] imu_att:-0.034,-0.014,-0.420,-176.139,1.460,2.168
[17:54:14.544] imu_att:-0.028,-0.002,-0.420,-175.707,1.852,2.161
[17:54:14.584] imu_att:-0.037,-0.015,-0.421,-174.906,2.361,2.176
[17:54:14.626] imu_att:-0.048,-0.008,-0.422,-174.719,2.467,2.217
[17:54:14.665] imu_att:-0.038,-0.007,-0.422,-174.948,2.820,2.337
[17:54:14.705] imu_att:-0.028,0.002,-0.423,-174.455,2.350,2.369
[17:54:14.746] imu_att:-0.029,0.009,-0.423,-174.866,2.251,2.359
[17:54:14.785] imu_att:-0.017,0.004,-0.424,-174.735,2.418,2.356
[17:54:14.825] imu_att:-0.039,0.012,-0.424,-174.709,2.348,2.341
[17:54:14.865] imu_att:-0.035,-0.002,-0.423,-174.939,2.374,2.362
[17:54:14.906] imu_att:-0.025,-0.010,-0.423,-175.038,2.244,2.381
[17:54:14.945] imu_att:-0.028,-0.006,-0.425,-175.051,2.187,2.347
[17:54:14.985] imu_att:-0.020,-0.008,-0.426,-175.071,2.132,2.309
[17:54:15.025] imu_att:-0.021,-0.005,-0.427,-174.780,2.461,2.340
[17:54:15.064] imu_att:-0.024,0.003,-0.428,-174.760,2.433,2.392
[17:54:15.105] imu_att:-0.028,0.003,-0.428,-174.760,2.490,2.410
[17:54:15.145] imu_att:-0.022,0.006,-0.430,-174.756,2.615,2.452
[17:54:15.185] imu_att:-0.034,0.005,-0.430,-175.475,1.936,2.434
[17:54:15.224] imu_att:-0.043,0.001,-0.430,-174.925,2.228,2.376
[17:54:15.264] imu_att:-0.052,-0.020,-0.432,-175.060,2.140,2.334
[17:54:15.305] imu_att:-0.035,-0.002,-0.433,-175.036,2.325,2.320
[17:54:15.345] imu_att:-0.035,-0.001,-0.434,-175.200,2.267,2.346
[17:54:15.385] imu_att:-0.028,0.008,-0.434,-175.379,1.595,2.271
[17:54:15.426] imu_att:-0.021,0.008,-0.435,-174.330,2.355,2.216
[17:54:15.465] imu_att:-0.015,0.015,-0.435,-174.408,2.536,2.234
[17:54:15.505] imu_att:-0.029,-0.004,-0.435,-175.486,2.473,2.318
[17:54:15.545] imu_att:-0.024,-0.011,-0.436,-175.083,2.165,2.290
[17:54:15.584] imu_att:-0.039,-0.010,-0.436,-174.650,2.585,2.331
[17:54:15.625] imu_att:-0.042,-0.000,-0.437,-174.802,2.396,2.347
[17:54:15.665] imu_att:-0.042,-0.007,-0.436,-175.094,2.308,2.360
[17:54:15.705] imu_att:-0.042,-0.010,-0.436,-175.983,2.119,2.353
[17:54:15.745] imu_att:-0.037,-0.012,-0.436,-175.249,2.218,2.321
[17:54:15.786] imu_att:-0.029,-0.005,-0.437,-175.043,2.317,2.346
[17:54:15.825] imu_att:-0.043,-0.007,-0.438,-174.767,2.436,2.375
[17:54:15.865] imu_att:-0.034,-0.018,-0.438,-175.623,1.839,2.317
[17:54:15.905] imu_att:-0.028,-0.006,-0.440,-174.731,2.646,2.301
[17:54:15.945] imu_att:-0.036,-0.009,-0.439,-175.498,2.136,2.348
[17:54:15.985] imu_att:-0.025,0.008,-0.440,-175.693,1.740,2.286
[17:54:16.025] imu_att:-0.011,-0.005,-0.440,-175.265,2.154,2.255
[17:54:16.065] imu_att:-0.030,-0.018,-0.439,-175.613,1.672,2.181
[17:54:16.104] imu_att:-0.046,-0.017,-0.436,-175.029,2.120,2.120
[17:54:16.146] imu_att:-0.036,-0.014,-0.437,-174.400,2.498,2.172
[17:54:16.185] imu_att:-0.043,-0.013,-0.439,-174.942,2.396,2.239
[17:54:16.225] imu_att:-0.035,0.001,-0.439,-174.926,2.440,2.310
[17:54:16.265] imu_att:-0.041,0.006,-0.439,-174.598,2.411,2.331
[17:54:16.306] imu_att:-0.033,0.004,-0.438,-174.765,2.553,2.393
[17:54:16.345] imu_att:-0.026,-0.005,-0.439,-174.802,2.365,2.380
[17:54:16.385] imu_att:-0.028,-0.008,-0.440,-174.502,2.416,2.368
[17:54:16.425] imu_att:-0.031,-0.013,-0.440,-175.076,2.419,2.407
[17:54:16.464] imu_att:-0.043,-0.007,-0.442,-175.545,2.073,2.380
[17:54:16.506] imu_att:-0.045,-0.012,-0.441,-175.395,2.114,2.329
[17:54:16.545] imu_att:-0.035,-0.022,-0.441,-174.750,2.421,2.305
[17:54:16.585] imu_att:-0.041,-0.016,-0.441,-174.896,2.422,2.332
[17:54:16.624] imu_att:-0.039,0.001,-0.442,-174.947,1.945,2.297
[17:54:16.666] imu_att:-0.029,-0.001,-0.443,-174.961,2.079,2.230
[17:54:16.705] imu_att:-0.033,0.007,-0.444,-175.394,1.901,2.194
[17:54:16.745] imu_att:-0.019,-0.003,-0.445,-174.999,2.211,2.178
[17:54:16.785] imu_att:-0.033,-0.004,-0.446,-174.377,2.697,2.229
[17:54:16.824] imu_att:-0.029,-0.015,-0.448,-175.058,2.272,2.269
[17:54:16.865] imu_att:-0.022,-0.015,-0.449,-174.953,2.154,2.215
[17:54:16.905] imu_att:-0.029,-0.013,-0.449,-174.901,2.263,2.231
[17:54:16.945] imu_att:-0.041,-0.004,-0.450,-174.603,2.516,2.263
[17:54:16.984] imu_att:-0.047,-0.006,-0.451,-175.032,2.202,2.259
[17:54:17.026] imu_att:-0.051,-0.011,-0.451,-174.971,2.419,2.274
[17:54:17.065] imu_att:-0.046,-0.007,-0.452,-174.653,2.383,2.283
[17:54:17.105] imu_att:-0.044,-0.015,-0.451,-174.575,2.716,2.362
[17:54:17.144] imu_att:-0.040,-0.012,-0.452,-173.912,3.031,2.416
[17:54:17.186] imu_att:-0.048,-0.008,-0.453,-174.593,2.597,2.473
[17:54:17.225] imu_att:-0.043,-0.008,-0.453,-174.587,2.497,2.472
[17:54:17.265] imu_att:-0.038,-0.007,-0.452,-174.801,2.355,2.452
[17:54:17.304] imu_att:-0.028,-0.004,-0.452,-174.888,2.565,2.469
[17:54:17.346] imu_att:-0.031,-0.012,-0.453,-174.902,2.415,2.472
[17:54:17.386] imu_att:-0.029,-0.010,-0.453,-175.574,1.901,2.419
[17:54:17.425] imu_att:-0.018,-0.001,-0.453,-174.912,2.573,2.407
[17:54:17.465] imu_att:-0.023,0.003,-0.455,-175.496,1.966,2.383
[17:54:17.504] imu_att:-0.014,-0.004,-0.458,-175.200,2.088,2.277
[17:54:17.546] imu_att:-0.025,-0.004,-0.457,-175.274,1.975,2.229
[17:54:17.585] imu_att:-0.027,0.006,-0.458,-174.403,2.793,2.282
[17:54:17.625] imu_att:-0.038,0.007,-0.457,-175.727,2.074,2.347
[17:54:17.664] imu_att:-0.033,0.001,-0.459,-173.847,2.979,2.354
[17:54:17.706] imu_att:-0.023,0.005,-0.460,-175.028,2.438,2.433
[17:54:17.745] imu_att:-0.029,0.003,-0.459,-175.207,2.512,2.483
[17:54:17.785] imu_att:-0.027,-0.001,-0.460,-174.650,2.509,2.472
[17:54:17.824] imu_att:-0.045,-0.013,-0.459,-175.846,1.633,2.426
[17:54:17.865] imu_att:-0.052,-0.016,-0.460,-175.711,1.544,2.291
[17:54:17.905] imu_att:-0.063,-0.011,-0.460,-175.065,2.230,2.229
[17:54:17.945] imu_att:-0.040,-0.009,-0.460,-175.183,2.496,2.286
[17:54:17.985] imu_att:-0.055,-0.008,-0.460,-175.054,2.132,2.273
[17:54:18.026] imu_att:-0.047,-0.006,-0.461,-175.232,2.013,2.227
[17:54:18.066] imu_att:-0.046,-0.015,-0.461,-174.716,2.475,2.228
[17:54:18.105] imu_att:-0.042,-0.019,-0.461,-175.576,2.065,2.273
[17:54:18.145] imu_att:-0.031,-0.003,-0.462,-175.052,2.186,2.238
[17:54:18.185] imu_att:-0.045,-0.002,-0.463,-174.601,2.707,2.334
[17:54:18.226] imu_att:-0.051,-0.015,-0.463,-174.505,2.661,2.400
[17:54:18.265] imu_att:-0.043,-0.017,-0.463,-174.702,2.295,2.386
[17:54:18.305] imu_att:-0.042,-0.002,-0.464,-174.410,2.556,2.367
[17:54:18.344] imu_att:-0.047,-0.002,-0.463,-175.398,2.092,2.397
[17:54:18.386] imu_att:-0.044,-0.015,-0.464,-174.907,2.298,2.392
[17:54:18.425] imu_att:-0.037,-0.017,-0.464,-174.622,2.425,2.372
[17:54:18.465] imu_att:-0.035,-0.008,-0.466,-175.753,1.596,2.285
[17:54:18.505] imu_att:-0.037,-0.013,-0.468,-175.011,2.158,2.200
[17:54:18.545] imu_att:-0.022,-0.006,-0.469,-175.045,2.214,2.202
[17:54:18.586] imu_att:-0.025,-0.011,-0.468,-174.654,2.735,2.299
[17:54:18.625] imu_att:-0.034,-0.003,-0.469,-175.543,2.208,2.320
[17:54:18.665] imu_att:-0.025,-0.007,-0.469,-174.691,2.673,2.378
[17:54:18.704] imu_att:-0.033,0.001,-0.470,-174.398,2.568,2.424
[17:54:18.746] imu_att:-0.037,0.000,-0.472,-175.083,2.115,2.416
[17:54:18.785] imu_att:-0.034,-0.012,-0.472,-174.673,2.370,2.376
[17:54:18.825] imu_att:-0.044,-0.009,-0.474,-175.202,2.245,2.404
[17:54:18.864] imu_att:-0.043,-0.013,-0.475,-174.439,2.574,2.378
[17:54:18.905] imu_att:-0.046,-0.001,-0.475,-174.429,2.763,2.432
[17:54:18.946] imu_att:-0.043,0.004,-0.476,-175.402,2.057,2.447
[17:54:18.985] imu_att:-0.027,-0.002,-0.476,-174.823,2.283,2.391
[17:54:19.024] imu_att:-0.036,-0.019,-0.475,-174.740,2.560,2.419
[17:54:19.066] imu_att:-0.042,-0.025,-0.474,-175.334,2.023,2.410
[17:54:19.105] imu_att:-0.045,-0.018,-0.476,-174.609,2.493,2.369
[17:54:19.145] imu_att:-0.036,-0.016,-0.477,-175.461,2.025,2.315
[17:54:19.185] imu_att:-0.027,-0.001,-0.478,-175.499,2.057,2.270
[17:54:19.226] imu_att:-0.015,-0.002,-0.479,-174.368,2.456,2.254
[17:54:19.265] imu_att:-0.044,-0.003,-0.480,-174.939,2.410,2.311
[17:54:19.305] imu_att:-0.044,-0.007,-0.480,-174.781,2.349,2.294
[17:54:19.345] imu_att:-0.039,-0.010,-0.482,-175.225,2.008,2.269
[17:54:19.384] imu_att:-0.032,-0.004,-0.484,-175.238,2.049,2.279
[17:54:19.425] imu_att:-0.038,0.003,-0.485,-175.542,2.142,2.275
[17:54:19.465] imu_att:-0.033,-0.001,-0.485,-174.981,2.218,2.232
[17:54:19.505] imu_att:-0.021,0.002,-0.487,-174.953,2.303,2.245
[17:54:19.544] imu_att:-0.033,-0.003,-0.485,-174.722,2.525,2.288
[17:54:19.585] imu_att:-0.039,0.002,-0.487,-174.798,2.501,2.317
[17:54:19.625] imu_att:-0.044,-0.006,-0.487,-174.348,2.313,2.327
[17:54:19.665] imu_att:-0.036,-0.005,-0.486,-174.645,2.549,2.370
[17:54:19.704] imu_att:-0.041,0.002,-0.487,-174.902,2.289,2.342
[17:54:19.745] imu_att:-0.028,0.005,-0.487,-175.911,1.858,2.326
[17:54:19.785] imu_att:-0.034,-0.004,-0.487,-174.854,2.389,2.336
[17:54:19.825] imu_att:-0.027,0.002,-0.486,-174.257,2.798,2.340
[17:54:19.865] imu_att:-0.030,0.009,-0.487,-174.247,2.473,2.344
[17:54:19.906] imu_att:-0.026,0.006,-0.488,-175.202,2.066,2.356
[17:54:19.945] imu_att:-0.024,-0.000,-0.489,-175.351,1.901,2.262
[17:54:19.985] imu_att:-0.040,-0.014,-0.488,-174.452,2.730,2.302
[17:54:20.025] imu_att:-0.032,-0.017,-0.488,-174.801,2.490,2.357
[17:54:20.064] imu_att:-0.032,-0.014,-0.488,-174.918,2.306,2.358
[17:54:20.105] imu_att:-0.035,-0.013,-0.488,-175.045,2.334,2.346
[17:54:20.145] imu_att:-0.043,-0.009,-0.489,-174.721,2.364,2.327
[17:54:20.185] imu_att:-0.048,0.006,-0.489,-174.969,2.261,2.320
[17:54:20.224] imu_att:-0.032,-0.011,-0.489,-175.746,1.690,2.276
[17:54:20.266] imu_att:-0.030,-0.004,-0.490,-174.626,2.376,2.205
[17:54:20.305] imu_att:-0.040,-0.006,-0.491,-174.683,2.443,2.266
[17:54:20.345] imu_att:-0.024,-0.011,-0.491,-175.339,2.152,2.274
[17:54:20.385] imu_att:-0.025,-0.012,-0.491,-175.240,2.039,2.258
[17:54:20.424] imu_att:-0.036,-0.012,-0.492,-175.196,2.333,2.263
[17:54:20.465] imu_att:-0.040,-0.008,-0.491,-175.327,2.110,2.257
[17:54:20.505] imu_att:-0.027,-0.004,-0.491,-175.063,2.340,2.337
[17:54:20.545] imu_att:-0.040,-0.012,-0.491,-175.044,2.271,2.328
[17:54:20.585] imu_att:-0.035,-0.008,-0.491,-174.914,1.977,2.263
[17:54:20.626] imu_att:-0.020,-0.006,-0.491,-175.457,2.202,2.229
[17:54:20.665] imu_att:-0.018,-0.021,-0.491,-175.387,1.932,2.204
[17:54:20.705] imu_att:-0.035,-0.008,-0.492,-174.503,2.047,2.151
[17:54:20.745] imu_att:-0.034,-0.008,-0.493,-175.320,2.041,2.115
[17:54:20.786] imu_att:-0.051,-0.014,-0.492,-175.356,2.086,2.141
[17:54:20.825] imu_att:-0.059,-0.013,-0.493,-174.756,2.516,2.178
[17:54:20.865] imu_att:-0.038,-0.006,-0.493,-175.612,1.895,2.181
[17:54:20.904] imu_att:-0.046,-0.014,-0.493,-174.927,2.127,2.163
[17:54:20.944] imu_att:-0.015,-0.016,-0.493,-175.594,1.775,2.173
[17:54:20.986] imu_att:-0.029,-0.009,-0.494,-174.933,2.294,2.136
[17:54:21.025] imu_att:-0.033,0.000,-0.495,-174.917,2.330,2.168
[17:54:21.065] imu_att:-0.042,-0.004,-0.496,-175.244,2.206,2.191
[17:54:21.104] imu_att:-0.047,-0.016,-0.496,-175.024,2.663,2.221
[17:54:21.145] imu_att:-0.043,-0.015,-0.498,-174.678,2.378,2.243
[17:54:21.186] imu_att:-0.041,-0.026,-0.498,-175.031,2.432,2.311
[17:54:21.225] imu_att:-0.029,-0.010,-0.497,-174.747,2.314,2.309
[17:54:21.264] imu_att:-0.035,-0.002,-0.499,-175.714,1.514,2.174
[17:54:21.305] imu_att:-0.030,0.003,-0.498,-175.643,2.081,2.151
[17:54:21.345] imu_att:-0.028,0.000,-0.498,-175.870,2.518,2.173
[17:54:21.385] imu_att:-0.040,0.003,-0.498,-175.212,1.839,2.127
[17:54:21.424] imu_att:-0.033,0.004,-0.499,-175.068,2.107,2.097
[17:54:21.464] imu_att:-0.033,0.002,-0.500,-175.317,1.920,2.090
[17:54:21.505] imu_att:-0.047,-0.030,-0.498,-174.793,2.452,2.147
[17:54:21.545] imu_att:-0.047,-0.013,-0.498,-174.396,2.665,2.201
[17:54:21.585] imu_att:-0.031,-0.012,-0.500,-174.892,2.286,2.213
[17:54:21.624] imu_att:-0.046,-0.011,-0.499,-174.479,2.579,2.239
[17:54:21.665] imu_att:-0.051,-0.011,-0.498,-174.917,2.427,2.268
[17:54:21.705] imu_att:-0.022,-0.011,-0.499,-174.978,2.308,2.307
[17:54:21.745] imu_att:-0.036,-0.006,-0.500,-175.199,1.987,2.262
[17:54:21.784] imu_att:-0.028,-0.012,-0.501,-175.168,1.985,2.235
[17:54:21.825] imu_att:-0.040,-0.016,-0.500,-174.647,2.244,2.223
[17:54:21.865] imu_att:-0.044,-0.009,-0.502,-175.498,1.927,2.215
[17:54:21.905] imu_att:-0.042,-0.005,-0.502,-175.511,1.710,2.138
[17:54:21.944] imu_att:-0.042,0.004,-0.505,-174.962,2.199,2.127
[17:54:21.986] imu_att:-0.028,-0.003,-0.506,-175.018,2.234,2.147
[17:54:22.025] imu_att:-0.025,-0.004,-0.506,-174.731,2.573,2.184
[17:54:22.065] imu_att:-0.035,-0.013,-0.506,-175.055,2.564,2.314
[17:54:22.104] imu_att:-0.032,-0.008,-0.506,-174.898,2.272,2.282
[17:54:22.146] imu_att:-0.036,-0.022,-0.507,-174.756,2.478,2.283
[17:54:22.185] imu_att:-0.030,-0.013,-0.506,-175.294,2.118,2.300
[17:54:22.225] imu_att:-0.038,-0.006,-0.506,-174.445,2.559,2.311
[17:54:22.265] imu_att:-0.036,-0.015,-0.507,-175.193,2.225,2.337
[17:54:22.305] imu_att:-0.036,-0.010,-0.507,-174.409,2.280,2.292
[17:54:22.345] imu_att:-0.040,-0.008,-0.507,-175.033,2.199,2.275
[17:54:22.385] imu_att:-0.035,-0.011,-0.508,-174.288,2.700,2.290
[17:54:22.425] imu_att:-0.058,-0.003,-0.507,-174.694,2.537,2.352
[17:54:22.465] imu_att:-0.053,-0.013,-0.506,-174.712,2.528,2.378
[17:54:22.505] imu_att:-0.052,-0.035,-0.506,-175.264,2.448,2.409
[17:54:22.545] imu_att:-0.058,-0.031,-0.506,-175.360,2.109,2.394
[17:54:22.585] imu_att:-0.039,-0.012,-0.506,-174.595,2.234,2.322
[17:54:22.624] imu_att:-0.030,-0.010,-0.507,-175.375,2.024,2.272
[17:54:22.665] imu_att:-0.036,-0.003,-0.507,-174.415,2.618,2.299
[17:54:22.705] imu_att:-0.031,0.002,-0.508,-175.229,2.071,2.290
[17:54:22.745] imu_att:-0.036,-0.003,-0.509,-174.316,2.617,2.326
[17:54:22.784] imu_att:-0.036,-0.006,-0.511,-174.737,2.273,2.323
[17:54:22.826] imu_att:-0.035,-0.020,-0.511,-173.581,3.175,2.377
[17:54:22.865] imu_att:-0.023,-0.005,-0.512,-175.605,1.613,2.315
[17:54:22.905] imu_att:-0.020,-0.004,-0.514,-175.095,2.065,2.233
[17:54:22.944] imu_att:-0.032,-0.013,-0.516,-174.716,2.354,2.226
[17:54:22.984] imu_att:-0.035,-0.008,-0.517,-174.908,2.473,2.274
[17:54:23.025] imu_att:-0.043,-0.004,-0.518,-174.900,2.200,2.271
[17:54:23.065] imu_att:-0.034,-0.005,-0.518,-175.649,1.786,2.235
[17:54:23.105] imu_att:-0.036,-0.010,-0.519,-174.487,2.185,2.201
[17:54:23.144] imu_att:-0.028,-0.008,-0.519,-175.544,1.992,2.248
[17:54:23.185] imu_att:-0.030,-0.007,-0.517,-176.063,1.976,2.306
[17:54:23.225] imu_att:-0.027,-0.004,-0.517,-175.898,1.341,2.167
[17:54:23.265] imu_att:-0.036,-0.001,-0.519,-174.970,2.326,2.160
[17:54:23.306] imu_att:-0.045,-0.013,-0.519,-175.482,1.871,2.121
[17:54:23.346] imu_att:-0.029,-0.017,-0.520,-174.951,2.323,2.112
[17:54:23.385] imu_att:-0.042,-0.013,-0.521,-175.641,2.042,2.156
[17:54:23.425] imu_att:-0.018,-0.003,-0.522,-174.642,2.132,2.160
[17:54:23.464] imu_att:-0.036,-0.016,-0.522,-174.659,2.579,2.223
[17:54:23.505] imu_att:-0.031,-0.008,-0.523,-174.753,2.630,2.282
[17:54:23.545] imu_att:-0.034,-0.011,-0.523,-174.724,2.480,2.308
[17:54:23.585] imu_att:-0.035,-0.014,-0.524,-174.937,2.308,2.317
[17:54:23.625] imu_att:-0.037,-0.005,-0.527,-174.453,2.589,2.290
[17:54:23.666] imu_att:-0.046,0.001,-0.527,-175.207,2.241,2.333
[17:54:23.705] imu_att:-0.035,0.013,-0.527,-175.426,2.041,2.290
[17:54:23.745] imu_att:-0.036,0.006,-0.528,-175.108,2.197,2.280
[17:54:23.785] imu_att:-0.028,-0.005,-0.528,-174.648,2.548,2.295
[17:54:23.824] imu_att:-0.033,-0.007,-0.528,-175.575,1.948,2.303
[17:54:23.865] imu_att:-0.034,-0.010,-0.528,-175.091,2.032,2.262
[17:54:23.905] imu_att:-0.020,-0.013,-0.528,-174.676,2.402,2.247
[17:54:23.945] imu_att:-0.028,-0.015,-0.529,-174.436,2.800,2.331
[17:54:23.984] imu_att:-0.019,0.003,-0.531,-174.729,2.435,2.368
[17:54:24.026] imu_att:-0.028,-0.006,-0.530,-175.229,2.014,2.328
[17:54:24.065] imu_att:-0.041,-0.006,-0.531,-175.198,2.386,2.355
[17:54:24.105] imu_att:-0.040,-0.008,-0.531,-174.609,2.584,2.350
[17:54:24.144] imu_att:-0.040,-0.024,-0.532,-175.062,2.245,2.354
[17:54:24.185] imu_att:-0.029,-0.010,-0.532,-175.571,1.960,2.327
[17:54:24.225] imu_att:-0.030,-0.008,-0.532,-175.110,2.214,2.281
[17:54:24.265] imu_att:-0.042,0.002,-0.532,-174.744,2.378,2.303
[17:54:24.305] imu_att:-0.040,0.008,-0.533,-175.540,1.802,2.258
[17:54:24.344] imu_att:-0.046,0.001,-0.535,-174.878,2.547,2.312
[17:54:24.385] imu_att:-0.029,0.014,-0.537,-174.715,2.499,2.363
[17:54:24.425] imu_att:-0.040,0.011,-0.537,-175.289,2.024,2.349
[17:54:24.464] imu_att:-0.053,0.003,-0.537,-174.896,2.326,2.306
[17:54:24.506] imu_att:-0.035,0.006,-0.538,-175.221,2.148,2.343
[17:54:24.545] imu_att:-0.032,-0.001,-0.538,-174.626,2.533,2.353
[17:54:24.585] imu_att:-0.030,-0.006,-0.539,-174.860,2.348,2.345
[17:54:24.625] imu_att:-0.035,-0.004,-0.537,-174.544,2.430,2.359
[17:54:24.665] imu_att:-0.024,-0.019,-0.538,-174.529,2.402,2.376
[17:54:24.705] imu_att:-0.034,-0.016,-0.539,-175.195,2.239,2.369
[17:54:24.745] imu_att:-0.029,-0.002,-0.539,-175.333,1.959,2.314
[17:54:24.785] imu_att:-0.029,0.003,-0.540,-175.326,2.050,2.285
[17:54:24.824] imu_att:-0.027,0.001,-0.541,-175.054,2.026,2.238
[17:54:24.865] imu_att:-0.034,-0.001,-0.542,-175.064,2.262,2.234
[17:54:24.905] imu_att:-0.036,-0.012,-0.543,-175.306,1.925,2.174
[17:54:24.945] imu_att:-0.033,-0.005,-0.544,-174.772,2.219,2.139
[17:54:24.984] imu_att:-0.015,-0.006,-0.545,-174.952,2.301,2.168
[17:54:25.026] imu_att:-0.038,-0.020,-0.546,-174.787,2.458,2.202
[17:54:25.065] imu_att:-0.035,-0.017,-0.545,-175.324,1.875,2.207
[17:54:25.105] imu_att:-0.034,-0.010,-0.547,-174.777,2.402,2.182
[17:54:25.144] imu_att:-0.040,-0.007,-0.546,-175.209,2.233,2.207
[17:54:25.184] imu_att:-0.029,0.001,-0.544,-175.054,2.489,2.236
[17:54:25.225] imu_att:-0.032,0.005,-0.545,-175.481,1.928,2.173
[17:54:25.265] imu_att:-0.025,-0.003,-0.546,-175.243,2.191,2.203
[17:54:25.304] imu_att:-0.004,0.005,-0.547,-175.066,1.934,2.173
[17:54:25.346] imu_att:-0.020,-0.004,-0.549,-174.938,2.238,2.160
[17:54:25.385] imu_att:-0.027,0.000,-0.551,-175.015,2.155,2.148
[17:54:25.425] imu_att:-0.037,0.002,-0.550,-175.010,2.240,2.163
[17:54:25.465] imu_att:-0.023,-0.005,-0.550,-174.738,2.353,2.158
[17:54:25.505] imu_att:-0.032,0.000,-0.550,-174.908,2.256,2.176
[17:54:25.545] imu_att:-0.025,0.008,-0.551,-175.199,2.262,2.189
[17:54:25.585] imu_att:-0.015,-0.007,-0.552,-175.049,2.267,2.209
[17:54:25.625] imu_att:-0.032,-0.015,-0.552,-174.951,2.239,2.218
[17:54:25.664] imu_att:-0.024,-0.008,-0.551,-174.632,2.583,2.249
[17:54:25.705] imu_att:-0.024,-0.002,-0.551,-175.194,2.393,2.297
[17:54:25.745] imu_att:-0.031,0.007,-0.550,-175.234,1.812,2.237
[17:54:25.785] imu_att:-0.023,-0.016,-0.550,-175.705,1.958,2.177
[17:54:25.824] imu_att:-0.036,-0.015,-0.550,-175.340,1.957,2.114
[17:54:25.865] imu_att:-0.033,-0.019,-0.551,-174.688,2.454,2.133
[17:54:25.905] imu_att:-0.023,-0.010,-0.552,-174.941,2.316,2.175
[17:54:25.945] imu_att:-0.042,-0.007,-0.553,-175.338,2.368,2.216
[17:54:25.984] imu_att:-0.034,-0.012,-0.554,-175.535,1.871,2.198
[17:54:26.026] imu_att:-0.037,-0.013,-0.555,-175.210,2.108,2.177
[17:54:26.065] imu_att:-0.037,-0.005,-0.554,-175.054,2.170,2.166
[17:54:26.105] imu_att:-0.023,-0.017,-0.555,-174.621,2.555,2.216
[17:54:26.144] imu_att:-0.025,-0.010,-0.557,-175.603,1.857,2.198
[17:54:26.186] imu_att:-0.031,-0.013,-0.558,-175.563,1.778,2.096
[17:54:26.225] imu_att:-0.030,-0.010,-0.558,-174.324,2.442,2.115
[17:54:26.265] imu_att:-0.034,-0.014,-0.558,-175.903,2.193,2.192
[17:54:26.305] imu_att:-0.021,-0.020,-0.558,-175.710,1.692,2.150
[17:54:26.344] imu_att:-0.031,-0.002,-0.558,-175.324,2.000,2.118
[17:54:26.385] imu_att:-0.027,-0.001,-0.559,-174.400,2.706,2.145
[17:54:26.425] imu_att:-0.028,0.000,-0.562,-174.916,2.422,2.238
[17:54:26.465] imu_att:-0.042,-0.006,-0.562,-175.376,1.978,2.200
[17:54:26.504] imu_att:-0.034,-0.011,-0.563,-175.888,1.611,2.148
[17:54:26.546] imu_att:-0.019,-0.000,-0.564,-175.385,1.624,2.057
[17:54:26.585] imu_att:-0.031,-0.007,-0.566,-175.382,1.919,2.032
[17:54:26.625] imu_att:-0.036,-0.000,-0.566,-175.243,2.085,2.029
[17:54:26.664] imu_att:-0.031,0.012,-0.567,-175.014,2.185,2.039
[17:54:26.705] imu_att:-0.027,0.007,-0.569,-175.646,2.084,2.147
[17:54:26.745] imu_att:-0.019,-0.005,-0.570,-175.023,1.758,2.077
[17:54:26.785] imu_att:-0.025,0.010,-0.571,-176.236,1.253,2.004
[17:54:26.825] imu_att:-0.027,0.005,-0.572,-175.497,1.719,1.944
[17:54:26.864] imu_att:-0.029,-0.004,-0.571,-175.233,1.806,1.868
[17:54:26.905] imu_att:-0.018,0.009,-0.572,-175.289,1.973,1.886
[17:54:26.945] imu_att:-0.021,-0.003,-0.575,-175.028,2.081,1.906
[17:54:26.985] imu_att:-0.042,-0.006,-0.574,-174.783,2.420,2.007
[17:54:27.024] imu_att:-0.039,-0.008,-0.573,-175.193,1.977,2.020
[17:54:27.066] imu_att:-0.051,-0.021,-0.572,-174.805,2.405,2.056
[17:54:27.105] imu_att:-0.032,-0.031,-0.572,-175.869,1.864,2.118
[17:54:27.145] imu_att:-0.016,-0.015,-0.573,-174.889,2.158,2.080
[17:54:27.184] imu_att:-0.029,0.002,-0.575,-174.913,2.388,2.118
[17:54:27.225] imu_att:-0.037,0.001,-0.576,-175.305,1.976,2.111
[17:54:27.265] imu_att:-0.039,0.007,-0.576,-175.488,1.887,2.104
[17:54:27.305] imu_att:-0.035,-0.002,-0.576,-175.255,1.965,2.053
[17:54:27.344] imu_att:-0.034,0.001,-0.577,-175.305,1.888,2.036
[17:54:27.384] imu_att:-0.026,-0.004,-0.578,-175.412,1.866,2.026
[17:54:27.425] imu_att:-0.034,0.003,-0.579,-175.163,2.079,2.027
[17:54:27.465] imu_att:-0.030,0.012,-0.579,-175.829,1.670,2.053
[17:54:27.504] imu_att:-0.029,0.004,-0.579,-174.073,2.747,2.085
[17:54:27.544] imu_att:-0.033,0.001,-0.580,-175.222,2.212,2.168
[17:54:27.585] imu_att:-0.030,0.000,-0.580,-174.968,2.022,2.111
[17:54:27.625] imu_att:-0.029,-0.013,-0.580,-174.640,2.556,2.163
[17:54:27.664] imu_att:-0.032,-0.020,-0.582,-174.949,2.275,2.192
[17:54:27.704] imu_att:-0.033,-0.003,-0.583,-174.874,2.378,2.200
[17:54:27.746] imu_att:-0.028,0.011,-0.582,-175.959,1.591,2.192
[17:54:27.785] imu_att:-0.035,-0.001,-0.584,-175.241,2.202,2.158
[17:54:27.825] imu_att:-0.022,-0.006,-0.584,-175.236,1.942,2.092
[17:54:27.864] imu_att:-0.033,0.008,-0.584,-175.466,1.968,2.071
[17:54:27.905] imu_att:-0.032,0.001,-0.586,-174.609,2.590,2.114
[17:54:27.945] imu_att:-0.037,-0.011,-0.586,-174.491,2.679,2.204
[17:54:27.985] imu_att:-0.041,-0.008,-0.587,-174.754,2.399,2.204
[17:54:28.024] imu_att:-0.036,-0.000,-0.588,-175.021,2.369,2.265
[17:54:28.066] imu_att:-0.033,0.001,-0.589,-174.916,2.357,2.291
[17:54:28.105] imu_att:-0.029,-0.004,-0.588,-174.912,2.445,2.328
[17:54:28.145] imu_att:-0.046,0.003,-0.589,-174.887,2.837,2.376
[17:54:28.184] imu_att:-0.043,-0.012,-0.589,-175.186,2.233,2.387
[17:54:28.226] imu_att:-0.033,-0.009,-0.590,-175.076,2.284,2.394
[17:54:28.265] imu_att:-0.024,-0.009,-0.590,-174.987,2.290,2.380
[17:54:28.305] imu_att:-0.030,-0.005,-0.591,-174.443,3.002,2.463
[17:54:28.345] imu_att:-0.039,-0.023,-0.593,-174.419,2.588,2.497
[17:54:28.384] imu_att:-0.018,-0.001,-0.592,-174.878,2.390,2.492
[17:54:28.425] imu_att:-0.020,0.002,-0.592,-174.738,2.469,2.476
[17:54:28.465] imu_att:-0.017,-0.016,-0.592,-174.737,2.479,2.467
[17:54:28.505] imu_att:-0.036,0.000,-0.594,-173.807,2.946,2.490
[17:54:28.544] imu_att:-0.031,-0.006,-0.595,-175.310,2.037,2.462
[17:54:28.585] imu_att:-0.035,0.002,-0.595,-173.792,2.745,2.456
[17:54:28.625] imu_att:-0.038,0.004,-0.595,-173.548,2.814,2.512
[17:54:28.665] imu_att:-0.033,0.003,-0.595,-175.459,2.188,2.522
[17:54:28.705] imu_att:-0.034,0.008,-0.596,-175.492,1.785,2.437
[17:54:28.745] imu_att:-0.037,-0.005,-0.596,-175.218,2.055,2.352
[17:54:28.785] imu_att:-0.032,-0.010,-0.596,-174.614,2.454,2.340
[17:54:28.825] imu_att:-0.034,-0.006,-0.597,-174.405,2.392,2.340
[17:54:28.864] imu_att:-0.024,-0.009,-0.596,-174.697,2.490,2.365
[17:54:28.905] imu_att:-0.037,-0.008,-0.596,-174.693,2.552,2.395
[17:54:28.945] imu_att:-0.033,-0.017,-0.597,-175.124,2.285,2.401
[17:54:28.985] imu_att:-0.024,-0.011,-0.598,-174.959,2.473,2.412
[17:54:29.024] imu_att:-0.016,-0.019,-0.596,-175.058,2.223,2.416
[17:54:29.066] imu_att:-0.021,-0.010,-0.598,-175.357,1.879,2.299
[17:54:29.105] imu_att:-0.039,0.005,-0.600,-174.904,2.208,2.240
[17:54:29.145] imu_att:-0.022,-0.005,-0.600,-175.023,2.116,2.220
[17:54:29.184] imu_att:-0.016,-0.007,-0.601,-174.296,2.629,2.259
[17:54:29.224] imu_att:-0.026,0.008,-0.600,-174.748,2.548,2.308
[17:54:29.265] imu_att:-0.027,0.006,-0.601,-174.927,2.274,2.309
[17:54:29.305] imu_att:-0.029,-0.008,-0.604,-175.025,2.087,2.285
[17:54:29.345] imu_att:-0.040,-0.012,-0.605,-174.586,2.688,2.335
[17:54:29.384] imu_att:-0.050,-0.005,-0.604,-174.582,2.673,2.405
[17:54:29.425] imu_att:-0.058,-0.011,-0.603,-174.730,2.614,2.446
[17:54:29.465] imu_att:-0.047,-0.012,-0.605,-175.700,2.117,2.428
[17:54:29.505] imu_att:-0.047,-0.015,-0.604,-174.884,2.255,2.343
[17:54:29.545] imu_att:-0.046,-0.008,-0.606,-175.052,2.193,2.333
[17:54:29.585] imu_att:-0.033,-0.007,-0.606,-175.254,2.034,2.242
[17:54:29.625] imu_att:-0.038,-0.002,-0.607,-175.687,1.520,2.129
[17:54:29.665] imu_att:-0.041,-0.004,-0.607,-175.029,2.379,2.183
[17:54:29.704] imu_att:-0.043,-0.003,-0.608,-175.057,2.165,2.217
[17:54:29.746] imu_att:-0.039,-0.001,-0.608,-175.044,2.185,2.195
[17:54:29.785] imu_att:-0.039,0.012,-0.608,-175.513,2.632,2.283
[17:54:29.825] imu_att:-0.037,-0.004,-0.608,-175.675,1.716,2.247
[17:54:29.864] imu_att:-0.034,-0.009,-0.611,-174.887,2.338,2.228
[17:54:29.904] imu_att:-0.034,0.004,-0.611,-174.523,2.641,2.273
[17:54:29.945] imu_att:-0.033,0.003,-0.612,-174.048,2.576,2.316
[17:54:29.985] imu_att:-0.024,0.013,-0.614,-174.910,2.421,2.341
[17:54:30.025] imu_att:-0.020,-0.005,-0.614,-174.677,2.173,2.315
[17:54:30.064] imu_att:-0.027,0.000,-0.615,-174.685,2.467,2.329
[17:54:30.105] imu_att:-0.024,0.006,-0.618,-175.026,2.130,2.283
[17:54:30.145] imu_att:-0.025,-0.007,-0.618,-174.299,2.540,2.247
[17:54:30.185] imu_att:-0.023,0.007,-0.618,-175.036,2.364,2.312
[17:54:30.224] imu_att:-0.024,0.009,-0.618,-174.645,2.696,2.363
[17:54:30.265] imu_att:-0.027,0.001,-0.619,-174.633,2.577,2.415
[17:54:30.305] imu_att:-0.037,-0.001,-0.622,-173.894,3.073,2.470
[17:54:30.345] imu_att:-0.041,-0.022,-0.622,-174.744,2.602,2.559
[17:54:30.384] imu_att:-0.049,-0.023,-0.621,-174.614,2.567,2.557
[17:54:30.425] imu_att:-0.048,-0.029,-0.621,-174.663,2.337,2.504
[17:54:30.465] imu_att:-0.034,-0.020,-0.620,-175.165,2.163,2.471
[17:54:30.505] imu_att:-0.024,-0.017,-0.622,-175.390,2.233,2.418
[17:54:30.544] imu_att:-0.034,-0.028,-0.620,-175.185,2.351,2.401
[17:54:30.584] imu_att:-0.040,-0.010,-0.621,-175.936,1.985,2.384
[17:54:30.625] imu_att:-0.037,-0.003,-0.621,-174.361,2.540,2.323
[17:54:30.665] imu_att:-0.038,0.001,-0.620,-174.595,2.519,2.332
[17:54:30.705] imu_att:-0.036,-0.010,-0.620,-174.931,2.385,2.350
[17:54:30.744] imu_att:-0.039,-0.005,-0.621,-175.335,2.310,2.313
[17:54:30.786] imu_att:-0.031,-0.001,-0.622,-174.117,3.067,2.324
[17:54:30.825] imu_att:-0.038,-0.002,-0.621,-174.729,2.576,2.408
[17:54:30.865] imu_att:-0.034,-0.024,-0.621,-174.725,2.519,2.431
[17:54:30.904] imu_att:-0.048,-0.017,-0.621,-174.663,2.637,2.480
[17:54:30.946] imu_att:-0.022,-0.007,-0.621,-174.418,2.937,2.495
[17:54:30.985] imu_att:-0.016,-0.010,-0.622,-174.756,2.764,2.564
[17:54:31.025] imu_att:-0.033,-0.002,-0.622,-174.039,3.045,2.616
[17:54:31.064] imu_att:-0.027,0.001,-0.623,-174.078,2.814,2.633
[17:54:31.104] imu_att:-0.028,-0.005,-0.623,-174.719,2.543,2.671
[17:54:31.145] imu_att:-0.020,-0.012,-0.623,-174.640,2.498,2.603
[17:54:31.185] imu_att:-0.025,-0.012,-0.624,-174.694,2.495,2.577
[17:54:31.224] imu_att:-0.034,-0.008,-0.624,-173.958,2.806,2.560
[17:54:31.264] imu_att:-0.041,-0.008,-0.626,-174.676,2.437,2.577
[17:54:31.305] imu_att:-0.048,-0.004,-0.627,-174.841,2.388,2.568
[17:54:31.346] imu_att:-0.038,-0.007,-0.628,-174.848,2.402,2.540
[17:54:31.385] imu_att:-0.037,-0.005,-0.627,-175.041,2.295,2.523
[17:54:31.424] imu_att:-0.032,-0.008,-0.627,-174.794,2.303,2.486
[17:54:31.466] imu_att:-0.033,-0.015,-0.627,-174.365,2.547,2.443
[17:54:31.505] imu_att:-0.036,-0.018,-0.627,-174.744,2.462,2.435
[17:54:31.545] imu_att:-0.038,-0.002,-0.627,-174.897,2.662,2.495
[17:54:31.584] imu_att:-0.027,-0.005,-0.627,-175.339,2.138,2.460
[17:54:31.626] imu_att:-0.042,-0.006,-0.628,-174.641,2.431,2.442
[17:54:31.665] imu_att:-0.054,0.002,-0.629,-174.556,2.509,2.457
[17:54:31.705] imu_att:-0.045,-0.003,-0.629,-175.460,2.137,2.445
[17:54:31.745] imu_att:-0.032,0.003,-0.630,-175.838,2.122,2.437
[17:54:31.784] imu_att:-0.021,0.005,-0.633,-175.042,2.119,2.356
[17:54:31.825] imu_att:-0.013,0.005,-0.634,-175.400,1.859,2.281
[17:54:31.865] imu_att:-0.024,0.000,-0.635,-174.658,2.528,2.264
[17:54:31.905] imu_att:-0.028,-0.001,-0.637,-175.514,2.025,2.299
[17:54:31.945] imu_att:-0.023,-0.012,-0.637,-175.515,1.955,2.246
[17:54:31.986] imu_att:-0.033,-0.007,-0.637,-174.720,2.300,2.232
[17:54:32.025] imu_att:-0.034,-0.006,-0.637,-175.390,1.940,2.231
[17:54:32.065] imu_att:-0.025,0.005,-0.637,-174.868,2.431,2.278
[17:54:32.104] imu_att:-0.040,0.007,-0.637,-174.934,2.193,2.246
[17:54:32.146] imu_att:-0.040,-0.001,-0.637,-175.219,2.388,2.236
[17:54:32.185] imu_att:-0.032,0.005,-0.636,-175.480,2.205,2.257
[17:54:32.225] imu_att:-0.022,0.001,-0.637,-175.026,2.207,2.231
[17:54:32.265] imu_att:-0.027,-0.007,-0.637,-175.264,2.322,2.269
[17:54:32.304] imu_att:-0.016,-0.001,-0.637,-174.301,2.876,2.320
[17:54:32.346] imu_att:-0.019,-0.007,-0.636,-174.746,2.579,2.408
[17:54:32.385] imu_att:-0.020,-0.002,-0.637,-174.923,2.283,2.411
[17:54:32.425] imu_att:-0.036,0.011,-0.639,-174.627,2.132,2.315
[17:54:32.464] imu_att:-0.031,0.004,-0.638,-174.447,2.582,2.333
[17:54:32.505] imu_att:-0.026,0.005,-0.637,-174.326,2.690,2.369
[17:54:32.545] imu_att:-0.036,0.012,-0.638,-174.388,2.154,2.350
[17:54:32.585] imu_att:-0.032,-0.000,-0.638,-173.390,3.419,2.414
[17:54:32.624] imu_att:-0.038,-0.005,-0.639,-175.247,2.279,2.501
[17:54:32.664] imu_att:-0.027,-0.005,-0.639,-175.190,2.151,2.458
[17:54:32.705] imu_att:-0.027,0.007,-0.638,-175.339,1.953,2.375
[17:54:32.745] imu_att:-0.025,0.003,-0.639,-175.485,1.943,2.289
[17:54:32.784] imu_att:-0.033,-0.000,-0.640,-175.148,1.767,2.191
[17:54:32.824] imu_att:-0.038,-0.012,-0.639,-174.757,2.349,2.173
[17:54:32.865] imu_att:-0.036,-0.002,-0.640,-174.712,2.722,2.271
[17:54:32.905] imu_att:-0.033,-0.001,-0.640,-174.794,2.522,2.349
[17:54:32.945] imu_att:-0.048,-0.002,-0.640,-174.092,2.897,2.397
[17:54:32.984] imu_att:-0.039,0.001,-0.642,-175.107,2.194,2.427
[17:54:33.025] imu_att:-0.033,-0.014,-0.641,-174.294,2.688,2.416
[17:54:33.065] imu_att:-0.039,-0.009,-0.642,-174.908,2.536,2.463
[17:54:33.105] imu_att:-0.041,-0.017,-0.644,-174.603,2.570,2.450
[17:54:33.144] imu_att:-0.038,-0.005,-0.644,-175.061,2.664,2.476
[17:54:33.186] imu_att:-0.030,-0.024,-0.644,-175.917,1.718,2.449
[17:54:33.225] imu_att:-0.025,0.001,-0.646,-174.268,2.800,2.405
[17:54:33.265] imu_att:-0.047,-0.008,-0.648,-174.362,2.831,2.473
[17:54:33.304] imu_att:-0.037,-0.016,-0.648,-174.920,2.177,2.434
[17:54:33.344] imu_att:-0.017,0.001,-0.648,-173.910,2.843,2.428
[17:54:33.386] imu_att:-0.035,-0.004,-0.647,-175.730,1.914,2.431
[17:54:33.425] imu_att:-0.020,-0.006,-0.646,-175.904,1.606,2.347
[17:54:33.464] imu_att:-0.029,0.008,-0.647,-174.716,2.275,2.244
[17:54:33.505] imu_att:-0.044,-0.004,-0.648,-175.017,2.318,2.304
[17:54:33.545] imu_att:-0.032,-0.001,-0.647,-175.192,2.118,2.325
[17:54:33.585] imu_att:-0.027,-0.002,-0.648,-174.866,2.088,2.276
[17:54:33.624] imu_att:-0.037,-0.013,-0.648,-175.792,1.856,2.287
[17:54:33.666] imu_att:-0.028,-0.014,-0.650,-174.972,2.552,2.287
[17:54:33.705] imu_att:-0.051,-0.013,-0.649,-174.585,2.615,2.343
[17:54:33.745] imu_att:-0.038,-0.002,-0.649,-174.915,2.226,2.295
[17:54:33.785] imu_att:-0.029,0.002,-0.649,-175.632,1.707,2.233
[17:54:33.824] imu_att:-0.039,-0.023,-0.649,-173.756,2.731,2.224
[17:54:33.865] imu_att:-0.041,-0.017,-0.648,-175.018,2.486,2.314
[17:54:33.905] imu_att:-0.048,-0.010,-0.648,-174.772,2.393,2.320
[17:54:33.945] imu_att:-0.043,0.006,-0.648,-175.008,2.416,2.371
[17:54:33.984] imu_att:-0.025,0.003,-0.649,-174.901,2.316,2.354
[17:54:34.025] imu_att:-0.029,0.002,-0.650,-174.707,2.678,2.407
[17:54:34.065] imu_att:-0.035,-0.004,-0.649,-174.876,2.322,2.395
[17:54:34.104] imu_att:-0.035,0.004,-0.650,-174.931,2.598,2.405
[17:54:34.145] imu_att:-0.030,-0.002,-0.649,-174.604,2.547,2.423
[17:54:34.185] imu_att:-0.014,0.001,-0.649,-175.066,2.159,2.407
[17:54:34.225] imu_att:-0.025,0.006,-0.649,-175.161,2.027,2.317
[17:54:34.264] imu_att:-0.033,0.007,-0.649,-174.606,2.504,2.304
[17:54:34.304] imu_att:-0.028,-0.001,-0.651,-174.425,2.804,2.380
[17:54:34.345] imu_att:-0.023,-0.016,-0.651,-174.506,2.707,2.462
[17:54:34.385] imu_att:-0.017,-0.002,-0.652,-174.760,2.326,2.428
[17:54:34.425] imu_att:-0.010,0.009,-0.653,-174.956,2.595,2.413
[17:54:34.464] imu_att:-0.022,-0.004,-0.653,-174.637,2.581,2.436
[17:54:34.505] imu_att:-0.037,0.005,-0.654,-174.927,2.232,2.447
[17:54:34.545] imu_att:-0.037,-0.008,-0.653,-174.771,2.382,2.402
[17:54:34.585] imu_att:-0.041,-0.006,-0.654,-175.239,2.251,2.377
[17:54:34.624] imu_att:-0.042,-0.003,-0.655,-174.888,2.181,2.350
[17:54:34.665] imu_att:-0.018,-0.009,-0.655,-174.692,2.561,2.365
[17:54:34.705] imu_att:-0.023,-0.007,-0.656,-174.636,2.531,2.380
[17:54:34.745] imu_att:-0.031,-0.006,-0.657,-175.065,2.446,2.413
[17:54:34.785] imu_att:-0.032,-0.011,-0.658,-174.738,2.427,2.404
[17:54:34.824] imu_att:-0.031,-0.008,-0.656,-174.461,2.825,2.447
[17:54:34.865] imu_att:-0.022,-0.008,-0.657,-173.949,2.744,2.467
[17:54:34.905] imu_att:-0.023,-0.010,-0.659,-175.584,2.021,2.461
[17:54:34.944] imu_att:-0.031,-0.013,-0.660,-175.033,2.341,2.442
[17:54:34.984] imu_att:-0.029,-0.015,-0.660,-175.257,2.151,2.412
[17:54:35.025] imu_att:-0.023,-0.014,-0.662,-175.333,2.089,2.417
[17:54:35.065] imu_att:-0.013,-0.007,-0.662,-174.732,2.596,2.427
[17:54:35.105] imu_att:-0.009,0.006,-0.663,-175.060,2.287,2.438
[17:54:35.144] imu_att:-0.029,0.008,-0.663,-174.911,2.413,2.429
[17:54:35.184] imu_att:-0.023,0.006,-0.664,-175.039,2.477,2.453
[17:54:35.225] imu_att:-0.020,0.010,-0.664,-174.924,2.383,2.493
[17:54:35.265] imu_att:-0.011,0.007,-0.666,-174.742,2.045,2.414
[17:54:35.304] imu_att:-0.045,-0.001,-0.666,-174.747,2.488,2.413
[17:54:35.344] imu_att:-0.044,0.001,-0.666,-174.465,2.921,2.521
[17:54:35.385] imu_att:-0.034,-0.003,-0.667,-174.628,2.771,2.565
[17:54:35.425] imu_att:-0.031,-0.017,-0.667,-174.618,2.673,2.560
[17:54:35.465] imu_att:-0.029,-0.015,-0.667,-174.088,2.713,2.570
[17:54:35.504] imu_att:-0.048,-0.015,-0.667,-174.628,2.838,2.621
[17:54:35.545] imu_att:-0.034,-0.008,-0.668,-174.626,2.768,2.681
[17:54:35.585] imu_att:-0.018,0.001,-0.669,-174.968,2.808,2.719
[17:54:35.625] imu_att:-0.025,0.010,-0.669,-174.651,2.414,2.666
[17:54:35.665] imu_att:-0.031,-0.002,-0.670,-175.322,2.296,2.605
[17:54:35.704] imu_att:-0.034,0.003,-0.672,-175.027,2.194,2.526
[17:54:35.745] imu_att:-0.028,-0.010,-0.672,-175.102,2.293,2.497
[17:54:35.785] imu_att:-0.041,-0.014,-0.671,-174.646,2.591,2.499
[17:54:35.824] imu_att:-0.041,-0.012,-0.670,-174.601,2.603,2.522
[17:54:35.865] imu_att:-0.031,-0.013,-0.671,-174.783,2.431,2.520
[17:54:35.905] imu_att:-0.026,-0.005,-0.672,-174.728,2.494,2.479
[17:54:35.945] imu_att:-0.036,-0.000,-0.673,-174.925,2.469,2.495
[17:54:35.985] imu_att:-0.041,-0.009,-0.673,-175.047,2.324,2.473
[17:54:36.024] imu_att:-0.036,-0.004,-0.673,-175.621,2.095,2.476
[17:54:36.066] imu_att:-0.038,0.003,-0.675,-174.586,2.535,2.480
[17:54:36.105] imu_att:-0.036,0.005,-0.675,-175.710,1.887,2.451
[17:54:36.144] imu_att:-0.035,0.013,-0.674,-174.936,2.080,2.313
[17:54:36.184] imu_att:-0.021,0.008,-0.676,-175.053,2.396,2.326
[17:54:36.225] imu_att:-0.024,0.002,-0.676,-175.031,2.370,2.353
[17:54:36.265] imu_att:-0.042,-0.009,-0.673,-174.746,2.521,2.402
[17:54:36.304] imu_att:-0.051,-0.011,-0.672,-174.409,2.610,2.423
[17:54:36.344] imu_att:-0.044,-0.001,-0.672,-175.055,2.464,2.520
[17:54:36.386] imu_att:-0.040,-0.013,-0.672,-174.713,2.431,2.538
[17:54:36.425] imu_att:-0.034,-0.007,-0.673,-174.447,2.362,2.487
[17:54:36.465] imu_att:-0.043,0.000,-0.673,-174.642,2.439,2.456
[17:54:36.504] imu_att:-0.039,-0.008,-0.673,-175.052,2.345,2.450
[17:54:36.544] imu_att:-0.015,-0.024,-0.674,-174.486,2.594,2.434
[17:54:36.585] imu_att:-0.027,-0.016,-0.674,-175.229,2.056,2.419
[17:54:36.625] imu_att:-0.024,-0.016,-0.676,-175.095,2.242,2.403
[17:54:36.664] imu_att:-0.017,-0.003,-0.677,-175.339,2.182,2.370
[17:54:36.704] imu_att:-0.027,-0.013,-0.678,-173.785,2.845,2.336
[17:54:36.746] imu_att:-0.024,-0.005,-0.679,-174.327,2.808,2.401
[17:54:36.785] imu_att:-0.029,0.000,-0.679,-174.917,2.621,2.485
[17:54:36.825] imu_att:-0.029,-0.006,-0.679,-174.717,2.565,2.488
[17:54:36.864] imu_att:-0.020,-0.008,-0.679,-174.661,2.344,2.463
[17:54:36.905] imu_att:-0.024,0.001,-0.680,-174.918,2.345,2.453
[17:54:36.945] imu_att:-0.027,0.014,-0.681,-175.239,2.259,2.431
[17:54:36.984] imu_att:-0.036,0.001,-0.682,-174.604,2.437,2.359
[17:54:37.024] imu_att:-0.023,0.001,-0.682,-174.599,2.530,2.371
[17:54:37.065] imu_att:-0.032,-0.019,-0.682,-174.946,2.408,2.418
[17:54:37.105] imu_att:-0.023,-0.019,-0.682,-175.958,1.887,2.391
[17:54:37.145] imu_att:-0.025,-0.010,-0.681,-173.655,2.683,2.328
[17:54:37.185] imu_att:-0.015,-0.003,-0.681,-174.788,2.475,2.394
[17:54:37.224] imu_att:-0.023,0.006,-0.682,-174.615,2.435,2.380
[17:54:37.265] imu_att:-0.032,-0.001,-0.682,-174.625,2.623,2.419
[17:54:37.305] imu_att:-0.034,-0.003,-0.682,-174.337,2.777,2.467
[17:54:37.345] imu_att:-0.030,-0.000,-0.683,-175.056,2.274,2.454
[17:54:37.384] imu_att:-0.018,-0.007,-0.684,-174.287,2.594,2.428
[17:54:37.425] imu_att:-0.024,-0.020,-0.684,-174.458,2.644,2.470
[17:54:37.465] imu_att:-0.029,-0.009,-0.684,-174.740,2.776,2.525
[17:54:37.504] imu_att:-0.039,-0.002,-0.685,-174.754,2.634,2.529
[17:54:37.544] imu_att:-0.036,-0.004,-0.684,-173.726,3.302,2.591
[17:54:37.585] imu_att:-0.044,-0.014,-0.685,-175.211,2.132,2.610
[17:54:37.625] imu_att:-0.031,-0.012,-0.685,-175.807,1.985,2.528
[17:54:37.665] imu_att:-0.027,-0.008,-0.685,-174.950,2.167,2.449
[17:54:37.704] imu_att:-0.036,-0.009,-0.688,-175.068,2.187,2.403
[17:54:37.745] imu_att:-0.051,-0.008,-0.689,-174.300,2.931,2.474
[17:54:37.785] imu_att:-0.045,-0.007,-0.691,-174.770,2.385,2.497
[17:54:37.825] imu_att:-0.033,0.005,-0.692,-174.721,2.423,2.473
[17:54:37.864] imu_att:-0.035,-0.009,-0.692,-174.763,2.496,2.484
[17:54:37.904] imu_att:-0.038,-0.014,-0.693,-175.199,2.561,2.471
[17:54:37.945] imu_att:-0.028,-0.013,-0.693,-174.691,2.495,2.473
[17:54:37.985] imu_att:-0.022,-0.008,-0.695,-174.565,2.560,2.457
[17:54:38.024] imu_att:-0.027,-0.005,-0.696,-175.051,2.302,2.467
[17:54:38.064] imu_att:-0.030,-0.002,-0.697,-175.935,1.811,2.403
[17:54:38.105] imu_att:-0.034,-0.013,-0.698,-174.663,2.434,2.359
[17:54:38.145] imu_att:-0.033,-0.013,-0.699,-174.525,2.631,2.381
[17:54:38.184] imu_att:-0.028,-0.013,-0.700,-175.076,2.133,2.359
[17:54:38.224] imu_att:-0.028,-0.008,-0.700,-175.006,2.235,2.329
[17:54:38.265] imu_att:-0.023,-0.002,-0.702,-175.628,1.804,2.298
[17:54:38.305] imu_att:-0.036,-0.008,-0.702,-175.059,2.182,2.246
[17:54:38.344] imu_att:-0.030,-0.011,-0.704,-174.904,2.384,2.210
[17:54:38.384] imu_att:-0.018,-0.001,-0.704,-175.166,1.982,2.185
[17:54:38.424] imu_att:-0.024,-0.005,-0.704,-175.207,2.104,2.202
[17:54:38.465] imu_att:-0.031,-0.009,-0.704,-175.283,1.934,2.170
[17:54:38.504] imu_att:-0.026,-0.006,-0.705,-174.914,2.148,2.162
[17:54:38.544] imu_att:-0.041,-0.003,-0.707,-174.656,2.346,2.178
[17:54:38.585] imu_att:-0.038,-0.004,-0.708,-174.933,2.786,2.257
[17:54:38.625] imu_att:-0.036,-0.013,-0.709,-176.215,1.460,2.208
[17:54:38.665] imu_att:-0.033,-0.009,-0.709,-174.393,2.457,2.119
[17:54:38.705] imu_att:-0.032,-0.007,-0.709,-174.355,2.780,2.181
[17:54:38.744] imu_att:-0.045,-0.000,-0.708,-174.715,2.711,2.291
[17:54:38.785] imu_att:-0.041,-0.006,-0.707,-174.666,2.702,2.351
[17:54:38.825] imu_att:-0.034,0.004,-0.708,-174.567,2.396,2.348
[17:54:38.864] imu_att:-0.039,0.005,-0.708,-174.983,2.518,2.376
[17:54:38.904] imu_att:-0.045,-0.002,-0.709,-174.648,2.269,2.383
[17:54:38.945] imu_att:-0.042,-0.007,-0.709,-175.326,2.192,2.412
[17:54:38.985] imu_att:-0.022,0.002,-0.710,-175.300,2.128,2.346
[17:54:39.024] imu_att:-0.027,-0.002,-0.709,-174.618,3.125,2.417
[17:54:39.064] imu_att:-0.035,-0.009,-0.710,-174.283,2.667,2.452
[17:54:39.105] imu_att:-0.047,-0.001,-0.711,-175.096,2.150,2.440
[17:54:39.145] imu_att:-0.048,-0.005,-0.711,-174.963,2.527,2.414
[17:54:39.185] imu_att:-0.028,-0.014,-0.711,-174.730,2.599,2.456
[17:54:39.224] imu_att:-0.039,-0.009,-0.713,-174.646,2.550,2.471
[17:54:39.265] imu_att:-0.032,-0.009,-0.712,-174.741,2.883,2.511
[17:54:39.305] imu_att:-0.024,0.001,-0.713,-175.046,2.368,2.523
[17:54:39.345] imu_att:-0.036,0.001,-0.713,-175.265,2.140,2.494
[17:54:39.384] imu_att:-0.040,-0.001,-0.714,-175.683,1.934,2.444
[17:54:39.425] imu_att:-0.045,-0.013,-0.714,-174.751,2.370,2.440
[17:54:39.465] imu_att:-0.035,-0.004,-0.715,-175.717,1.864,2.389
[17:54:39.505] imu_att:-0.038,-0.006,-0.716,-174.684,2.473,2.387
[17:54:39.544] imu_att:-0.026,-0.004,-0.717,-176.003,1.069,2.207
[17:54:39.584] imu_att:-0.035,-0.008,-0.717,-174.772,2.505,2.130
[17:54:39.625] imu_att:-0.045,0.001,-0.718,-175.155,2.338,2.212
[17:54:39.665] imu_att:-0.036,-0.003,-0.719,-175.354,1.959,2.202
[17:54:39.704] imu_att:-0.034,-0.002,-0.719,-173.625,3.466,2.301
[17:54:39.744] imu_att:-0.035,0.009,-0.719,-174.571,2.712,2.449
[17:54:39.785] imu_att:-0.029,-0.001,-0.719,-174.905,2.504,2.497
[17:54:39.825] imu_att:-0.028,0.008,-0.722,-175.654,1.942,2.463
[17:54:39.865] imu_att:-0.039,-0.003,-0.722,-175.236,2.165,2.410
[17:54:39.904] imu_att:-0.040,-0.006,-0.723,-175.239,1.764,2.261
[17:54:39.945] imu_att:-0.043,-0.015,-0.723,-174.330,2.678,2.283
[17:54:39.985] imu_att:-0.039,-0.021,-0.724,-174.815,2.077,2.309
[17:54:40.025] imu_att:-0.022,-0.006,-0.724,-174.442,2.746,2.360
[17:54:40.064] imu_att:-0.030,-0.019,-0.726,-174.384,2.658,2.378
[17:54:40.106] imu_att:-0.028,-0.010,-0.728,-174.416,2.647,2.392
[17:54:40.145] imu_att:-0.036,-0.018,-0.729,-174.486,2.643,2.412
[17:54:40.185] imu_att:-0.023,-0.017,-0.729,-175.727,1.601,2.341
[17:54:40.224] imu_att:-0.036,-0.014,-0.729,-174.588,2.533,2.281
[17:54:40.265] imu_att:-0.038,-0.007,-0.730,-173.721,2.947,2.341
[17:54:40.305] imu_att:-0.017,-0.021,-0.730,-174.695,2.527,2.401
[17:54:40.345] imu_att:-0.028,-0.018,-0.731,-174.922,2.263,2.391
[17:54:40.384] imu_att:-0.043,-0.011,-0.731,-174.755,2.362,2.339
[17:54:40.424] imu_att:-0.035,-0.005,-0.732,-174.755,2.054,2.295
[17:54:40.465] imu_att:-0.033,-0.013,-0.732,-175.203,2.174,2.303
[17:54:40.505] imu_att:-0.023,-0.009,-0.733,-174.923,2.266,2.274
[17:54:40.544] imu_att:-0.036,-0.022,-0.733,-174.772,2.476,2.301
[17:54:40.584] imu_att:-0.039,-0.016,-0.734,-174.362,2.950,2.401
[17:54:40.625] imu_att:-0.051,-0.010,-0.734,-175.243,2.237,2.427
[17:54:40.665] imu_att:-0.038,0.008,-0.734,-175.184,2.154,2.382
[17:54:40.705] imu_att:-0.027,-0.014,-0.734,-174.949,2.219,2.333
[17:54:40.744] imu_att:-0.035,-0.001,-0.733,-174.763,2.442,2.360
[17:54:40.785] imu_att:-0.028,-0.004,-0.733,-175.358,2.163,2.396
[17:54:40.825] imu_att:-0.027,-0.006,-0.733,-175.002,2.317,2.397
[17:54:40.865] imu_att:-0.018,-0.007,-0.734,-174.647,2.234,2.385
[17:54:40.904] imu_att:-0.029,-0.006,-0.733,-175.242,2.269,2.393
[17:54:40.944] imu_att:-0.028,0.001,-0.732,-174.747,2.455,2.379
[17:54:40.985] imu_att:-0.031,-0.005,-0.732,-174.992,2.402,2.410
[17:54:41.025] imu_att:-0.029,-0.008,-0.731,-174.751,2.306,2.400
[17:54:41.064] imu_att:-0.030,-0.008,-0.732,-175.333,1.981,2.359
[17:54:41.104] imu_att:-0.019,0.006,-0.732,-175.945,1.847,2.318
[17:54:41.144] imu_att:-0.026,0.001,-0.732,-175.381,1.898,2.233
[17:54:41.185] imu_att:-0.023,-0.000,-0.733,-174.452,2.409,2.215
[17:54:41.225] imu_att:-0.039,0.003,-0.734,-173.790,3.117,2.317
[17:54:41.264] imu_att:-0.035,-0.002,-0.734,-174.603,2.619,2.380
[17:54:41.305] imu_att:-0.038,0.005,-0.735,-174.672,2.515,2.384
[17:54:41.346] imu_att:-0.030,0.001,-0.735,-174.598,2.426,2.389
[17:54:41.385] imu_att:-0.027,-0.013,-0.737,-173.880,2.576,2.372
[17:54:41.425] imu_att:-0.028,-0.020,-0.737,-174.655,2.766,2.442
[17:54:41.464] imu_att:-0.044,-0.007,-0.739,-175.050,2.091,2.388
[17:54:41.505] imu_att:-0.042,0.002,-0.739,-174.640,2.440,2.371
[17:54:41.545] imu_att:-0.043,0.008,-0.738,-174.854,2.205,2.366
[17:54:41.584] imu_att:-0.033,0.016,-0.738,-174.414,2.192,2.305
[17:54:41.624] imu_att:-0.034,0.001,-0.739,-174.321,2.680,2.344
[17:54:41.665] imu_att:-0.043,-0.018,-0.739,-174.745,2.599,2.421
[17:54:41.705] imu_att:-0.027,-0.019,-0.739,-174.662,2.588,2.454
[17:54:41.745] imu_att:-0.036,-0.006,-0.739,-174.416,2.904,2.466
[17:54:41.784] imu_att:-0.022,-0.013,-0.738,-175.548,2.022,2.500
[17:54:41.825] imu_att:-0.023,-0.007,-0.738,-175.038,2.373,2.435
[17:54:41.865] imu_att:-0.027,-0.003,-0.740,-174.494,2.457,2.398
[17:54:41.905] imu_att:-0.019,-0.009,-0.740,-175.265,1.845,2.346
[17:54:41.944] imu_att:-0.022,0.006,-0.741,-174.492,2.664,2.376
[17:54:41.984] imu_att:-0.035,-0.007,-0.741,-174.774,2.410,2.407
[17:54:42.025] imu_att:-0.031,-0.000,-0.741,-174.686,2.412,2.416
[17:54:42.065] imu_att:-0.047,-0.003,-0.741,-175.011,2.709,2.514
[17:54:42.104] imu_att:-0.037,-0.001,-0.741,-175.289,1.967,2.445
[17:54:42.144] imu_att:-0.039,-0.008,-0.743,-174.948,2.548,2.478
[17:54:42.185] imu_att:-0.037,-0.010,-0.746,-175.218,2.066,2.429
[17:54:42.225] imu_att:-0.044,-0.003,-0.746,-174.660,2.333,2.369
[17:54:42.264] imu_att:-0.030,-0.007,-0.745,-174.334,2.773,2.382
[17:54:42.304] imu_att:-0.024,-0.003,-0.744,-174.753,2.295,2.396
[17:54:42.345] imu_att:-0.026,0.014,-0.744,-175.239,2.111,2.375
[17:54:42.385] imu_att:-0.037,0.004,-0.745,-175.183,2.236,2.361
[17:54:42.425] imu_att:-0.021,-0.003,-0.747,-175.062,2.255,2.348
[17:54:42.464] imu_att:-0.020,-0.003,-0.748,-175.576,1.833,2.298
[17:54:42.505] imu_att:-0.033,-0.013,-0.748,-175.232,2.188,2.243
[17:54:42.545] imu_att:-0.030,-0.007,-0.749,-175.058,2.261,2.236
[17:54:42.585] imu_att:-0.039,-0.018,-0.749,-175.379,1.785,2.188
[17:54:42.624] imu_att:-0.029,-0.014,-0.748,-174.940,2.211,2.154
[17:54:42.664] imu_att:-0.022,-0.009,-0.748,-174.976,2.315,2.196
[17:54:42.705] imu_att:-0.027,-0.007,-0.749,-175.081,2.207,2.209
[17:54:42.745] imu_att:-0.015,-0.002,-0.750,-174.746,2.534,2.240
[17:54:42.785] imu_att:-0.031,-0.006,-0.750,-174.769,2.071,2.238
[17:54:42.824] imu_att:-0.038,-0.006,-0.751,-175.240,2.104,2.225
[17:54:42.865] imu_att:-0.023,-0.012,-0.750,-174.676,2.260,2.199
[17:54:42.905] imu_att:-0.029,-0.009,-0.752,-175.099,2.074,2.175
[17:54:42.945] imu_att:-0.037,-0.009,-0.752,-174.950,2.352,2.202
[17:54:42.984] imu_att:-0.035,-0.007,-0.752,-175.241,2.205,2.218
[17:54:43.026] imu_att:-0.026,-0.008,-0.754,-175.551,2.285,2.240
[17:54:43.065] imu_att:-0.026,-0.002,-0.755,-174.555,2.336,2.217
[17:54:43.105] imu_att:-0.033,-0.001,-0.754,-175.352,1.957,2.193
[17:54:43.144] imu_att:-0.030,-0.010,-0.755,-174.934,1.925,2.126
[17:54:43.184] imu_att:-0.039,-0.008,-0.755,-174.929,2.312,2.149
[17:54:43.225] imu_att:-0.034,-0.014,-0.755,-173.708,3.317,2.306
[17:54:43.265] imu_att:-0.033,-0.005,-0.756,-175.061,2.349,2.394
[17:54:43.305] imu_att:-0.038,-0.002,-0.757,-175.353,2.183,2.365
[17:54:43.344] imu_att:-0.033,-0.009,-0.759,-175.089,2.205,2.346
[17:54:43.385] imu_att:-0.041,-0.010,-0.758,-175.334,2.056,2.313
[17:54:43.425] imu_att:-0.036,-0.016,-0.758,-175.003,2.440,2.397
[17:54:43.465] imu_att:-0.050,-0.012,-0.758,-174.933,2.401,2.389
[17:54:43.504] imu_att:-0.037,-0.006,-0.759,-174.635,2.436,2.380
[17:54:43.544] imu_att:-0.016,-0.014,-0.760,-173.913,2.674,2.349
[17:54:43.585] imu_att:-0.028,-0.021,-0.760,-175.437,2.297,2.418
[17:54:43.625] imu_att:-0.017,-0.014,-0.760,-175.080,2.084,2.340
[17:54:43.664] imu_att:-0.034,-0.015,-0.761,-175.045,2.203,2.307
[17:54:43.704] imu_att:-0.045,-0.022,-0.761,-175.361,1.827,2.252
[17:54:43.745] imu_att:-0.049,-0.014,-0.762,-174.766,2.366,2.204
[17:54:43.785] imu_att:-0.053,-0.014,-0.761,-174.658,2.460,2.230
[17:54:43.825] imu_att:-0.043,-0.011,-0.761,-175.235,2.276,2.273
[17:54:43.864] imu_att:-0.043,-0.002,-0.761,-174.608,2.395,2.292
[17:54:43.905] imu_att:-0.036,0.002,-0.760,-175.016,2.523,2.386
[17:54:43.945] imu_att:-0.013,0.017,-0.762,-175.188,2.312,2.335
[17:54:43.985] imu_att:-0.034,0.001,-0.762,-174.901,2.219,2.326
[17:54:44.024] imu_att:-0.039,-0.006,-0.762,-175.288,2.120,2.297
[17:54:44.064] imu_att:-0.040,0.009,-0.761,-174.708,2.590,2.344
[17:54:44.105] imu_att:-0.031,0.003,-0.760,-175.503,1.919,2.329
[17:54:44.145] imu_att:-0.027,-0.004,-0.761,-174.911,2.314,2.294
[17:54:44.185] imu_att:-0.037,-0.002,-0.763,-174.441,2.606,2.307
[17:54:44.224] imu_att:-0.035,-0.009,-0.763,-175.069,2.317,2.318
[17:54:44.264] imu_att:-0.034,-0.005,-0.763,-174.629,2.124,2.252
[17:54:44.305] imu_att:-0.035,-0.004,-0.764,-174.811,2.604,2.324
[17:54:44.344] imu_att:-0.038,-0.001,-0.763,-175.421,1.986,2.317
[17:54:44.384] imu_att:-0.041,-0.004,-0.764,-174.397,2.627,2.286
[17:54:44.424] imu_att:-0.044,-0.012,-0.765,-175.911,1.798,2.317
[17:54:44.465] imu_att:-0.028,-0.008,-0.765,-175.196,2.355,2.278
[17:54:44.505] imu_att:-0.039,-0.003,-0.766,-174.655,2.272,2.292
[17:54:44.544] imu_att:-0.021,-0.014,-0.767,-174.388,2.751,2.327
[17:54:44.584] imu_att:-0.030,-0.014,-0.767,-175.532,2.120,2.366
[17:54:44.625] imu_att:-0.027,0.000,-0.767,-175.022,2.198,2.321
[17:54:44.665] imu_att:-0.036,-0.002,-0.767,-174.677,2.404,2.310
[17:54:44.705] imu_att:-0.029,-0.008,-0.768,-175.341,2.487,2.375
[17:54:44.744] imu_att:-0.037,-0.007,-0.768,-175.127,2.123,2.348
[17:54:44.785] imu_att:-0.030,-0.006,-0.767,-176.177,1.617,2.274
[17:54:44.825] imu_att:-0.019,-0.009,-0.768,-175.186,2.164,2.245
[17:54:44.865] imu_att:-0.014,-0.009,-0.768,-175.262,2.120,2.238
[17:54:44.904] imu_att:-0.013,-0.011,-0.770,-175.056,2.324,2.231
[17:54:44.945] imu_att:-0.026,-0.017,-0.771,-174.799,2.332,2.244
[17:54:44.985] imu_att:-0.032,-0.014,-0.771,-174.553,2.384,2.253
[17:54:45.025] imu_att:-0.024,-0.014,-0.772,-175.896,1.781,2.240
[17:54:45.064] imu_att:-0.035,0.001,-0.771,-175.287,1.952,2.183
[17:54:45.104] imu_att:-0.041,-0.010,-0.773,-174.971,2.232,2.168
[17:54:45.145] imu_att:-0.036,-0.014,-0.774,-175.035,2.254,2.185
[17:54:45.185] imu_att:-0.028,-0.017,-0.774,-175.281,2.190,2.190
[17:54:45.224] imu_att:-0.034,-0.010,-0.775,-174.973,2.050,2.156
[17:54:45.264] imu_att:-0.033,-0.014,-0.776,-174.510,2.645,2.199
[17:54:45.305] imu_att:-0.033,-0.015,-0.776,-175.733,1.758,2.217
[17:54:45.345] imu_att:-0.043,-0.005,-0.777,-174.953,2.031,2.141
[17:54:45.385] imu_att:-0.032,0.006,-0.777,-174.722,2.754,2.208
[17:54:45.424] imu_att:-0.040,-0.001,-0.778,-174.989,1.818,2.211
[17:54:45.464] imu_att:-0.027,-0.009,-0.779,-174.998,2.219,2.192
[17:54:45.505] imu_att:-0.045,-0.007,-0.779,-175.106,2.130,2.191
[17:54:45.545] imu_att:-0.042,-0.006,-0.780,-174.378,2.566,2.176
[17:54:45.584] imu_att:-0.038,-0.010,-0.780,-173.869,2.505,2.221
[17:54:45.624] imu_att:-0.037,0.000,-0.781,-174.627,2.643,2.316
[17:54:45.665] imu_att:-0.034,-0.008,-0.782,-175.872,2.003,2.356
[17:54:45.705] imu_att:-0.038,-0.002,-0.783,-174.801,2.094,2.264
[17:54:45.744] imu_att:-0.030,0.002,-0.783,-174.619,2.371,2.187
[17:54:45.784] imu_att:-0.029,-0.001,-0.783,-175.456,1.955,2.201
