# Serial Log - 2026-04-18T17:37:11.287146
# Port: COM36 @ 115200bps
#============================================================
[17:37:11.289] 8,2.017,-0.185,-168.344,0.514,0.631
[17:37:11.328] imu_att:-3.552,2.013,-0.185,-168.811,0.581,0.612
[17:37:11.368] imu_att:-3.547,2.030,-0.186,-168.976,0.443,0.617
[17:37:11.409] imu_att:-3.548,2.015,-0.186,-169.015,0.445,0.574
[17:37:11.449] imu_att:-3.555,2.020,-0.185,-168.193,1.235,0.607
[17:37:11.488] imu_att:-3.554,2.028,-0.184,-167.746,1.238,0.681
[17:37:11.528] imu_att:-3.553,2.032,-0.184,-168.507,0.969,0.765
[17:37:11.569] imu_att:-3.562,2.019,-0.184,-168.755,0.675,0.806
[17:37:11.609] imu_att:-3.556,2.013,-0.184,-168.786,0.933,0.822
[17:37:11.649] imu_att:-3.535,2.011,-0.185,-167.931,1.040,0.799
[17:37:11.688] imu_att:-3.525,2.014,-0.186,-168.376,0.912,0.846
[17:37:11.729] imu_att:-3.528,2.026,-0.186,-169.150,0.226,0.771
[17:37:11.769] imu_att:-3.547,2.017,-0.186,-169.158,0.196,0.658
[17:37:11.809] imu_att:-3.554,2.011,-0.186,-167.924,1.099,0.649
[17:37:11.848] imu_att:-3.555,2.023,-0.187,-168.165,0.909,0.658
[17:37:11.889] imu_att:-3.546,2.002,-0.189,-168.957,0.474,0.624
[17:37:11.929] imu_att:-3.551,2.003,-0.189,-169.260,0.135,0.552
[17:37:11.969] imu_att:-3.538,2.022,-0.190,-168.525,0.679,0.555
[17:37:12.008] imu_att:-3.538,2.014,-0.190,-169.464,0.389,0.584
[17:37:12.049] imu_att:-3.534,2.017,-0.190,-169.230,0.297,0.565
[17:37:12.089] imu_att:-3.536,2.014,-0.190,-168.285,0.984,0.609
[17:37:12.129] imu_att:-3.537,2.017,-0.190,-168.393,0.970,0.666
[17:37:12.168] imu_att:-3.547,2.017,-0.193,-168.735,1.210,0.782
[17:37:12.209] imu_att:-3.538,2.026,-0.193,-168.880,0.544,0.781
[17:37:12.249] imu_att:-3.545,2.023,-0.195,-169.085,0.266,0.694
[17:37:12.289] imu_att:-3.544,2.014,-0.195,-167.907,1.134,0.672
[17:37:12.328] imu_att:-3.539,2.014,-0.197,-167.597,0.830,0.753
[17:37:12.369] imu_att:-3.544,2.013,-0.196,-168.877,0.686,0.798
[17:37:12.409] imu_att:-3.545,2.020,-0.197,-168.445,1.001,0.823
[17:37:12.449] imu_att:-3.544,2.023,-0.198,-169.804,0.035,0.785
[17:37:12.488] imu_att:-3.557,2.026,-0.198,-167.655,1.087,0.724
[17:37:12.529] imu_att:-3.544,2.021,-0.198,-168.210,0.995,0.742
[17:37:12.569] imu_att:-3.540,2.014,-0.198,-168.433,0.645,0.763
[17:37:12.609] imu_att:-3.540,2.026,-0.198,-168.668,0.673,0.768
[17:37:12.648] imu_att:-3.546,2.034,-0.200,-168.687,0.620,0.739
[17:37:12.689] imu_att:-3.541,2.020,-0.201,-169.508,0.128,0.682
[17:37:12.729] imu_att:-3.540,2.021,-0.200,-168.983,0.320,0.594
[17:37:12.769] imu_att:-3.551,2.029,-0.199,-167.734,1.358,0.613
[17:37:12.808] imu_att:-3.569,2.014,-0.198,-168.172,0.932,0.689
[17:37:12.849] imu_att:-3.551,2.016,-0.200,-168.705,0.916,0.750
[17:37:12.889] imu_att:-3.535,2.019,-0.201,-168.955,0.750,0.778
[17:37:12.929] imu_att:-3.532,2.020,-0.203,-168.875,0.344,0.718
[17:37:12.968] imu_att:-3.531,2.036,-0.204,-168.765,0.524,0.643
[17:37:13.008] imu_att:-3.546,2.038,-0.206,-168.745,0.861,0.704
[17:37:13.049] imu_att:-3.557,2.035,-0.207,-168.868,0.699,0.723
[17:37:13.089] imu_att:-3.547,2.033,-0.207,-168.495,0.541,0.689
[17:37:13.128] imu_att:-3.528,2.039,-0.207,-167.909,1.110,0.746
[17:37:13.169] imu_att:-3.545,2.030,-0.209,-169.460,0.285,0.771
[17:37:13.209] imu_att:-3.542,2.026,-0.209,-168.570,0.584,0.679
[17:37:13.249] imu_att:-3.532,2.017,-0.211,-168.823,0.607,0.682
[17:37:13.288] imu_att:-3.545,2.018,-0.213,-168.983,0.662,0.689
[17:37:13.328] imu_att:-3.546,2.024,-0.214,-169.259,0.576,0.726
[17:37:13.369] imu_att:-3.552,2.024,-0.214,-169.291,0.114,0.675
[17:37:13.409] imu_att:-3.548,2.021,-0.217,-168.393,0.820,0.647
[17:37:13.448] imu_att:-3.532,2.027,-0.218,-167.399,1.688,0.728
[17:37:13.488] imu_att:-3.530,2.036,-0.219,-168.102,1.234,0.834
[17:37:13.529] imu_att:-3.529,2.035,-0.219,-167.830,1.399,0.892
[17:37:13.569] imu_att:-3.530,2.026,-0.220,-167.743,1.220,0.881
[17:37:13.608] imu_att:-3.537,2.023,-0.220,-168.456,0.683,0.827
[17:37:13.648] imu_att:-3.543,2.024,-0.221,-169.204,0.371,0.772
[17:37:13.689] imu_att:-3.544,2.024,-0.223,-169.734,0.070,0.708
[17:37:13.729] imu_att:-3.542,2.023,-0.221,-167.741,0.220,0.519
[17:37:13.768] imu_att:-3.544,2.022,-0.221,-168.190,0.605,0.520
[17:37:13.808] imu_att:-3.553,2.027,-0.222,-168.960,0.335,0.527
[17:37:13.849] imu_att:-3.559,2.018,-0.222,-169.007,0.363,0.505
[17:37:13.889] imu_att:-3.553,2.018,-0.222,-168.490,0.654,0.509
[17:37:13.929] imu_att:-3.555,2.024,-0.223,-168.239,0.958,0.564
[17:37:13.968] imu_att:-3.557,2.012,-0.222,-169.028,1.201,0.654
[17:37:14.009] imu_att:-3.561,2.006,-0.222,-168.794,0.443,0.614
[17:37:14.049] imu_att:-3.553,2.013,-0.223,-168.833,0.342,0.591
[17:37:14.089] imu_att:-3.560,2.012,-0.223,-169.414,0.172,0.568
[17:37:14.128] imu_att:-3.564,2.020,-0.222,-168.818,0.348,0.508
[17:37:14.169] imu_att:-3.547,2.026,-0.223,-169.396,0.001,0.437
[17:37:14.209] imu_att:-3.556,2.018,-0.225,-167.865,1.446,0.571
[17:37:14.249] imu_att:-3.557,2.012,-0.225,-167.760,1.306,0.671
[17:37:14.288] imu_att:-3.544,2.017,-0.227,-168.990,0.620,0.734
[17:37:14.328] imu_att:-3.560,2.019,-0.226,-168.901,0.781,0.727
[17:37:14.369] imu_att:-3.548,2.027,-0.228,-168.287,1.148,0.763
[17:37:14.409] imu_att:-3.547,2.019,-0.228,-168.922,0.547,0.785
[17:37:14.448] imu_att:-3.543,2.030,-0.229,-167.941,1.187,0.789
[17:37:14.489] imu_att:-3.527,2.032,-0.230,-168.111,1.034,0.819
[17:37:14.529] imu_att:-3.536,2.020,-0.231,-169.136,0.590,0.803
[17:37:14.569] imu_att:-3.539,2.042,-0.231,-169.224,0.583,0.762
[17:37:14.608] imu_att:-3.531,2.034,-0.231,-168.235,1.019,0.749
[17:37:14.649] imu_att:-3.539,2.014,-0.231,-169.509,-0.103,0.658
[17:37:14.689] imu_att:-3.538,2.020,-0.232,-168.988,0.320,0.570
[17:37:14.729] imu_att:-3.541,2.021,-0.232,-168.077,1.091,0.589
[17:37:14.768] imu_att:-3.547,2.015,-0.233,-168.843,0.868,0.706
[17:37:14.808] imu_att:-3.547,2.013,-0.232,-169.204,0.634,0.732
[17:37:14.849] imu_att:-3.550,2.015,-0.233,-168.363,0.630,0.674
[17:37:14.889] imu_att:-3.553,2.023,-0.235,-167.764,1.396,0.722
[17:37:14.928] imu_att:-3.569,2.013,-0.235,-168.297,1.249,0.809
[17:37:14.968] imu_att:-3.555,2.015,-0.235,-168.298,0.763,0.841
[17:37:15.009] imu_att:-3.542,2.020,-0.235,-168.642,0.625,0.829
[17:37:15.049] imu_att:-3.544,2.017,-0.236,-168.518,0.744,0.831
[17:37:15.089] imu_att:-3.549,2.029,-0.237,-168.880,0.407,0.774
[17:37:15.128] imu_att:-3.561,2.016,-0.237,-169.278,0.207,0.707
[17:37:15.169] imu_att:-3.557,1.999,-0.238,-169.272,0.189,0.677
[17:37:15.209] imu_att:-3.561,2.013,-0.240,-168.984,0.604,0.608
[17:37:15.248] imu_att:-3.551,2.021,-0.240,-169.038,0.579,0.641
[17:37:15.288] imu_att:-3.538,2.022,-0.240,-169.259,0.108,0.609
[17:37:15.329] imu_att:-3.539,2.017,-0.240,-168.962,0.330,0.600
[17:37:15.369] imu_att:-3.556,2.021,-0.242,-168.447,0.873,0.597
[17:37:15.409] imu_att:-3.562,2.015,-0.242,-168.151,0.693,0.643
[17:37:15.448] imu_att:-3.553,2.015,-0.243,-168.202,0.747,0.663
[17:37:15.489] imu_att:-3.557,2.023,-0.243,-169.194,0.328,0.651
[17:37:15.529] imu_att:-3.554,2.024,-0.244,-168.088,0.938,0.669
[17:37:15.569] imu_att:-3.549,2.008,-0.244,-168.842,0.306,0.668
[17:37:15.608] imu_att:-3.545,2.025,-0.244,-169.413,-0.067,0.557
[17:37:15.648] imu_att:-3.546,2.018,-0.243,-168.982,0.529,0.544
[17:37:15.689] imu_att:-3.547,2.020,-0.243,-168.795,0.430,0.516
[17:37:15.729] imu_att:-3.547,2.015,-0.244,-168.790,0.325,0.491
[17:37:15.768] imu_att:-3.537,2.023,-0.243,-167.514,1.350,0.563
[17:37:15.809] imu_att:-3.545,2.010,-0.243,-169.081,0.525,0.640
[17:37:15.849] imu_att:-3.539,2.010,-0.245,-168.407,0.709,0.646
[17:37:15.889] imu_att:-3.546,2.011,-0.245,-168.462,0.866,0.682
[17:37:15.928] imu_att:-3.560,2.015,-0.246,-168.799,0.316,0.639
[17:37:15.968] imu_att:-3.556,2.004,-0.247,-168.324,1.239,0.675
[17:37:16.009] imu_att:-3.539,2.011,-0.247,-167.480,1.636,0.813
[17:37:16.049] imu_att:-3.555,2.023,-0.248,-168.692,0.772,0.881
[17:37:16.089] imu_att:-3.554,2.015,-0.249,-168.784,0.727,0.843
[17:37:16.128] imu_att:-3.536,2.009,-0.249,-168.008,0.553,0.766
[17:37:16.169] imu_att:-3.543,2.018,-0.248,-167.989,1.332,0.843
[17:37:16.209] imu_att:-3.558,2.010,-0.247,-168.488,0.741,0.842
[17:37:16.249] imu_att:-3.542,2.021,-0.246,-169.202,0.620,0.834
[17:37:16.288] imu_att:-3.556,2.026,-0.246,-168.745,0.640,0.765
[17:37:16.329] imu_att:-3.551,2.033,-0.247,-168.163,0.925,0.765
[17:37:16.369] imu_att:-3.541,2.020,-0.247,-168.149,1.305,0.860
[17:37:16.409] imu_att:-3.554,2.012,-0.249,-169.467,0.235,0.839
[17:37:16.448] imu_att:-3.547,2.019,-0.249,-169.090,0.309,0.761
[17:37:16.489] imu_att:-3.554,2.024,-0.246,-170.345,-0.342,0.665
[17:37:16.529] imu_att:-3.539,2.021,-0.247,-169.388,-0.041,0.497
[17:37:16.569] imu_att:-3.550,2.011,-0.247,-168.504,0.465,0.465
[17:37:16.608] imu_att:-3.555,2.028,-0.248,-168.320,0.972,0.533
[17:37:16.648] imu_att:-3.557,2.028,-0.247,-168.201,1.138,0.627
[17:37:16.689] imu_att:-3.555,2.027,-0.247,-168.225,1.091,0.724
[17:37:16.729] imu_att:-3.569,2.031,-0.246,-169.548,0.679,0.795
[17:37:16.769] imu_att:-3.560,2.025,-0.245,-168.734,0.441,0.698
[17:37:16.808] imu_att:-3.551,2.020,-0.244,-168.187,1.134,0.744
[17:37:16.849] imu_att:-3.552,2.014,-0.244,-167.936,0.984,0.776
[17:37:16.889] imu_att:-3.542,2.021,-0.243,-168.422,1.181,0.835
[17:37:16.928] imu_att:-3.557,2.026,-0.243,-168.339,1.062,0.884
[17:37:16.968] imu_att:-3.550,2.031,-0.243,-168.470,0.774,0.873
[17:37:17.009] imu_att:-3.547,2.018,-0.244,-168.842,0.563,0.839
[17:37:17.049] imu_att:-3.556,2.010,-0.245,-168.177,0.696,0.765
[17:37:17.089] imu_att:-3.543,2.018,-0.245,-168.631,0.712,0.793
[17:37:17.128] imu_att:-3.551,2.020,-0.245,-168.728,0.639,0.776
[17:37:17.169] imu_att:-3.556,2.023,-0.243,-168.283,0.964,0.768
[17:37:17.209] imu_att:-3.555,2.024,-0.244,-168.750,0.689,0.779
[17:37:17.249] imu_att:-3.566,2.028,-0.245,-168.987,0.450,0.741
[17:37:17.288] imu_att:-3.548,2.020,-0.243,-168.908,1.010,0.801
[17:37:17.328] imu_att:-3.542,2.017,-0.245,-168.974,0.416,0.762
[17:37:17.369] imu_att:-3.535,2.022,-0.246,-168.737,0.453,0.726
[17:37:17.409] imu_att:-3.547,2.015,-0.246,-168.447,0.639,0.662
[17:37:17.448] imu_att:-3.560,2.016,-0.245,-168.544,0.736,0.595
[17:37:17.488] imu_att:-3.555,2.006,-0.244,-169.420,-0.027,0.506
[17:37:17.529] imu_att:-3.550,2.015,-0.243,-169.049,0.083,0.468
[17:37:17.569] imu_att:-3.547,2.018,-0.242,-168.457,0.722,0.456
[17:37:17.608] imu_att:-3.545,2.010,-0.242,-169.014,0.361,0.459
[17:37:17.648] imu_att:-3.547,2.016,-0.244,-168.791,0.408,0.439
[17:37:17.689] imu_att:-3.547,2.012,-0.244,-168.407,1.093,0.510
[17:37:17.729] imu_att:-3.550,2.016,-0.244,-168.513,0.988,0.613
[17:37:17.768] imu_att:-3.538,2.020,-0.245,-168.689,0.639,0.662
[17:37:17.808] imu_att:-3.556,2.017,-0.245,-168.873,0.989,0.711
[17:37:17.849] imu_att:-3.544,2.013,-0.245,-168.210,0.939,0.737
[17:37:17.889] imu_att:-3.555,2.014,-0.245,-168.361,1.024,0.796
[17:37:17.929] imu_att:-3.547,2.013,-0.246,-168.230,1.253,0.838
[17:37:17.968] imu_att:-3.546,2.016,-0.245,-168.991,0.497,0.832
[17:37:18.009] imu_att:-3.548,2.019,-0.246,-169.199,0.549,0.831
[17:37:18.049] imu_att:-3.537,2.024,-0.246,-168.936,0.555,0.799
[17:37:18.088] imu_att:-3.540,2.028,-0.248,-169.807,0.069,0.763
[17:37:18.128] imu_att:-3.521,2.026,-0.252,-169.816,-0.449,0.554
[17:37:18.168] imu_att:-3.523,2.026,-0.253,-167.927,1.243,0.563
[17:37:18.209] imu_att:-3.539,2.016,-0.252,-168.585,0.648,0.614
[17:37:18.249] imu_att:-3.541,2.014,-0.252,-168.143,0.767,0.631
[17:37:18.288] imu_att:-3.551,2.016,-0.250,-168.397,1.003,0.709
[17:37:18.328] imu_att:-3.541,2.016,-0.252,-168.298,1.189,0.807
[17:37:18.369] imu_att:-3.541,2.021,-0.254,-168.886,0.794,0.857
[17:37:18.409] imu_att:-3.560,2.027,-0.254,-168.513,0.721,0.849
[17:37:18.449] imu_att:-3.547,2.030,-0.254,-168.666,0.398,0.792
[17:37:18.489] imu_att:-3.563,2.019,-0.256,-168.513,0.919,0.782
[17:37:18.529] imu_att:-3.540,2.007,-0.256,-168.917,0.434,0.739
[17:37:18.569] imu_att:-3.547,2.021,-0.257,-169.164,0.486,0.701
[17:37:18.608] imu_att:-3.564,2.021,-0.255,-169.258,0.105,0.599
[17:37:18.648] imu_att:-3.549,2.023,-0.255,-168.012,1.115,0.591
[17:37:18.689] imu_att:-3.564,2.043,-0.255,-169.264,0.717,0.666
[17:37:18.729] imu_att:-3.567,2.054,-0.256,-168.215,0.853,0.668
[17:37:18.768] imu_att:-3.587,2.017,-0.256,-168.891,0.604,0.677
[17:37:18.808] imu_att:-3.542,2.005,-0.254,-168.907,0.812,0.735
[17:37:18.849] imu_att:-3.596,2.008,-0.253,-169.021,0.367,0.692
[17:37:18.889] imu_att:-3.537,2.014,-0.251,-169.349,0.191,0.671
[17:37:18.928] imu_att:-3.550,2.017,-0.252,-168.049,0.857,0.695
[17:37:18.968] imu_att:-3.504,2.018,-0.253,-168.580,0.762,0.724
[17:37:19.009] imu_att:-3.527,2.032,-0.254,-168.574,1.000,0.748
[17:37:19.049] imu_att:-3.530,2.018,-0.255,-169.358,0.379,0.736
[17:37:19.089] imu_att:-3.557,2.014,-0.254,-168.940,0.443,0.675
[17:37:19.128] imu_att:-3.530,2.029,-0.256,-168.046,1.159,0.680
[17:37:19.169] imu_att:-3.567,2.027,-0.256,-168.220,0.795,0.678
[17:37:19.209] imu_att:-3.538,2.020,-0.256,-168.774,0.634,0.708
[17:37:19.249] imu_att:-3.549,2.027,-0.257,-169.000,0.597,0.718
[17:37:19.288] imu_att:-3.544,2.019,-0.257,-169.217,0.229,0.664
[17:37:19.328] imu_att:-3.553,2.026,-0.257,-168.416,1.015,0.665
[17:37:19.369] imu_att:-3.531,2.024,-0.258,-168.285,0.947,0.657
[17:37:19.409] imu_att:-3.543,2.044,-0.260,-168.660,0.958,0.729
[17:37:19.448] imu_att:-3.539,2.027,-0.260,-168.449,0.495,0.674
[17:37:19.488] imu_att:-3.563,2.011,-0.259,-168.226,0.802,0.688
[17:37:19.529] imu_att:-3.538,2.005,-0.258,-168.376,0.693,0.686
[17:37:19.569] imu_att:-3.543,2.027,-0.259,-168.980,0.309,0.602
[17:37:19.608] imu_att:-3.535,2.019,-0.258,-168.991,0.359,0.560
[17:37:19.648] imu_att:-3.558,2.025,-0.260,-169.036,0.592,0.556
[17:37:19.689] imu_att:-3.536,2.021,-0.261,-168.895,0.579,0.561
[17:37:19.729] imu_att:-3.538,2.027,-0.261,-167.625,1.317,0.609
[17:37:19.769] imu_att:-3.522,2.015,-0.261,-168.846,0.698,0.647
[17:37:19.808] imu_att:-3.546,2.025,-0.262,-168.669,0.643,0.635
[17:37:19.849] imu_att:-3.529,2.021,-0.263,-168.237,0.938,0.683
[17:37:19.889] imu_att:-3.538,2.016,-0.262,-168.273,0.929,0.740
[17:37:19.929] imu_att:-3.532,2.023,-0.264,-168.098,1.399,0.796
[17:37:19.968] imu_att:-3.529,2.042,-0.266,-168.336,1.273,0.917
[17:37:20.009] imu_att:-3.569,1.996,-0.269,-167.755,1.583,1.007
[17:37:20.049] imu_att:-3.545,2.010,-0.267,-169.003,1.495,1.123
[17:37:20.089] imu_att:-3.549,2.016,-0.268,-168.990,0.395,1.016
[17:37:20.128] imu_att:-3.543,2.017,-0.269,-167.577,2.103,1.126
[17:37:20.169] imu_att:-3.542,2.020,-0.270,-168.471,1.243,1.208
[17:37:20.209] imu_att:-3.548,2.019,-0.273,-167.416,1.998,1.299
[17:37:20.249] imu_att:-3.533,2.031,-0.274,-168.775,1.600,1.428
[17:37:20.288] imu_att:-3.539,2.023,-0.273,-167.725,1.561,1.458
[17:37:20.328] imu_att:-3.549,2.029,-0.274,-167.189,2.154,1.565
[17:37:20.369] imu_att:-3.547,2.030,-0.273,-166.886,1.817,1.595
[17:37:20.409] imu_att:-3.538,2.017,-0.274,-168.358,1.164,1.595
[17:37:20.448] imu_att:-3.545,2.014,-0.275,-166.923,1.830,1.524
[17:37:20.489] imu_att:-3.548,2.002,-0.276,-168.020,1.550,1.567
[17:37:20.529] imu_att:-3.545,2.010,-0.276,-167.694,1.731,1.624
[17:37:20.569] imu_att:-3.548,2.029,-0.279,-168.087,1.268,1.574
[17:37:20.608] imu_att:-3.519,2.015,-0.281,-168.148,1.512,1.571
[17:37:20.649] imu_att:-3.541,2.028,-0.282,-167.441,1.493,1.552
[17:37:20.689] imu_att:-3.542,2.017,-0.283,-168.020,1.625,1.594
[17:37:20.729] imu_att:-3.545,2.018,-0.284,-167.647,1.475,1.563
[17:37:20.768] imu_att:-3.543,2.018,-0.283,-167.871,1.460,1.569
[17:37:20.808] imu_att:-3.552,2.024,-0.285,-168.200,1.219,1.520
[17:37:20.849] imu_att:-3.549,2.030,-0.286,-167.351,1.672,1.515
[17:37:20.889] imu_att:-3.552,2.020,-0.287,-168.328,1.126,1.513
[17:37:20.928] imu_att:-3.556,2.028,-0.288,-167.996,1.356,1.449
[17:37:20.968] imu_att:-3.555,2.020,-0.290,-167.802,1.537,1.455
[17:37:21.009] imu_att:-3.551,2.016,-0.292,-167.964,1.289,1.386
[17:37:21.049] imu_att:-3.553,2.023,-0.294,-168.557,0.823,1.317
[17:37:21.088] imu_att:-3.551,2.028,-0.293,-167.612,1.669,1.301
[17:37:21.128] imu_att:-3.542,2.022,-0.295,-168.141,1.188,1.304
[17:37:21.169] imu_att:-3.544,2.016,-0.294,-167.941,1.112,1.253
[17:37:21.209] imu_att:-3.547,2.035,-0.294,-167.685,1.358,1.251
[17:37:21.248] imu_att:-3.537,2.023,-0.294,-168.500,1.082,1.268
[17:37:21.288] imu_att:-3.547,2.026,-0.294,-168.196,1.375,1.312
[17:37:21.329] imu_att:-3.576,2.016,-0.293,-168.574,1.122,1.317
[17:37:21.369] imu_att:-3.566,2.015,-0.291,-168.077,1.235,1.280
[17:37:21.408] imu_att:-3.546,2.011,-0.290,-168.190,1.101,1.237
[17:37:21.448] imu_att:-3.555,2.016,-0.291,-169.033,0.790,1.183
[17:37:21.489] imu_att:-3.550,2.020,-0.291,-167.835,1.453,1.158
[17:37:21.529] imu_att:-3.550,2.024,-0.291,-167.254,2.015,1.267
[17:37:21.568] imu_att:-3.567,2.006,-0.291,-167.629,1.843,1.421
[17:37:21.608] imu_att:-3.549,2.010,-0.292,-168.023,1.486,1.456
[17:37:21.649] imu_att:-3.570,2.018,-0.293,-166.871,1.960,1.481
[17:37:21.689] imu_att:-3.554,2.007,-0.295,-167.674,1.841,1.559
[17:37:21.728] imu_att:-3.541,2.005,-0.295,-167.478,1.723,1.571
[17:37:21.768] imu_att:-3.532,2.018,-0.296,-168.028,1.518,1.572
[17:37:21.809] imu_att:-3.538,2.015,-0.296,-167.999,1.399,1.549
[17:37:21.849] imu_att:-3.538,2.027,-0.296,-168.056,1.112,1.454
[17:37:21.889] imu_att:-3.547,2.015,-0.298,-167.690,1.641,1.485
[17:37:21.928] imu_att:-3.541,2.025,-0.300,-167.307,1.908,1.524
[17:37:21.969] imu_att:-3.561,2.018,-0.301,-168.279,1.151,1.506
[17:37:22.009] imu_att:-3.554,2.028,-0.302,-168.096,1.364,1.499
[17:37:22.049] imu_att:-3.566,2.024,-0.304,-168.232,1.213,1.458
[17:37:22.088] imu_att:-3.552,2.021,-0.304,-167.800,1.310,1.401
[17:37:22.129] imu_att:-3.556,2.009,-0.304,-168.304,1.025,1.361
[17:37:22.169] imu_att:-3.552,2.014,-0.303,-169.003,0.717,1.297
[17:37:22.208] imu_att:-3.545,2.019,-0.305,-167.382,1.729,1.303
[17:37:22.248] imu_att:-3.552,2.027,-0.307,-167.773,1.700,1.410
[17:37:22.289] imu_att:-3.560,2.031,-0.309,-167.543,1.875,1.506
[17:37:22.329] imu_att:-3.565,2.020,-0.311,-167.644,1.692,1.532
[17:37:22.369] imu_att:-3.552,2.016,-0.311,-167.905,1.273,1.495
[17:37:22.408] imu_att:-3.545,2.032,-0.312,-167.958,1.283,1.446
[17:37:22.449] imu_att:-3.540,2.032,-0.313,-168.559,0.942,1.406
[17:37:22.489] imu_att:-3.539,2.030,-0.314,-168.511,0.882,1.339
[17:37:22.529] imu_att:-3.536,2.028,-0.316,-167.864,1.476,1.346
[17:37:22.568] imu_att:-3.548,2.019,-0.316,-167.143,1.798,1.356
[17:37:22.608] imu_att:-3.559,2.029,-0.316,-168.957,1.040,1.402
[17:37:22.649] imu_att:-3.551,2.034,-0.317,-167.638,1.565,1.391
[17:37:22.689] imu_att:-3.549,2.029,-0.318,-168.098,1.345,1.418
[17:37:22.728] imu_att:-3.537,2.022,-0.318,-168.221,1.225,1.382
[17:37:22.769] imu_att:-3.540,2.021,-0.318,-167.952,1.176,1.340
[17:37:22.809] imu_att:-3.539,2.018,-0.318,-168.566,1.315,1.361
[17:37:22.849] imu_att:-3.543,2.018,-0.320,-168.255,1.255,1.308
[17:37:22.888] imu_att:-3.549,2.008,-0.320,-168.240,1.017,1.239
[17:37:22.928] imu_att:-3.554,2.025,-0.322,-168.875,0.522,1.129
[17:37:22.969] imu_att:-3.556,2.023,-0.323,-167.978,1.313,1.147
[17:37:23.009] imu_att:-3.541,2.024,-0.324,-167.827,1.513,1.206
[17:37:23.048] imu_att:-3.554,2.025,-0.325,-166.623,2.119,1.281
[17:37:23.088] imu_att:-3.539,2.011,-0.327,-168.221,1.335,1.398
[17:37:23.129] imu_att:-3.560,2.018,-0.326,-167.573,1.491,1.320
[17:37:23.169] imu_att:-3.570,2.021,-0.326,-168.324,1.190,1.348
[17:37:23.208] imu_att:-3.568,2.019,-0.327,-168.206,0.926,1.304
[17:37:23.249] imu_att:-3.551,2.016,-0.328,-167.995,1.068,1.229
[17:37:23.289] imu_att:-3.552,2.016,-0.329,-167.986,1.355,1.241
[17:37:23.329] imu_att:-3.551,2.002,-0.328,-168.146,1.243,1.258
[17:37:23.368] imu_att:-3.566,2.006,-0.329,-168.038,1.319,1.262
[17:37:23.408] imu_att:-3.556,2.001,-0.331,-168.038,1.337,1.263
[17:37:23.449] imu_att:-3.545,1.996,-0.331,-168.479,1.298,1.288
[17:37:23.489] imu_att:-3.553,2.008,-0.332,-167.797,1.485,1.282
[17:37:23.528] imu_att:-3.540,2.016,-0.332,-168.454,1.128,1.311
[17:37:23.568] imu_att:-3.549,2.010,-0.332,-167.911,1.147,1.260
[17:37:23.609] imu_att:-3.547,2.015,-0.333,-168.283,1.082,1.243
[17:37:23.649] imu_att:-3.547,2.017,-0.335,-168.317,1.004,1.169
[17:37:23.688] imu_att:-3.553,2.026,-0.336,-167.944,1.523,1.225
[17:37:23.728] imu_att:-3.560,2.015,-0.337,-168.040,1.234,1.234
[17:37:23.769] imu_att:-3.559,2.036,-0.338,-168.085,1.194,1.192
[17:37:23.809] imu_att:-3.552,2.033,-0.339,-167.602,1.500,1.236
[17:37:23.848] imu_att:-3.549,2.008,-0.339,-168.567,1.075,1.272
[17:37:23.888] imu_att:-3.549,2.015,-0.340,-167.982,1.474,1.293
[17:37:23.929] imu_att:-3.551,2.023,-0.341,-168.298,1.077,1.293
[17:37:23.969] imu_att:-3.555,2.019,-0.340,-168.174,1.204,1.280
[17:37:24.008] imu_att:-3.550,2.023,-0.339,-168.031,1.252,1.267
[17:37:24.048] imu_att:-3.543,2.021,-0.341,-168.275,1.780,1.342
[17:37:24.089] imu_att:-3.542,2.024,-0.341,-168.198,1.274,1.374
[17:37:24.129] imu_att:-3.538,2.031,-0.342,-168.364,0.908,1.324
[17:37:24.168] imu_att:-3.551,2.021,-0.343,-168.302,0.979,1.267
[17:37:24.208] imu_att:-3.573,2.024,-0.344,-167.689,1.103,1.198
[17:37:24.249] imu_att:-3.568,2.022,-0.345,-168.003,1.109,1.167
[17:37:24.289] imu_att:-3.565,2.022,-0.345,-167.629,1.791,1.252
[17:37:24.328] imu_att:-3.564,2.005,-0.345,-168.221,1.180,1.266
[17:37:24.368] imu_att:-3.561,2.017,-0.346,-167.666,1.779,1.318
[17:37:24.409] imu_att:-3.551,2.012,-0.346,-168.213,1.862,1.435
[17:37:24.449] imu_att:-3.555,2.022,-0.347,-167.667,1.635,1.470
[17:37:24.488] imu_att:-3.541,2.026,-0.349,-167.666,1.682,1.507
[17:37:24.528] imu_att:-3.547,2.023,-0.350,-167.450,2.015,1.572
[17:37:24.569] imu_att:-3.545,2.039,-0.351,-167.801,1.714,1.602
[17:37:24.609] imu_att:-3.549,2.037,-0.353,-168.246,1.507,1.590
[17:37:24.648] imu_att:-3.551,2.030,-0.355,-167.944,1.379,1.537
[17:37:24.689] imu_att:-3.559,2.018,-0.357,-168.209,1.435,1.533
[17:37:24.729] imu_att:-3.546,2.010,-0.358,-167.522,1.730,1.533
[17:37:24.769] imu_att:-3.546,2.005,-0.359,-168.259,1.620,1.538
[17:37:24.808] imu_att:-3.558,2.012,-0.359,-169.171,0.953,1.534
[17:37:24.848] imu_att:-3.559,2.026,-0.359,-169.401,0.725,1.456
[17:37:24.888] imu_att:-3.559,2.023,-0.362,-167.793,1.394,1.360
[17:37:24.929] imu_att:-3.545,2.014,-0.364,-167.449,1.752,1.377
[17:37:24.968] imu_att:-3.549,2.024,-0.366,-167.612,1.738,1.440
[17:37:25.008] imu_att:-3.539,2.017,-0.366,-168.403,1.272,1.482
[17:37:25.048] imu_att:-3.559,2.011,-0.367,-168.565,0.955,1.426
[17:37:25.089] imu_att:-3.557,2.022,-0.367,-168.181,1.170,1.310
[17:37:25.128] imu_att:-3.560,2.026,-0.369,-167.648,0.969,1.174
[17:37:25.168] imu_att:-3.552,2.014,-0.370,-168.146,1.393,1.217
[17:37:25.209] imu_att:-3.558,2.016,-0.372,-167.729,1.419,1.238
[17:37:25.249] imu_att:-3.554,2.021,-0.372,-167.451,1.617,1.273
[17:37:25.288] imu_att:-3.560,2.021,-0.373,-167.882,1.602,1.305
[17:37:25.328] imu_att:-3.561,2.016,-0.374,-168.264,1.565,1.380
[17:37:25.369] imu_att:-3.547,2.026,-0.375,-168.101,1.206,1.361
[17:37:25.409] imu_att:-3.559,2.014,-0.375,-167.952,1.327,1.352
[17:37:25.449] imu_att:-3.552,2.016,-0.375,-167.756,1.577,1.378
[17:37:25.488] imu_att:-3.544,2.005,-0.375,-168.149,1.263,1.395
[17:37:25.528] imu_att:-3.550,1.998,-0.377,-167.962,1.193,1.335
[17:37:25.569] imu_att:-3.552,2.012,-0.379,-167.722,1.589,1.355
[17:37:25.609] imu_att:-3.546,2.012,-0.380,-167.339,2.070,1.462
[17:37:25.648] imu_att:-3.551,2.014,-0.381,-168.042,1.377,1.521
[17:37:25.688] imu_att:-3.551,2.021,-0.380,-168.552,0.904,1.464
[17:37:25.729] imu_att:-3.550,2.024,-0.381,-167.612,1.397,1.400
[17:37:25.769] imu_att:-3.543,2.006,-0.382,-168.384,1.183,1.426
[17:37:25.808] imu_att:-3.548,2.009,-0.381,-167.855,1.052,1.328
[17:37:25.848] imu_att:-3.532,2.015,-0.384,-168.284,1.419,1.325
[17:37:25.889] imu_att:-3.537,2.025,-0.384,-167.832,1.601,1.331
[17:37:25.929] imu_att:-3.530,2.022,-0.387,-168.017,1.421,1.387
[17:37:25.968] imu_att:-3.540,2.014,-0.386,-167.885,1.421,1.387
[17:37:26.008] imu_att:-3.539,2.004,-0.385,-167.468,1.928,1.471
[17:37:26.049] imu_att:-3.541,2.021,-0.386,-167.440,1.353,1.467
[17:37:26.089] imu_att:-3.546,2.020,-0.388,-168.030,1.249,1.473
[17:37:26.128] imu_att:-3.563,2.025,-0.389,-167.776,1.562,1.453
[17:37:26.168] imu_att:-3.562,2.027,-0.391,-167.437,1.570,1.481
[17:37:26.209] imu_att:-3.554,2.021,-0.393,-167.966,1.304,1.435
[17:37:26.249] imu_att:-3.555,2.022,-0.394,-167.728,1.601,1.474
[17:37:26.288] imu_att:-3.550,2.028,-0.395,-167.428,1.462,1.469
[17:37:26.328] imu_att:-3.549,2.018,-0.394,-166.682,2.384,1.545
[17:37:26.369] imu_att:-3.535,2.019,-0.395,-168.033,1.511,1.652
[17:37:26.409] imu_att:-3.547,2.028,-0.397,-167.995,1.053,1.533
[17:37:26.448] imu_att:-3.549,2.033,-0.398,-167.986,1.349,1.492
[17:37:26.488] imu_att:-3.540,2.027,-0.399,-168.014,1.442,1.476
[17:37:26.529] imu_att:-3.562,2.022,-0.400,-168.206,1.351,1.475
[17:37:26.569] imu_att:-3.546,2.017,-0.401,-167.608,1.458,1.457
[17:37:26.608] imu_att:-3.541,2.019,-0.402,-167.249,1.829,1.480
[17:37:26.648] imu_att:-3.541,2.021,-0.403,-167.696,1.166,1.473
[17:37:26.689] imu_att:-3.548,2.028,-0.405,-168.941,0.796,1.407
[17:37:26.729] imu_att:-3.547,2.013,-0.405,-167.769,1.427,1.363
[17:37:26.768] imu_att:-3.563,2.017,-0.405,-168.548,0.975,1.351
[17:37:26.808] imu_att:-3.550,2.019,-0.405,-168.300,1.061,1.295
[17:37:26.849] imu_att:-3.550,2.010,-0.406,-168.523,1.068,1.298
[17:37:26.889] imu_att:-3.552,2.015,-0.406,-167.956,1.406,1.315
[17:37:26.928] imu_att:-3.557,2.022,-0.408,-167.780,1.565,1.359
[17:37:26.968] imu_att:-3.551,2.019,-0.408,-168.114,1.613,1.407
[17:37:27.009] imu_att:-3.541,2.017,-0.410,-168.462,1.027,1.384
[17:37:27.049] imu_att:-3.544,2.009,-0.413,-168.027,1.269,1.368
[17:37:27.088] imu_att:-3.558,2.025,-0.415,-168.285,1.212,1.345
[17:37:27.128] imu_att:-3.560,2.022,-0.416,-167.451,1.816,1.392
[17:37:27.169] imu_att:-3.554,2.011,-0.415,-168.149,1.140,1.361
[17:37:27.209] imu_att:-3.563,2.009,-0.415,-167.374,1.707,1.369
[17:37:27.248] imu_att:-3.553,2.016,-0.416,-168.164,1.221,1.380
[17:37:27.288] imu_att:-3.541,2.027,-0.417,-168.356,1.206,1.409
[17:37:27.329] imu_att:-3.562,2.018,-0.418,-168.080,1.247,1.376
[17:37:27.369] imu_att:-3.559,2.017,-0.419,-167.848,1.712,1.397
[17:37:27.408] imu_att:-3.549,2.025,-0.419,-167.725,1.624,1.437
[17:37:27.448] imu_att:-3.548,2.027,-0.419,-167.118,1.739,1.480
[17:37:27.489] imu_att:-3.545,2.023,-0.420,-168.247,1.310,1.488
[17:37:27.529] imu_att:-3.547,2.013,-0.422,-168.201,1.060,1.417
[17:37:27.569] imu_att:-3.554,2.014,-0.422,-168.107,1.304,1.400
[17:37:27.608] imu_att:-3.544,2.016,-0.422,-168.975,0.622,1.338
[17:37:27.648] imu_att:-3.539,2.019,-0.423,-167.443,1.550,1.280
[17:37:27.689] imu_att:-3.546,2.019,-0.423,-169.077,0.411,1.263
[17:37:27.728] imu_att:-3.540,2.018,-0.423,-168.707,1.011,1.160
[17:37:27.768] imu_att:-3.548,2.012,-0.422,-167.775,1.411,1.147
[17:37:27.808] imu_att:-3.547,2.030,-0.422,-168.373,1.099,1.154
[17:37:27.849] imu_att:-3.553,2.020,-0.422,-167.633,1.370,1.142
[17:37:27.888] imu_att:-3.552,2.021,-0.420,-168.362,1.062,1.174
[17:37:27.928] imu_att:-3.542,2.023,-0.420,-168.314,1.233,1.159
[17:37:27.969] imu_att:-3.555,2.017,-0.420,-168.242,0.966,1.130
[17:37:28.009] imu_att:-3.554,2.019,-0.422,-168.721,0.903,1.124
[17:37:28.048] imu_att:-3.555,2.027,-0.423,-167.903,1.533,1.162
[17:37:28.088] imu_att:-3.546,2.031,-0.425,-167.692,1.671,1.235
[17:37:28.128] imu_att:-3.540,2.022,-0.426,-167.799,1.557,1.314
[17:37:28.169] imu_att:-3.540,2.019,-0.427,-167.799,1.586,1.365
[17:37:28.209] imu_att:-3.546,2.022,-0.428,-168.358,1.270,1.400
[17:37:28.248] imu_att:-3.556,2.035,-0.428,-167.553,1.411,1.384
[17:37:28.289] imu_att:-3.552,2.031,-0.429,-168.340,1.130,1.360
[17:37:28.329] imu_att:-3.556,2.028,-0.431,-168.090,1.347,1.338
[17:37:28.368] imu_att:-3.548,2.028,-0.432,-167.996,1.312,1.338
[17:37:28.408] imu_att:-3.551,2.014,-0.432,-167.655,1.444,1.341
[17:37:28.449] imu_att:-3.548,2.012,-0.433,-168.474,1.096,1.396
[17:37:28.489] imu_att:-3.550,2.022,-0.434,-167.087,2.163,1.472
[17:37:28.528] imu_att:-3.538,2.023,-0.436,-167.968,1.225,1.475
[17:37:28.568] imu_att:-3.546,2.008,-0.436,-168.205,1.235,1.438
[17:37:28.609] imu_att:-3.546,2.024,-0.436,-167.403,1.812,1.515
[17:37:28.649] imu_att:-3.555,2.023,-0.437,-167.703,1.488,1.502
[17:37:28.689] imu_att:-3.555,2.029,-0.439,-168.039,1.371,1.493
[17:37:28.728] imu_att:-3.552,2.016,-0.441,-168.309,1.117,1.474
[17:37:28.768] imu_att:-3.548,2.008,-0.440,-168.223,1.230,1.442
[17:37:28.809] imu_att:-3.543,2.021,-0.441,-168.513,1.032,1.410
[17:37:28.849] imu_att:-3.552,2.027,-0.440,-167.721,1.099,1.307
[17:37:28.888] imu_att:-3.543,2.019,-0.440,-167.737,1.603,1.346
[17:37:28.928] imu_att:-3.548,2.017,-0.440,-167.886,1.682,1.403
[17:37:28.969] imu_att:-3.543,2.013,-0.441,-167.720,1.529,1.430
[17:37:29.009] imu_att:-3.549,2.017,-0.441,-167.061,1.792,1.458
[17:37:29.048] imu_att:-3.554,2.020,-0.444,-168.456,1.237,1.453
[17:37:29.088] imu_att:-3.546,2.022,-0.446,-167.807,1.497,1.414
[17:37:29.129] imu_att:-3.555,2.030,-0.447,-168.267,1.197,1.400
[17:37:29.169] imu_att:-3.544,2.025,-0.448,-167.866,1.380,1.372
[17:37:29.208] imu_att:-3.547,2.023,-0.449,-168.740,0.667,1.313
[17:37:29.248] imu_att:-3.531,2.020,-0.449,-167.494,1.440,1.233
[17:37:29.289] imu_att:-3.542,2.026,-0.451,-168.364,1.211,1.298
[17:37:29.329] imu_att:-3.540,2.035,-0.453,-168.186,1.121,1.302
[17:37:29.368] imu_att:-3.552,2.025,-0.454,-167.620,1.699,1.339
[17:37:29.408] imu_att:-3.565,2.011,-0.454,-167.308,1.827,1.402
[17:37:29.449] imu_att:-3.555,2.009,-0.455,-167.372,1.659,1.442
[17:37:29.489] imu_att:-3.556,2.015,-0.456,-168.075,1.255,1.422
[17:37:29.528] imu_att:-3.549,2.005,-0.457,-167.678,1.502,1.399
[17:37:29.568] imu_att:-3.558,2.010,-0.458,-168.367,1.496,1.431
[17:37:29.609] imu_att:-3.558,2.023,-0.459,-168.102,1.404,1.433
[17:37:29.649] imu_att:-3.562,2.024,-0.460,-167.798,1.176,1.351
[17:37:29.688] imu_att:-3.557,2.008,-0.462,-168.474,1.138,1.334
[17:37:29.728] imu_att:-3.546,2.015,-0.461,-167.820,1.461,1.319
[17:37:29.769] imu_att:-3.535,2.006,-0.462,-167.042,2.101,1.411
[17:37:29.809] imu_att:-3.536,2.010,-0.462,-167.527,1.799,1.491
[17:37:29.848] imu_att:-3.549,2.023,-0.461,-168.067,1.346,1.513
[17:37:29.888] imu_att:-3.547,2.009,-0.460,-167.775,1.379,1.474
[17:37:29.929] imu_att:-3.529,2.010,-0.462,-168.132,1.305,1.460
[17:37:29.969] imu_att:-3.540,2.009,-0.462,-168.114,1.261,1.417
[17:37:30.008] imu_att:-3.560,2.007,-0.463,-167.913,1.424,1.407
[17:37:30.048] imu_att:-3.543,2.018,-0.467,-167.834,1.353,1.389
[17:37:30.089] imu_att:-3.542,2.015,-0.467,-168.205,1.180,1.338
[17:37:30.129] imu_att:-3.541,2.024,-0.468,-168.196,1.213,1.311
[17:37:30.169] imu_att:-3.549,2.013,-0.468,-168.074,1.298,1.328
[17:37:30.208] imu_att:-3.541,2.016,-0.469,-167.987,1.406,1.307
[17:37:30.248] imu_att:-3.544,2.017,-0.472,-167.901,1.327,1.272
[17:37:30.289] imu_att:-3.539,2.018,-0.472,-168.030,1.402,1.304
[17:37:30.329] imu_att:-3.547,2.019,-0.473,-167.834,1.229,1.217
[17:37:30.368] imu_att:-3.541,2.017,-0.475,-168.128,1.355,1.255
[17:37:30.408] imu_att:-3.549,2.015,-0.475,-168.115,0.726,1.203
[17:37:30.449] imu_att:-3.541,2.007,-0.476,-168.309,0.898,1.126
[17:37:30.489] imu_att:-3.548,2.014,-0.476,-167.867,1.389,1.132
[17:37:30.528] imu_att:-3.564,2.017,-0.477,-168.188,1.112,1.153
[17:37:30.568] imu_att:-3.551,2.013,-0.480,-167.844,1.253,1.145
[17:37:30.609] imu_att:-3.546,2.016,-0.481,-168.092,1.138,1.132
[17:37:30.649] imu_att:-3.552,2.014,-0.484,-168.695,1.134,1.215
[17:37:30.688] imu_att:-3.534,2.017,-0.485,-168.254,1.276,1.253
[17:37:30.728] imu_att:-3.557,2.012,-0.486,-168.298,1.096,1.258
[17:37:30.769] imu_att:-3.548,2.013,-0.487,-168.755,0.877,1.154
[17:37:30.809] imu_att:-3.550,2.020,-0.487,-168.046,1.515,1.174
[17:37:30.848] imu_att:-3.569,2.017,-0.486,-168.044,1.313,1.208
[17:37:30.888] imu_att:-3.548,2.021,-0.488,-167.725,1.332,1.211
[17:37:30.929] imu_att:-3.550,2.030,-0.489,-168.445,1.133,1.235
[17:37:30.969] imu_att:-3.552,2.023,-0.489,-168.511,1.107,1.265
[17:37:31.009] imu_att:-3.542,2.025,-0.490,-167.830,1.448,1.258
[17:37:31.048] imu_att:-3.532,2.009,-0.490,-168.172,1.101,1.219
[17:37:31.088] imu_att:-3.524,2.005,-0.490,-167.818,1.201,1.171
[17:37:31.129] imu_att:-3.550,2.017,-0.490,-168.600,1.000,1.198
[17:37:31.168] imu_att:-3.542,2.016,-0.491,-167.321,1.783,1.236
[17:37:31.208] imu_att:-3.565,2.013,-0.491,-168.314,1.043,1.247
[17:37:31.248] imu_att:-3.554,2.020,-0.492,-168.370,0.949,1.194
[17:37:31.289] imu_att:-3.554,2.013,-0.491,-168.515,1.034,1.200
[17:37:31.329] imu_att:-3.555,2.019,-0.493,-168.338,1.004,1.154
[17:37:31.368] imu_att:-3.566,2.018,-0.494,-167.729,1.534,1.168
[17:37:31.408] imu_att:-3.561,2.020,-0.494,-168.202,1.260,1.220
[17:37:31.449] imu_att:-3.557,2.022,-0.495,-167.960,1.254,1.233
[17:37:31.489] imu_att:-3.560,2.026,-0.496,-168.069,1.024,1.230
[17:37:31.529] imu_att:-3.555,2.040,-0.495,-168.733,0.689,1.142
[17:37:31.568] imu_att:-3.567,2.028,-0.496,-167.928,1.346,1.150
[17:37:31.609] imu_att:-3.555,2.027,-0.496,-168.146,0.948,1.131
[17:37:31.649] imu_att:-3.551,2.018,-0.496,-168.466,0.919,1.123
[17:37:31.689] imu_att:-3.557,2.023,-0.498,-167.346,1.472,1.080
[17:37:31.728] imu_att:-3.559,2.016,-0.500,-168.050,1.305,1.142
[17:37:31.769] imu_att:-3.552,2.011,-0.501,-167.539,1.501,1.190
[17:37:31.809] imu_att:-3.555,2.019,-0.502,-168.127,1.262,1.237
[17:37:31.849] imu_att:-3.551,2.028,-0.504,-167.870,1.559,1.267
[17:37:31.889] imu_att:-3.542,2.029,-0.507,-167.521,1.632,1.309
[17:37:31.929] imu_att:-3.544,2.026,-0.508,-167.936,1.048,1.265
[17:37:31.969] imu_att:-3.553,2.030,-0.508,-167.667,2.026,1.350
[17:37:32.008] imu_att:-3.540,2.028,-0.510,-168.072,1.444,1.430
[17:37:32.048] imu_att:-3.554,2.025,-0.510,-168.318,1.253,1.430
[17:37:32.089] imu_att:-3.536,2.013,-0.510,-168.027,1.233,1.375
[17:37:32.129] imu_att:-3.540,2.016,-0.511,-167.769,1.694,1.424
[17:37:32.168] imu_att:-3.531,2.006,-0.513,-167.918,1.393,1.414
[17:37:32.208] imu_att:-3.544,2.012,-0.514,-168.098,1.449,1.397
[17:37:32.249] imu_att:-3.559,2.017,-0.514,-168.718,0.846,1.354
[17:37:32.289] imu_att:-3.557,2.023,-0.513,-167.968,1.358,1.325
[17:37:32.328] imu_att:-3.543,2.034,-0.514,-167.539,1.666,1.348
[17:37:32.368] imu_att:-3.539,2.025,-0.516,-167.627,1.657,1.391
[17:37:32.409] imu_att:-3.542,2.013,-0.518,-168.267,1.238,1.386
[17:37:32.449] imu_att:-3.545,2.020,-0.519,-167.888,1.344,1.338
[17:37:32.488] imu_att:-3.550,2.016,-0.520,-167.259,1.715,1.383
[17:37:32.528] imu_att:-3.529,2.026,-0.519,-167.267,1.764,1.428
[17:37:32.569] imu_att:-3.539,2.028,-0.519,-167.384,1.734,1.444
[17:37:32.609] imu_att:-3.550,2.032,-0.521,-167.874,1.259,1.414
[17:37:32.649] imu_att:-3.540,2.032,-0.522,-168.273,1.405,1.412
[17:37:32.689] imu_att:-3.557,2.029,-0.524,-168.008,1.232,1.396
[17:37:32.729] imu_att:-3.546,2.038,-0.526,-167.745,1.556,1.441
[17:37:32.769] imu_att:-3.554,2.031,-0.527,-168.339,1.007,1.393
[17:37:32.808] imu_att:-3.558,2.002,-0.526,-168.387,0.972,1.327
[17:37:32.848] imu_att:-3.537,2.004,-0.525,-167.541,1.756,1.397
[17:37:32.889] imu_att:-3.529,2.013,-0.527,-168.666,1.209,1.426
[17:37:32.929] imu_att:-3.520,2.016,-0.529,-167.686,1.644,1.419
[17:37:32.968] imu_att:-3.529,2.015,-0.530,-167.624,1.449,1.405
[17:37:33.008] imu_att:-3.549,2.002,-0.532,-168.341,1.570,1.472
[17:37:33.049] imu_att:-3.544,2.017,-0.533,-167.627,1.856,1.532
[17:37:33.089] imu_att:-3.537,2.021,-0.534,-167.821,1.607,1.569
[17:37:33.129] imu_att:-3.547,2.029,-0.534,-167.060,1.792,1.573
[17:37:33.168] imu_att:-3.547,2.014,-0.536,-167.460,1.789,1.652
[17:37:33.209] imu_att:-3.551,2.019,-0.538,-167.985,1.371,1.637
[17:37:33.249] imu_att:-3.556,2.024,-0.539,-168.046,1.332,1.603
[17:37:33.288] imu_att:-3.562,2.022,-0.539,-167.730,1.616,1.598
[17:37:33.328] imu_att:-3.558,2.026,-0.540,-167.954,1.436,1.596
[17:37:33.369] imu_att:-3.545,2.034,-0.541,-167.067,1.766,1.550
[17:37:33.409] imu_att:-3.546,2.031,-0.541,-167.643,1.534,1.558
[17:37:33.448] imu_att:-3.560,2.023,-0.540,-167.952,1.794,1.630
[17:37:33.488] imu_att:-3.551,2.022,-0.542,-167.439,1.622,1.592
[17:37:33.529] imu_att:-3.552,2.023,-0.541,-169.098,0.380,1.456
[17:37:33.569] imu_att:-3.539,2.020,-0.543,-168.039,1.234,1.360
[17:37:33.608] imu_att:-3.553,2.033,-0.542,-167.650,1.753,1.384
[17:37:33.648] imu_att:-3.553,2.016,-0.543,-168.401,1.538,1.492
[17:37:33.689] imu_att:-3.549,2.014,-0.544,-168.652,0.887,1.450
[17:37:33.729] imu_att:-3.534,2.019,-0.545,-167.958,1.143,1.344
[17:37:33.768] imu_att:-3.544,2.020,-0.543,-168.096,1.260,1.332
[17:37:33.808] imu_att:-3.547,2.028,-0.544,-168.161,1.390,1.341
[17:37:33.849] imu_att:-3.532,2.036,-0.546,-168.187,1.131,1.314
[17:37:33.889] imu_att:-3.538,2.039,-0.548,-167.834,1.514,1.356
[17:37:33.928] imu_att:-3.543,2.029,-0.549,-168.686,0.700,1.313
[17:37:33.968] imu_att:-3.538,2.024,-0.550,-168.005,0.953,1.263
[17:37:34.008] imu_att:-3.562,2.019,-0.549,-167.552,1.814,1.309
[17:37:34.049] imu_att:-3.547,2.027,-0.551,-167.438,1.666,1.374
[17:37:34.089] imu_att:-3.548,2.026,-0.552,-167.564,1.315,1.394
[17:37:34.128] imu_att:-3.543,2.019,-0.553,-167.685,1.402,1.349
[17:37:34.168] imu_att:-3.541,2.019,-0.553,-167.652,1.541,1.376
[17:37:34.209] imu_att:-3.549,2.018,-0.554,-168.213,1.005,1.340
[17:37:34.249] imu_att:-3.554,2.006,-0.555,-168.093,1.226,1.298
[17:37:34.288] imu_att:-3.557,2.018,-0.555,-168.266,1.380,1.321
[17:37:34.328] imu_att:-3.557,2.025,-0.556,-167.910,1.457,1.331
[17:37:34.369] imu_att:-3.555,2.015,-0.555,-167.680,1.170,1.278
[17:37:34.409] imu_att:-3.556,2.021,-0.556,-167.714,1.638,1.318
[17:37:34.448] imu_att:-3.555,2.024,-0.557,-167.259,1.921,1.375
[17:37:34.488] imu_att:-3.560,2.034,-0.558,-167.334,1.691,1.436
[17:37:34.529] imu_att:-3.561,2.039,-0.559,-167.704,1.876,1.531
[17:37:34.569] imu_att:-3.560,2.036,-0.559,-167.792,1.411,1.489
[17:37:34.608] imu_att:-3.549,2.025,-0.561,-169.100,0.676,1.408
[17:37:34.648] imu_att:-3.559,2.014,-0.561,-167.826,1.329,1.333
[17:37:34.689] imu_att:-3.546,2.027,-0.560,-168.033,1.298,1.311
[17:37:34.729] imu_att:-3.556,2.036,-0.561,-167.947,1.379,1.320
[17:37:34.768] imu_att:-3.540,2.030,-0.562,-167.948,1.582,1.346
[17:37:34.808] imu_att:-3.550,2.031,-0.564,-167.049,1.645,1.350
[17:37:34.849] imu_att:-3.541,2.029,-0.566,-167.470,1.722,1.423
[17:37:34.889] imu_att:-3.550,2.032,-0.566,-167.497,1.628,1.418
[17:37:34.928] imu_att:-3.552,2.022,-0.567,-167.299,1.865,1.453
[17:37:34.968] imu_att:-3.542,2.017,-0.569,-168.190,1.346,1.482
[17:37:35.009] imu_att:-3.539,2.022,-0.571,-167.912,1.058,1.397
[17:37:35.049] imu_att:-3.538,2.027,-0.572,-166.767,2.223,1.436
[17:37:35.088] imu_att:-3.523,2.023,-0.573,-167.411,1.911,1.558
[17:37:35.128] imu_att:-3.529,2.022,-0.573,-169.274,0.763,1.530
[17:37:35.168] imu_att:-3.538,2.021,-0.573,-168.051,1.015,1.375
[17:37:35.209] imu_att:-3.557,2.015,-0.576,-167.625,1.531,1.377
[17:37:35.249] imu_att:-3.534,2.013,-0.576,-167.637,1.705,1.433
[17:37:35.288] imu_att:-3.559,2.015,-0.576,-168.060,1.701,1.461
[17:37:35.329] imu_att:-3.554,2.002,-0.577,-168.822,0.981,1.418
[17:37:35.369] imu_att:-3.538,2.006,-0.579,-167.667,1.571,1.390
[17:37:35.408] imu_att:-3.535,2.008,-0.578,-168.095,1.265,1.398
[17:37:35.448] imu_att:-3.541,2.013,-0.581,-168.397,1.231,1.385
[17:37:35.489] imu_att:-3.534,2.024,-0.582,-168.918,1.167,1.332
[17:37:35.529] imu_att:-3.550,2.016,-0.583,-168.411,1.085,1.306
[17:37:35.568] imu_att:-3.560,2.014,-0.582,-168.023,1.316,1.306
[17:37:35.608] imu_att:-3.551,2.014,-0.584,-167.947,1.489,1.316
[17:37:35.648] imu_att:-3.551,2.024,-0.586,-167.721,1.590,1.344
[17:37:35.689] imu_att:-3.571,2.043,-0.587,-167.361,1.840,1.403
[17:37:35.729] imu_att:-3.547,2.007,-0.589,-167.730,1.641,1.466
[17:37:35.768] imu_att:-3.533,2.031,-0.592,-167.747,1.635,1.470
[17:37:35.808] imu_att:-3.542,2.017,-0.591,-169.049,0.859,1.457
[17:37:35.849] imu_att:-3.539,2.026,-0.591,-167.568,1.281,1.396
[17:37:35.889] imu_att:-3.529,2.024,-0.591,-167.751,1.663,1.434
[17:37:35.928] imu_att:-3.540,2.016,-0.591,-168.952,1.084,1.400
[17:37:35.968] imu_att:-3.564,2.013,-0.592,-167.151,1.916,1.391
[17:37:36.009] imu_att:-3.541,2.026,-0.592,-167.621,1.805,1.498
[17:37:36.049] imu_att:-3.534,2.022,-0.591,-167.611,1.463,1.499
[17:37:36.088] imu_att:-3.536,2.011,-0.592,-167.872,1.464,1.511
[17:37:36.128] imu_att:-3.551,2.015,-0.592,-168.016,1.398,1.523
[17:37:36.169] imu_att:-3.543,2.025,-0.594,-168.426,1.296,1.518
[17:37:36.209] imu_att:-3.555,2.004,-0.594,-167.987,1.335,1.462
[17:37:36.248] imu_att:-3.536,2.002,-0.594,-167.674,1.676,1.485
[17:37:36.288] imu_att:-3.567,2.020,-0.593,-167.881,1.854,1.567
[17:37:36.329] imu_att:-3.554,2.011,-0.594,-168.524,1.156,1.534
[17:37:36.369] imu_att:-3.564,2.027,-0.593,-168.775,0.679,1.430
[17:37:36.408] imu_att:-3.541,2.032,-0.594,-168.186,1.434,1.416
[17:37:36.448] imu_att:-3.536,2.030,-0.594,-166.912,2.084,1.441
[17:37:36.489] imu_att:-3.527,2.031,-0.595,-167.572,1.945,1.604
[17:37:36.529] imu_att:-3.538,2.025,-0.596,-168.173,1.347,1.620
[17:37:36.568] imu_att:-3.545,2.023,-0.596,-167.479,1.700,1.622
[17:37:36.608] imu_att:-3.549,2.013,-0.596,-167.712,1.398,1.584
[17:37:36.649] imu_att:-3.545,2.025,-0.598,-167.608,1.881,1.632
[17:37:36.689] imu_att:-3.550,2.031,-0.600,-167.902,1.525,1.646
[17:37:36.729] imu_att:-3.543,2.008,-0.600,-168.031,1.433,1.618
[17:37:36.768] imu_att:-3.536,2.016,-0.601,-167.733,1.407,1.573
[17:37:36.809] imu_att:-3.529,2.032,-0.602,-167.679,1.563,1.542
[17:37:36.849] imu_att:-3.537,2.050,-0.603,-168.103,1.151,1.499
[17:37:36.888] imu_att:-3.547,2.030,-0.604,-168.041,1.001,1.425
[17:37:36.928] imu_att:-3.539,2.029,-0.604,-167.536,1.374,1.388
[17:37:36.969] imu_att:-3.553,2.018,-0.604,-167.928,1.479,1.411
[17:37:37.009] imu_att:-3.564,2.016,-0.603,-167.091,1.891,1.468
[17:37:37.049] imu_att:-3.548,2.018,-0.603,-168.222,1.254,1.482
[17:37:37.088] imu_att:-3.546,2.015,-0.602,-168.091,1.316,1.429
[17:37:37.129] imu_att:-3.520,2.036,-0.604,-167.499,1.793,1.463
[17:37:37.169] imu_att:-3.535,2.039,-0.605,-167.962,1.685,1.525
[17:37:37.208] imu_att:-3.554,2.022,-0.603,-168.742,1.072,1.506
[17:37:37.248] imu_att:-3.552,2.009,-0.603,-168.006,1.335,1.470
[17:37:37.288] imu_att:-3.567,2.012,-0.603,-167.793,1.757,1.487
[17:37:37.329] imu_att:-3.547,2.012,-0.603,-167.953,1.637,1.551
[17:37:37.369] imu_att:-3.541,2.022,-0.604,-167.548,1.583,1.531
[17:37:37.408] imu_att:-3.554,2.019,-0.604,-167.869,1.363,1.564
[17:37:37.448] imu_att:-3.553,2.024,-0.606,-167.508,1.761,1.557
[17:37:37.489] imu_att:-3.551,2.029,-0.608,-167.669,1.967,1.629
[17:37:37.529] imu_att:-3.559,2.031,-0.609,-168.242,1.183,1.616
[17:37:37.568] imu_att:-3.543,2.029,-0.611,-167.816,1.727,1.568
[17:37:37.608] imu_att:-3.553,2.027,-0.614,-168.221,1.293,1.548
[17:37:37.649] imu_att:-3.550,2.010,-0.615,-167.669,1.671,1.550
[17:37:37.689] imu_att:-3.552,2.011,-0.617,-167.530,1.784,1.584
[17:37:37.728] imu_att:-3.546,2.005,-0.617,-167.981,1.428,1.560
[17:37:37.768] imu_att:-3.564,2.020,-0.618,-167.769,1.495,1.516
[17:37:37.809] imu_att:-3.554,2.025,-0.618,-167.739,1.752,1.553
[17:37:37.849] imu_att:-3.557,2.023,-0.618,-168.193,1.414,1.577
[17:37:37.888] imu_att:-3.553,2.026,-0.620,-167.748,1.566,1.566
[17:37:37.928] imu_att:-3.536,2.021,-0.621,-168.073,1.342,1.527
[17:37:37.969] imu_att:-3.537,2.017,-0.621,-167.656,1.623,1.520
[17:37:38.009] imu_att:-3.547,2.017,-0.621,-168.728,1.046,1.508
[17:37:38.048] imu_att:-3.544,2.023,-0.623,-167.859,1.524,1.526
[17:37:38.088] imu_att:-3.551,2.025,-0.623,-167.595,1.672,1.514
[17:37:38.127] imu_att:-3.557,2.011,-0.623,-167.821,1.525,1.520
[17:37:38.169] imu_att:-3.569,2.008,-0.621,-167.257,2.049,1.578
[17:37:38.208] imu_att:-3.548,2.014,-0.621,-167.426,1.894,1.610
[17:37:38.248] imu_att:-3.550,2.017,-0.621,-167.999,1.287,1.547
[17:37:38.289] imu_att:-3.551,2.017,-0.623,-167.749,1.495,1.519
[17:37:38.329] imu_att:-3.553,2.008,-0.622,-167.928,1.008,1.480
[17:37:38.368] imu_att:-3.553,2.013,-0.623,-168.372,1.000,1.429
[17:37:38.408] imu_att:-3.554,2.023,-0.625,-167.182,1.734,1.392
[17:37:38.449] imu_att:-3.541,2.022,-0.626,-166.547,1.974,1.396
[17:37:38.489] imu_att:-3.543,2.037,-0.628,-168.284,1.534,1.489
[17:37:38.529] imu_att:-3.569,2.026,-0.629,-167.806,1.222,1.432
[17:37:38.568] imu_att:-3.568,2.030,-0.630,-167.574,1.337,1.407
[17:37:38.609] imu_att:-3.565,2.031,-0.631,-168.036,1.421,1.439
[17:37:38.649] imu_att:-3.553,2.033,-0.632,-167.638,1.621,1.438
[17:37:38.688] imu_att:-3.546,2.039,-0.633,-168.031,1.730,1.500
[17:37:38.728] imu_att:-3.551,2.028,-0.635,-168.210,1.193,1.477
[17:37:38.770] imu_att:-3.546,2.031,-0.636,-168.966,0.420,1.351
[17:37:38.809] imu_att:-3.552,2.020,-0.636,-168.326,0.900,1.263
[17:37:38.848] imu_att:-3.544,2.019,-0.635,-168.102,1.213,1.243
[17:37:38.888] imu_att:-3.562,2.024,-0.634,-168.744,0.935,1.213
[17:37:38.928] imu_att:-3.575,2.015,-0.635,-168.061,1.030,1.184
[17:37:38.969] imu_att:-3.560,2.011,-0.636,-168.781,0.782,1.175
[17:37:39.008] imu_att:-3.558,2.015,-0.636,-168.104,1.727,1.236
[17:37:39.048] imu_att:-3.556,2.020,-0.637,-167.579,1.843,1.330
[17:37:39.089] imu_att:-3.554,2.013,-0.637,-167.644,1.659,1.384
[17:37:39.129] imu_att:-3.539,2.014,-0.637,-167.447,1.759,1.438
[17:37:39.168] imu_att:-3.544,2.031,-0.639,-167.434,1.863,1.512
[17:37:39.208] imu_att:-3.561,2.013,-0.640,-167.671,1.813,1.555
[17:37:39.249] imu_att:-3.545,2.018,-0.641,-168.264,1.159,1.560
[17:37:39.289] imu_att:-3.529,2.031,-0.642,-167.959,1.180,1.464
[17:37:39.329] imu_att:-3.524,2.032,-0.641,-167.713,1.497,1.454
[17:37:39.368] imu_att:-3.542,2.029,-0.641,-168.038,1.498,1.500
[17:37:39.408] imu_att:-3.543,2.025,-0.641,-167.385,1.527,1.461
[17:37:39.449] imu_att:-3.560,2.021,-0.641,-168.327,0.859,1.381
[17:37:39.488] imu_att:-3.547,2.029,-0.641,-168.882,0.881,1.325
[17:37:39.528] imu_att:-3.543,2.031,-0.642,-167.847,1.369,1.310
[17:37:39.569] imu_att:-3.535,2.030,-0.641,-168.757,0.845,1.285
[17:37:39.609] imu_att:-3.556,2.012,-0.640,-168.780,0.597,1.170
[17:37:39.648] imu_att:-3.543,2.015,-0.640,-167.833,1.412,1.182
[17:37:39.688] imu_att:-3.545,2.021,-0.641,-168.071,1.451,1.254
[17:37:39.729] imu_att:-3.547,2.035,-0.641,-168.416,1.294,1.282
[17:37:39.769] imu_att:-3.551,2.036,-0.643,-168.300,1.489,1.347
[17:37:39.808] imu_att:-3.549,2.021,-0.644,-167.956,1.275,1.331
[17:37:39.848] imu_att:-3.537,2.006,-0.645,-167.808,1.554,1.367
[17:37:39.889] imu_att:-3.546,2.006,-0.646,-166.673,2.377,1.426
[17:37:39.929] imu_att:-3.540,2.018,-0.647,-168.193,1.372,1.490
[17:37:39.968] imu_att:-3.541,2.030,-0.647,-168.871,0.975,1.397
[17:37:40.008] imu_att:-3.552,2.026,-0.646,-168.560,0.560,1.285
[17:37:40.049] imu_att:-3.543,2.023,-0.645,-168.360,1.126,1.265
[17:37:40.089] imu_att:-3.557,2.031,-0.647,-167.972,1.363,1.271
[17:37:40.129] imu_att:-3.543,2.023,-0.647,-167.948,1.332,1.277
[17:37:40.168] imu_att:-3.571,2.031,-0.647,-167.799,1.459,1.262
[17:37:40.209] imu_att:-3.549,2.024,-0.649,-168.221,1.193,1.274
[17:37:40.249] imu_att:-3.548,2.020,-0.651,-167.669,1.470,1.311
[17:37:40.289] imu_att:-3.549,2.019,-0.651,-168.362,0.998,1.302
[17:37:40.328] imu_att:-3.553,2.019,-0.651,-167.497,1.629,1.326
[17:37:40.369] imu_att:-3.544,2.026,-0.651,-168.207,1.251,1.353
[17:37:40.409] imu_att:-3.535,2.015,-0.654,-167.752,1.390,1.334
[17:37:40.449] imu_att:-3.537,2.022,-0.655,-168.823,1.133,1.345
[17:37:40.488] imu_att:-3.542,2.021,-0.657,-168.593,0.785,1.262
[17:37:40.528] imu_att:-3.550,2.020,-0.657,-167.221,1.871,1.276
[17:37:40.569] imu_att:-3.545,2.016,-0.658,-167.566,1.815,1.382
[17:37:40.608] imu_att:-3.545,2.024,-0.661,-167.466,1.863,1.461
[17:37:40.648] imu_att:-3.539,2.025,-0.665,-168.202,1.448,1.558
[17:37:40.688] imu_att:-3.542,2.022,-0.667,-167.662,1.361,1.500
[17:37:40.729] imu_att:-3.542,2.020,-0.667,-168.166,1.373,1.472
[17:37:40.769] imu_att:-3.537,2.026,-0.669,-168.547,0.941,1.414
[17:37:40.808] imu_att:-3.559,2.013,-0.669,-167.694,1.571,1.385
[17:37:40.847] imu_att:-3.553,2.017,-0.670,-167.744,1.477,1.382
[17:37:40.889] imu_att:-3.546,2.012,-0.670,-167.862,1.722,1.459
[17:37:40.929] imu_att:-3.551,2.030,-0.669,-167.396,1.613,1.499
[17:37:40.968] imu_att:-3.556,2.026,-0.669,-168.315,1.307,1.475
[17:37:41.008] imu_att:-3.560,2.020,-0.669,-167.817,1.772,1.497
[17:37:41.049] imu_att:-3.572,2.012,-0.668,-168.033,1.295,1.461
[17:37:41.088] imu_att:-3.570,2.008,-0.667,-168.173,1.222,1.432
[17:37:41.128] imu_att:-3.554,2.016,-0.667,-167.866,2.105,1.501
[17:37:41.168] imu_att:-3.556,2.016,-0.667,-167.285,1.901,1.547
[17:37:41.209] imu_att:-3.545,2.026,-0.668,-167.713,1.094,1.486
[17:37:41.248] imu_att:-3.549,2.022,-0.669,-167.632,1.473,1.441
[17:37:41.288] imu_att:-3.549,2.024,-0.669,-167.731,1.325,1.405
[17:37:41.328] imu_att:-3.552,2.033,-0.669,-167.969,1.268,1.413
[17:37:41.369] imu_att:-3.554,2.028,-0.669,-168.072,1.606,1.417
[17:37:41.408] imu_att:-3.551,2.032,-0.671,-167.855,1.519,1.443
[17:37:41.448] imu_att:-3.547,2.032,-0.671,-167.597,1.754,1.469
[17:37:41.488] imu_att:-3.545,2.032,-0.671,-168.244,1.310,1.494
[17:37:41.529] imu_att:-3.545,2.036,-0.673,-167.668,1.407,1.476
[17:37:41.569] imu_att:-3.532,2.033,-0.673,-167.843,1.620,1.506
[17:37:41.608] imu_att:-3.553,2.023,-0.674,-167.309,1.763,1.545
[17:37:41.648] imu_att:-3.550,2.015,-0.673,-167.689,1.834,1.573
[17:37:41.689] imu_att:-3.546,2.021,-0.675,-168.516,0.968,1.547
[17:37:41.729] imu_att:-3.552,2.009,-0.674,-168.324,1.140,1.457
[17:37:41.769] imu_att:-3.549,2.008,-0.674,-167.376,1.594,1.417
[17:37:41.808] imu_att:-3.549,2.015,-0.674,-168.155,1.297,1.396
[17:37:41.849] imu_att:-3.554,2.017,-0.675,-167.496,1.570,1.406
[17:37:41.889] imu_att:-3.560,2.010,-0.675,-168.424,1.093,1.397
[17:37:41.928] imu_att:-3.550,2.008,-0.675,-167.653,1.606,1.400
[17:37:41.968] imu_att:-3.563,2.018,-0.675,-168.730,1.376,1.474
[17:37:42.009] imu_att:-3.560,2.027,-0.676,-168.845,0.437,1.269
[17:37:42.049] imu_att:-3.585,2.008,-0.676,-168.842,0.512,1.129
[17:37:42.088] imu_att:-3.578,2.013,-0.676,-167.695,1.346,1.114
[17:37:42.128] imu_att:-3.549,2.005,-0.679,-167.713,1.170,1.135
[17:37:42.169] imu_att:-3.547,2.006,-0.679,-168.079,1.488,1.220
[17:37:42.209] imu_att:-3.551,2.010,-0.680,-168.041,1.383,1.288
[17:37:42.248] imu_att:-3.545,2.013,-0.679,-168.613,0.723,1.200
[17:37:42.288] imu_att:-3.547,2.013,-0.679,-168.466,1.163,1.161
[17:37:42.329] imu_att:-3.545,2.017,-0.681,-168.694,0.508,1.106
[17:37:42.369] imu_att:-3.550,2.018,-0.683,-167.959,1.236,1.067
[17:37:42.408] imu_att:-3.554,2.008,-0.685,-168.123,1.109,1.043
[17:37:42.448] imu_att:-3.545,2.031,-0.685,-168.571,0.846,1.050
[17:37:42.489] imu_att:-3.540,2.022,-0.687,-167.590,1.656,1.125
[17:37:42.529] imu_att:-3.554,2.018,-0.686,-167.884,1.479,1.206
[17:37:42.569] imu_att:-3.560,2.019,-0.686,-167.674,1.549,1.258
[17:37:42.608] imu_att:-3.555,2.020,-0.687,-168.083,1.483,1.333
[17:37:42.649] imu_att:-3.560,2.019,-0.688,-167.797,1.612,1.357
[17:37:42.689] imu_att:-3.548,2.012,-0.689,-167.744,1.641,1.387
[17:37:42.729] imu_att:-3.540,2.019,-0.691,-167.711,1.714,1.438
[17:37:42.768] imu_att:-3.567,2.021,-0.689,-167.583,1.324,1.444
[17:37:42.809] imu_att:-3.562,2.016,-0.689,-168.200,1.257,1.470
[17:37:42.849] imu_att:-3.560,2.016,-0.690,-167.797,1.365,1.440
[17:37:42.889] imu_att:-3.552,2.016,-0.691,-167.957,1.290,1.413
[17:37:42.928] imu_att:-3.545,2.022,-0.692,-168.791,0.684,1.339
[17:37:42.968] imu_att:-3.541,2.022,-0.692,-167.655,1.516,1.284
[17:37:43.009] imu_att:-3.550,2.025,-0.695,-169.212,0.331,1.250
[17:37:43.048] imu_att:-3.555,2.018,-0.696,-167.985,1.074,1.104
[17:37:43.088] imu_att:-3.564,2.011,-0.696,-168.091,1.197,1.135
[17:37:43.129] imu_att:-3.560,2.011,-0.695,-168.326,1.170,1.170
[17:37:43.169] imu_att:-3.550,2.006,-0.696,-167.283,1.532,1.201
[17:37:43.209] imu_att:-3.550,2.011,-0.698,-168.781,0.949,1.256
[17:37:43.248] imu_att:-3.552,2.023,-0.700,-168.765,1.142,1.221
[17:37:43.289] imu_att:-3.547,2.018,-0.700,-167.733,1.402,1.203
[17:37:43.329] imu_att:-3.554,2.002,-0.700,-168.270,1.221,1.215
[17:37:43.369] imu_att:-3.554,2.005,-0.701,-168.025,1.284,1.204
[17:37:43.408] imu_att:-3.557,2.021,-0.703,-166.982,2.212,1.298
[17:37:43.447] imu_att:-3.563,2.010,-0.701,-167.131,2.177,1.441
[17:37:43.489] imu_att:-3.555,2.022,-0.703,-167.657,1.689,1.534
[17:37:43.528] imu_att:-3.544,2.038,-0.705,-168.055,1.587,1.563
[17:37:43.568] imu_att:-3.547,2.037,-0.705,-168.263,1.163,1.525
[17:37:43.609] imu_att:-3.558,2.034,-0.706,-167.159,1.574,1.467
[17:37:43.649] imu_att:-3.555,2.024,-0.705,-167.303,1.949,1.523
[17:37:43.688] imu_att:-3.556,2.026,-0.707,-168.834,1.151,1.582
[17:37:43.728] imu_att:-3.552,2.018,-0.706,-167.923,1.095,1.494
[17:37:43.769] imu_att:-3.557,2.006,-0.706,-168.084,1.238,1.460
[17:37:43.809] imu_att:-3.539,2.021,-0.707,-167.896,1.508,1.449
[17:37:43.848] imu_att:-3.549,2.029,-0.708,-168.178,1.095,1.380
[17:37:43.888] imu_att:-3.539,2.024,-0.708,-167.929,1.386,1.324
[17:37:43.929] imu_att:-3.543,2.023,-0.709,-168.235,1.079,1.259
[17:37:43.969] imu_att:-3.548,2.027,-0.711,-168.652,0.897,1.229
[17:37:44.009] imu_att:-3.553,2.026,-0.711,-168.652,0.704,1.138
[17:37:44.048] imu_att:-3.560,2.019,-0.710,-167.613,1.619,1.133
[17:37:44.088] imu_att:-3.558,2.022,-0.711,-167.968,1.503,1.219
[17:37:44.129] imu_att:-3.549,2.022,-0.711,-167.710,1.677,1.315
[17:37:44.169] imu_att:-3.549,2.030,-0.712,-167.646,1.458,1.316
[17:37:44.208] imu_att:-3.541,2.031,-0.714,-167.922,1.771,1.426
[17:37:44.249] imu_att:-3.549,2.032,-0.715,-167.888,1.355,1.430
[17:37:44.289] imu_att:-3.562,2.035,-0.715,-167.182,1.857,1.460
[17:37:44.329] imu_att:-3.558,2.031,-0.716,-167.072,1.852,1.518
[17:37:44.368] imu_att:-3.563,2.029,-0.716,-168.142,1.354,1.549
[17:37:44.408] imu_att:-3.554,2.029,-0.715,-167.939,1.292,1.476
[17:37:44.449] imu_att:-3.526,2.030,-0.717,-167.443,1.712,1.477
[17:37:44.488] imu_att:-3.531,2.031,-0.718,-167.651,1.702,1.522
[17:37:44.528] imu_att:-3.536,2.032,-0.718,-167.210,1.716,1.523
[17:37:44.569] imu_att:-3.542,2.023,-0.719,-167.605,1.590,1.532
[17:37:44.609] imu_att:-3.550,2.014,-0.719,-168.061,1.492,1.568
[17:37:44.648] imu_att:-3.557,2.015,-0.721,-168.169,1.154,1.523
[17:37:44.688] imu_att:-3.552,2.021,-0.722,-167.174,1.880,1.522
[17:37:44.729] imu_att:-3.558,2.021,-0.723,-168.511,0.897,1.492
[17:37:44.769] imu_att:-3.539,2.013,-0.725,-168.128,1.291,1.439
[17:37:44.809] imu_att:-3.543,2.013,-0.726,-167.977,1.487,1.432
[17:37:44.848] imu_att:-3.553,2.008,-0.726,-167.939,1.501,1.449
[17:37:44.889] imu_att:-3.562,2.007,-0.725,-168.464,0.952,1.386
[17:37:44.929] imu_att:-3.557,2.024,-0.726,-168.236,0.925,1.310
[17:37:44.968] imu_att:-3.542,2.025,-0.728,-167.775,1.517,1.301
[17:37:45.008] imu_att:-3.527,2.027,-0.730,-167.730,1.608,1.350
[17:37:45.049] imu_att:-3.531,2.030,-0.730,-168.290,1.334,1.346
[17:37:45.089] imu_att:-3.535,2.030,-0.730,-168.839,0.592,1.247
[17:37:45.128] imu_att:-3.547,2.009,-0.730,-168.181,1.089,1.213
[17:37:45.168] imu_att:-3.546,2.009,-0.731,-168.209,1.366,1.243
[17:37:45.209] imu_att:-3.555,2.007,-0.730,-168.871,0.876,1.247
[17:37:45.249] imu_att:-3.555,2.014,-0.729,-167.760,1.232,1.207
[17:37:45.289] imu_att:-3.543,2.035,-0.730,-167.651,0.987,1.138
[17:37:45.328] imu_att:-3.548,2.019,-0.731,-168.239,1.376,1.213
[17:37:45.369] imu_att:-3.543,2.022,-0.731,-168.371,1.058,1.214
[17:37:45.409] imu_att:-3.533,2.025,-0.733,-168.498,1.230,1.206
[17:37:45.449] imu_att:-3.536,2.027,-0.733,-168.445,0.842,1.132
[17:37:45.488] imu_att:-3.549,2.031,-0.732,-167.868,1.200,1.099
[17:37:45.529] imu_att:-3.541,2.020,-0.732,-168.029,1.525,1.192
[17:37:45.569] imu_att:-3.549,2.014,-0.734,-167.783,1.582,1.244
[17:37:45.608] imu_att:-3.556,2.013,-0.734,-168.271,1.178,1.265
[17:37:45.648] imu_att:-3.569,2.011,-0.735,-169.151,0.583,1.214
[17:37:45.689] imu_att:-3.563,2.013,-0.733,-167.921,1.071,1.100
[17:37:45.729] imu_att:-3.564,2.024,-0.733,-168.164,1.143,1.108
[17:37:45.768] imu_att:-3.534,2.031,-0.733,-167.983,1.301,1.137
[17:37:45.809] imu_att:-3.541,2.032,-0.734,-167.425,1.703,1.178
[17:37:45.849] imu_att:-3.556,2.031,-0.736,-167.966,1.357,1.241
[17:37:45.889] imu_att:-3.545,2.023,-0.737,-167.483,1.246,1.184
[17:37:45.928] imu_att:-3.537,2.016,-0.739,-167.801,1.639,1.254
[17:37:45.968] imu_att:-3.554,2.012,-0.739,-167.801,1.557,1.314
[17:37:46.009] imu_att:-3.547,2.019,-0.739,-167.809,1.521,1.312
[17:37:46.049] imu_att:-3.545,2.018,-0.742,-167.735,1.480,1.329
[17:37:46.088] imu_att:-3.548,2.013,-0.744,-168.530,1.191,1.284
[17:37:46.128] imu_att:-3.558,2.021,-0.744,-167.576,1.331,1.264
[17:37:46.167] imu_att:-3.546,2.021,-0.744,-168.134,0.940,1.229
[17:37:46.209] imu_att:-3.557,2.023,-0.745,-167.980,1.499,1.245
[17:37:46.248] imu_att:-3.557,2.026,-0.745,-166.947,2.312,1.373
[17:37:46.288] imu_att:-3.552,2.028,-0.745,-168.148,1.058,1.411
[17:37:46.329] imu_att:-3.543,2.021,-0.744,-167.751,1.494,1.398
[17:37:46.369] imu_att:-3.546,2.014,-0.744,-168.734,1.021,1.405
[17:37:46.408] imu_att:-3.557,2.023,-0.746,-168.552,0.850,1.298
[17:37:46.448] imu_att:-3.554,2.037,-0.747,-167.729,1.581,1.310
[17:37:46.487] imu_att:-3.544,2.032,-0.750,-167.665,1.681,1.370
[17:37:46.529] imu_att:-3.533,2.031,-0.751,-167.913,1.676,1.470
[17:37:46.568] imu_att:-3.533,2.031,-0.752,-168.287,1.599,1.511
[17:37:46.608] imu_att:-3.540,2.026,-0.753,-167.510,1.542,1.521
[17:37:46.648] imu_att:-3.543,2.020,-0.753,-168.202,1.116,1.459
[17:37:46.689] imu_att:-3.543,2.018,-0.753,-167.467,1.839,1.478
[17:37:46.728] imu_att:-3.530,2.023,-0.755,-167.492,1.800,1.493
[17:37:46.768] imu_att:-3.542,2.015,-0.757,-168.056,1.260,1.479
[17:37:46.808] imu_att:-3.557,2.015,-0.757,-168.310,0.938,1.366
[17:37:46.849] imu_att:-3.551,2.020,-0.755,-168.298,1.077,1.306
[17:37:46.888] imu_att:-3.548,2.021,-0.756,-168.895,0.787,1.255
[17:37:46.928] imu_att:-3.554,2.023,-0.756,-167.980,1.303,1.206
[17:37:46.968] imu_att:-3.541,2.026,-0.757,-168.613,0.989,1.213
[17:37:47.009] imu_att:-3.530,2.021,-0.758,-168.834,0.714,1.155
[17:37:47.049] imu_att:-3.542,2.013,-0.760,-168.773,0.419,0.999
[17:37:47.088] imu_att:-3.551,2.006,-0.760,-169.042,0.755,0.940
[17:37:47.128] imu_att:-3.538,2.025,-0.760,-168.380,0.676,0.840
[17:37:47.169] imu_att:-3.541,2.019,-0.761,-168.568,0.907,0.875
[17:37:47.208] imu_att:-3.545,1.997,-0.760,-168.020,1.243,0.918
[17:37:47.248] imu_att:-3.548,1.997,-0.762,-168.393,0.760,0.897
[17:37:47.288] imu_att:-3.557,2.003,-0.761,-168.483,0.487,0.850
[17:37:47.329] imu_att:-3.564,2.035,-0.763,-168.141,1.041,0.838
[17:37:47.369] imu_att:-3.552,2.049,-0.764,-168.424,0.885,0.833
[17:37:47.408] imu_att:-3.529,2.027,-0.766,-168.330,0.973,0.816
[17:37:47.448] imu_att:-3.546,2.030,-0.767,-168.045,1.206,0.856
[17:37:47.489] imu_att:-3.547,2.048,-0.767,-167.517,1.303,0.914
[17:37:47.529] imu_att:-3.549,2.033,-0.769,-168.938,0.688,0.910
[17:37:47.568] imu_att:-3.558,2.003,-0.770,-167.970,1.407,0.956
[17:37:47.608] imu_att:-3.544,2.003,-0.772,-167.952,1.064,0.969
[17:37:47.649] imu_att:-3.534,2.012,-0.775,-168.060,1.128,0.992
[17:37:47.689] imu_att:-3.530,2.030,-0.776,-168.624,0.829,0.971
[17:37:47.728] imu_att:-3.525,2.033,-0.779,-168.359,0.655,0.898
[17:37:47.768] imu_att:-3.547,2.029,-0.780,-168.436,1.197,0.917
[17:37:47.809] imu_att:-3.531,2.021,-0.781,-167.926,1.486,0.972
[17:37:47.849] imu_att:-3.538,2.060,-0.783,-168.913,0.674,0.993
[17:37:47.888] imu_att:-3.551,2.013,-0.784,-168.884,0.432,0.893
[17:37:47.928] imu_att:-3.555,2.022,-0.783,-168.869,0.490,0.816
[17:37:47.969] imu_att:-3.553,2.033,-0.782,-169.109,0.803,0.807
[17:37:48.009] imu_att:-3.565,2.035,-0.781,-169.372,0.382,0.770
[17:37:48.048] imu_att:-3.550,2.032,-0.781,-168.156,1.032,0.746
[17:37:48.088] imu_att:-3.559,2.042,-0.782,-168.977,0.674,0.795
[17:37:48.128] imu_att:-3.558,2.027,-0.783,-168.705,0.481,0.766
[17:37:48.169] imu_att:-3.550,2.021,-0.783,-167.808,1.429,0.836
[17:37:48.209] imu_att:-3.552,2.017,-0.784,-167.691,1.464,0.926
[17:37:48.248] imu_att:-3.552,2.006,-0.787,-168.788,0.601,0.936
[17:37:48.288] imu_att:-3.536,2.013,-0.786,-167.922,0.954,0.883
[17:37:48.329] imu_att:-3.543,2.026,-0.787,-168.486,0.796,0.872
[17:37:48.369] imu_att:-3.556,2.026,-0.786,-168.883,0.447,0.805
[17:37:48.408] imu_att:-3.547,2.027,-0.789,-168.715,0.633,0.759
[17:37:48.449] imu_att:-3.552,2.037,-0.790,-169.176,0.446,0.759
[17:37:48.489] imu_att:-3.556,2.022,-0.790,-169.326,0.407,0.713
[17:37:48.528] imu_att:-3.558,2.017,-0.792,-168.366,0.693,0.634
[17:37:48.568] imu_att:-3.554,2.037,-0.792,-168.971,0.918,0.709
[17:37:48.608] imu_att:-3.547,2.025,-0.794,-168.173,0.950,0.712
[17:37:48.649] imu_att:-3.544,2.010,-0.796,-169.188,0.701,0.764
[17:37:48.688] imu_att:-3.542,2.022,-0.796,-169.208,0.413,0.694
[17:37:48.728] imu_att:-3.549,2.024,-0.795,-169.757,-0.181,0.639
[17:37:48.768] imu_att:-3.563,2.014,-0.796,-168.656,0.391,0.514
[17:37:48.809] imu_att:-3.554,2.021,-0.798,-168.350,0.953,0.564
[17:37:48.849] imu_att:-3.545,2.031,-0.800,-167.441,1.521,0.682
[17:37:48.888] imu_att:-3.542,2.028,-0.804,-167.857,1.509,0.843
[17:37:48.928] imu_att:-3.537,2.012,-0.805,-167.970,1.212,0.919
[17:37:48.969] imu_att:-3.536,2.000,-0.806,-168.889,0.640,0.918
[17:37:49.009] imu_att:-3.543,2.014,-0.807,-168.224,0.731,0.870
[17:37:49.048] imu_att:-3.552,2.020,-0.807,-168.173,0.743,0.811
[17:37:49.088] imu_att:-3.562,2.017,-0.806,-168.739,0.750,0.821
[17:37:49.129] imu_att:-3.564,2.014,-0.805,-168.850,0.453,0.795
[17:37:49.169] imu_att:-3.555,2.020,-0.807,-168.411,1.001,0.749
[17:37:49.208] imu_att:-3.556,2.016,-0.807,-167.961,1.276,0.804
[17:37:49.248] imu_att:-3.550,2.016,-0.808,-168.262,1.390,0.939
[17:37:49.289] imu_att:-3.560,2.019,-0.810,-167.497,1.594,1.020
[17:37:49.329] imu_att:-3.555,2.012,-0.810,-168.536,0.639,1.011
[17:37:49.368] imu_att:-3.542,2.015,-0.811,-168.453,0.813,0.951
[17:37:49.408] imu_att:-3.553,2.013,-0.813,-167.912,1.243,0.951
[17:37:49.449] imu_att:-3.546,2.011,-0.813,-168.157,1.219,1.014
[17:37:49.488] imu_att:-3.539,2.016,-0.815,-167.883,1.075,1.021
[17:37:49.529] imu_att:-3.525,2.027,-0.819,-168.704,0.863,1.032
[17:37:49.568] imu_att:-3.527,2.021,-0.820,-169.204,0.530,0.984
[17:37:49.609] imu_att:-3.549,2.023,-0.822,-168.250,1.027,0.952
[17:37:49.648] imu_att:-3.542,2.019,-0.823,-168.720,0.857,0.973
[17:37:49.688] imu_att:-3.541,2.023,-0.825,-168.393,0.930,0.967
[17:37:49.728] imu_att:-3.534,2.015,-0.826,-168.338,0.781,0.929
[17:37:49.769] imu_att:-3.531,2.010,-0.828,-168.995,0.679,0.900
[17:37:49.809] imu_att:-3.546,2.013,-0.829,-168.721,0.620,0.884
[17:37:49.848] imu_att:-3.537,2.034,-0.830,-168.145,1.160,0.911
[17:37:49.888] imu_att:-3.533,2.034,-0.832,-168.048,1.230,0.962
[17:37:49.929] imu_att:-3.534,2.048,-0.834,-168.224,1.157,1.004
[17:37:49.969] imu_att:-3.528,2.034,-0.836,-168.915,0.535,0.986
[17:37:50.008] imu_att:-3.544,2.029,-0.837,-168.566,0.680,0.941
[17:37:50.048] imu_att:-3.536,2.028,-0.838,-168.319,0.825,0.852
[17:37:50.089] imu_att:-3.536,2.028,-0.840,-169.177,0.762,0.931
[17:37:50.129] imu_att:-3.533,2.026,-0.842,-167.973,1.266,0.928
[17:37:50.168] imu_att:-3.527,2.026,-0.843,-168.337,1.308,1.028
[17:37:50.208] imu_att:-3.538,2.025,-0.842,-168.703,0.425,0.965
[17:37:50.249] imu_att:-3.547,2.035,-0.842,-168.790,0.813,0.930
[17:37:50.289] imu_att:-3.545,2.034,-0.842,-168.156,0.902,0.879
[17:37:50.328] imu_att:-3.536,2.010,-0.844,-168.779,0.829,0.867
[17:37:50.368] imu_att:-3.564,2.018,-0.844,-168.754,0.604,0.829
[17:37:50.408] imu_att:-3.561,2.018,-0.845,-167.415,1.535,0.842
[17:37:50.448] imu_att:-3.548,2.008,-0.845,-168.310,1.089,0.896
[17:37:50.488] imu_att:-3.549,2.010,-0.848,-167.811,0.999,0.870
[17:37:50.528] imu_att:-3.570,2.013,-0.847,-168.652,0.969,0.952
[17:37:50.568] imu_att:-3.575,2.012,-0.848,-169.102,0.299,0.872
[17:37:50.609] imu_att:-3.552,2.016,-0.848,-168.294,1.197,0.847
[17:37:50.648] imu_att:-3.554,2.018,-0.848,-168.696,0.753,0.875
[17:37:50.688] imu_att:-3.560,2.019,-0.849,-168.034,1.374,0.909
[17:37:50.728] imu_att:-3.556,2.026,-0.849,-169.351,0.394,0.912
[17:37:50.768] imu_att:-3.565,2.025,-0.848,-169.233,0.190,0.833
[17:37:50.809] imu_att:-3.560,2.012,-0.848,-169.144,0.245,0.695
[17:37:50.848] imu_att:-3.555,2.012,-0.848,-168.391,0.926,0.700
[17:37:50.888] imu_att:-3.562,2.008,-0.849,-168.392,0.969,0.749
[17:37:50.929] imu_att:-3.554,2.009,-0.849,-168.653,0.663,0.738
[17:37:50.969] imu_att:-3.553,2.005,-0.849,-168.800,0.593,0.696
[17:37:51.008] imu_att:-3.535,2.005,-0.851,-168.820,0.499,0.652
[17:37:51.048] imu_att:-3.543,2.008,-0.852,-169.472,0.528,0.628
[17:37:51.089] imu_att:-3.531,1.995,-0.853,-168.858,0.821,0.631
[17:37:51.129] imu_att:-3.546,1.464,-0.853,-169.122,0.495,0.615
[17:37:51.168] imu_att:-3.548,1.309,-0.848,-169.427,-0.416,0.462
[17:37:51.208] imu_att:-3.479,1.938,-0.829,-168.333,0.344,0.390
[17:37:51.247] imu_att:-3.521,2.881,-0.825,-166.909,2.205,0.609
[17:37:51.289] imu_att:-3.538,2.321,-0.828,-168.561,1.000,0.845
[17:37:51.328] imu_att:-3.532,1.808,-0.821,-169.471,0.128,0.791
[17:37:51.368] imu_att:-3.475,1.441,-0.810,-170.447,-0.572,0.624
[17:37:51.408] imu_att:-3.494,1.609,-0.800,-169.753,-0.438,0.419
[17:37:51.449] imu_att:-3.570,2.254,-0.802,-167.399,1.316,0.426
[17:37:51.488] imu_att:-3.529,3.562,-0.794,-166.265,3.129,0.741
[17:37:51.528] imu_att:-3.613,1.854,-0.790,-169.326,0.771,0.970
[17:37:51.568] imu_att:-3.545,0.915,-0.790,-170.977,-1.022,0.769
[17:37:51.609] imu_att:-3.565,0.809,-0.790,-170.216,-1.727,0.177
[17:37:51.648] imu_att:-3.769,4.401,-0.812,-164.912,2.477,0.163
[17:37:51.688] imu_att:-2.867,0.748,-0.734,-171.542,-0.171,0.593
[17:37:51.728] imu_att:-3.764,-1.608,-0.773,-175.486,-5.976,-0.069
[17:37:51.769] imu_att:-3.164,1.189,-0.790,-170.664,-2.242,-0.641
[17:37:51.809] imu_att:-3.414,2.762,-0.787,-167.032,1.566,-0.549
[17:37:51.848] imu_att:-3.647,2.062,-0.792,-168.517,1.273,-0.136
[17:37:51.888] imu_att:-3.500,1.910,-0.800,-169.287,0.649,0.047
[17:37:51.929] imu_att:-3.467,1.900,-0.798,-169.403,0.051,0.089
[17:37:51.969] imu_att:-3.492,1.884,-0.792,-169.378,-0.117,0.071
[17:37:52.008] imu_att:-3.552,2.141,-0.794,-168.499,0.595,0.062
[17:37:52.048] imu_att:-3.546,2.000,-0.793,-169.436,0.274,0.140
[17:37:52.088] imu_att:-3.517,2.038,-0.793,-168.751,0.382,0.131
[17:37:52.129] imu_att:-3.540,1.987,-0.796,-169.098,0.287,0.189
[17:37:52.168] imu_att:-3.525,1.995,-0.795,-168.509,0.790,0.268
[17:37:52.208] imu_att:-3.524,1.996,-0.794,-168.319,1.230,0.390
[17:37:52.247] imu_att:-3.526,1.988,-0.795,-168.923,0.330,0.418
[17:37:52.289] imu_att:-3.520,1.995,-0.796,-169.071,0.406,0.412
[17:37:52.328] imu_att:-3.533,1.996,-0.796,-169.066,0.280,0.392
[17:37:52.368] imu_att:-3.542,1.993,-0.796,-168.933,0.265,0.360
[17:37:52.408] imu_att:-3.546,1.973,-0.795,-169.182,0.109,0.362
[17:37:52.447] imu_att:-3.531,1.989,-0.794,-169.269,0.386,0.352
[17:37:52.489] imu_att:-3.534,2.004,-0.793,-169.450,0.386,0.387
[17:37:52.528] imu_att:-3.530,1.997,-0.796,-169.007,0.216,0.348
[17:37:52.568] imu_att:-3.522,1.995,-0.795,-168.160,0.466,0.338
[17:37:52.609] imu_att:-3.526,1.985,-0.795,-168.301,0.964,0.411
[17:37:52.649] imu_att:-3.525,2.005,-0.795,-168.466,0.933,0.503
[17:37:52.688] imu_att:-3.524,2.000,-0.796,-168.858,0.501,0.524
[17:37:52.728] imu_att:-3.516,1.996,-0.798,-168.468,0.631,0.526
[17:37:52.769] imu_att:-3.501,2.001,-0.800,-168.749,0.727,0.582
[17:37:52.809] imu_att:-3.537,1.996,-0.802,-168.805,0.546,0.580
[17:37:52.848] imu_att:-3.542,2.004,-0.803,-168.637,0.614,0.558
[17:37:52.888] imu_att:-3.530,2.017,-0.805,-168.948,0.378,0.490
[17:37:52.929] imu_att:-3.525,1.989,-0.807,-169.293,0.285,0.453
[17:37:52.969] imu_att:-3.539,1.995,-0.809,-168.794,0.494,0.418
[17:37:53.009] imu_att:-3.547,2.228,-0.810,-169.378,-0.255,0.324
[17:37:53.048] imu_att:-3.533,3.097,-0.815,-167.002,1.821,0.426
[17:37:53.088] imu_att:-3.524,3.063,-0.822,-166.520,2.792,0.765
[17:37:53.129] imu_att:-3.513,1.307,-0.826,-170.731,-0.161,0.834
[17:37:53.168] imu_att:-3.511,0.419,-0.824,-171.950,-2.686,0.370
[17:37:53.208] imu_att:-3.512,1.191,-0.822,-170.332,-1.243,-0.061
[17:37:53.248] imu_att:-3.530,2.009,-0.822,-170.182,-0.675,-0.204
[17:37:53.289] imu_att:-3.493,2.652,-0.819,-168.023,1.129,-0.107
[17:37:53.328] imu_att:-3.546,2.825,-0.822,-167.868,1.513,0.165
[17:37:53.368] imu_att:-3.531,1.982,-0.827,-168.406,0.884,0.362
[17:37:53.408] imu_att:-3.502,1.090,-0.824,-170.437,-1.100,0.220
[17:37:53.449] imu_att:-3.475,1.356,-0.816,-169.732,-0.884,-0.032
[17:37:53.489] imu_att:-3.525,1.613,-0.802,-170.080,-0.943,-0.188
[17:37:53.528] imu_att:-3.607,2.468,-0.815,-168.712,0.304,-0.189
[17:37:53.568] imu_att:-3.568,2.856,-0.812,-166.974,2.223,0.109
[17:37:53.609] imu_att:-3.474,2.860,-0.797,-166.757,2.432,0.517
[17:37:53.649] imu_att:-3.535,3.311,-0.767,-166.422,3.063,0.946
[17:37:53.688] imu_att:-3.445,2.031,-0.717,-168.654,0.789,1.156
[17:37:53.728] imu_att:-3.614,1.944,-0.583,-168.093,1.040,1.215
[17:37:53.768] imu_att:-2.885,1.579,-0.209,-168.640,0.893,1.528
[17:37:53.809] imu_att:-1.352,2.258,0.750,-166.907,1.865,2.289
[17:37:53.848] imu_att:-2.065,3.265,1.942,-163.418,4.944,3.540
[17:37:53.888] imu_att:-5.119,3.706,3.746,-158.819,9.479,5.947
[17:37:53.928] imu_att:-5.828,3.475,5.649,-156.513,12.136,8.454
[17:37:53.969] imu_att:-5.504,4.260,7.731,-153.489,15.533,11.143
[17:37:54.009] imu_att:-4.026,4.767,10.019,-152.315,17.144,14.040
[17:37:54.048] imu_att:-3.885,5.350,12.448,-148.394,20.183,17.069
[17:37:54.088] imu_att:-4.117,5.424,14.968,-144.493,23.719,20.203
[17:37:54.129] imu_att:-4.291,5.098,17.448,-141.427,26.684,23.298
[17:37:54.169] imu_att:-4.422,4.571,19.679,-139.492,29.476,26.148
[17:37:54.208] imu_att:-4.502,4.026,21.565,-137.692,30.808,28.488
[17:37:54.248] imu_att:-5.752,3.533,23.553,-136.195,32.994,30.998
[17:37:54.288] imu_att:-4.885,3.378,25.086,-135.843,33.307,32.751
[17:37:54.329] imu_att:-3.518,3.351,26.444,-136.528,32.984,34.086
[17:37:54.368] imu_att:-2.917,3.004,27.633,-135.576,33.437,34.996
[17:37:54.408] imu_att:-2.646,1.830,28.648,-135.561,33.581,35.629
[17:37:54.448] imu_att:-4.653,0.922,29.563,-133.371,35.592,36.259
[17:37:54.489] imu_att:-3.947,1.810,30.533,-131.757,37.317,37.230
[17:37:54.528] imu_att:-2.626,3.630,31.767,-130.506,38.455,38.473
[17:37:54.568] imu_att:-2.882,2.773,32.860,-129.846,39.320,39.592
[17:37:54.608] imu_att:-4.836,1.560,33.998,-128.216,41.134,40.773
[17:37:54.649] imu_att:-4.389,1.555,35.747,-126.117,42.834,42.640
[17:37:54.689] imu_att:-3.248,3.441,37.396,-125.081,44.141,44.337
[17:37:54.728] imu_att:-2.793,3.837,38.985,-123.758,45.729,45.958
[17:37:54.768] imu_att:-2.342,2.672,40.283,-124.815,44.879,47.050
[17:37:54.809] imu_att:-1.790,2.216,41.557,-123.651,45.754,47.954
[17:37:54.848] imu_att:-1.974,1.605,42.580,-122.268,46.621,48.541
[17:37:54.888] imu_att:-2.637,1.097,43.595,-120.728,48.217,49.241
[17:37:54.928] imu_att:-2.295,1.218,44.559,-119.510,49.745,50.079
[17:37:54.969] imu_att:-1.868,1.643,45.439,-118.997,50.034,50.797
[17:37:55.009] imu_att:-2.741,1.464,46.417,-116.792,52.173,51.790
[17:37:55.048] imu_att:-3.177,1.460,47.509,-114.052,54.274,53.053
[17:37:55.088] imu_att:-3.498,1.861,48.702,-112.511,56.192,54.586
[17:37:55.127] imu_att:-3.650,2.219,49.827,-110.132,58.840,56.160
[17:37:55.169] imu_att:-3.686,2.009,51.288,-109.360,59.687,58.049
[17:37:55.208] imu_att:-4.296,2.552,53.115,-105.326,63.663,60.509
[17:37:55.248] imu_att:-4.067,2.316,54.832,-105.158,64.444,62.779
[17:37:55.289] imu_att:-3.364,1.930,56.588,-101.856,66.808,64.905
[17:37:55.329] imu_att:-2.983,1.764,58.097,-101.093,67.837,66.697
[17:37:55.368] imu_att:-2.784,1.438,59.749,-97.841,71.473,68.911
[17:37:55.408] imu_att:-2.414,0.457,61.235,-97.810,71.617,70.779
[17:37:55.448] imu_att:-2.412,1.967,62.552,-94.422,74.366,72.387
[17:37:55.489] imu_att:-2.849,4.358,63.435,-92.363,76.330,73.715
[17:37:55.528] imu_att:-2.793,4.175,64.267,-89.795,79.009,75.175
[17:37:55.568] imu_att:-3.052,3.138,65.199,-88.532,80.478,76.802
[17:37:55.608] imu_att:-3.650,2.915,66.076,-85.928,82.864,78.313
[17:37:55.649] imu_att:-2.809,2.815,67.113,-86.527,82.738,79.982
[17:37:55.689] imu_att:-2.847,2.257,68.163,-85.010,83.961,81.556
[17:37:55.728] imu_att:-3.034,2.175,69.299,-83.694,85.510,83.261
[17:37:55.768] imu_att:-4.137,2.099,70.425,-78.949,89.372,84.890
[17:37:55.809] imu_att:-3.971,1.785,71.881,-76.450,91.723,87.053
[17:37:55.848] imu_att:-4.057,1.578,73.122,-73.719,94.792,88.875
[17:37:55.888] imu_att:-3.905,1.734,74.657,-73.241,96.045,91.121
[17:37:55.927] imu_att:-3.167,1.767,76.036,-73.757,95.702,93.140
[17:37:55.969] imu_att:-2.885,2.352,77.271,-72.083,96.768,94.850
[17:37:56.009] imu_att:-2.858,2.761,78.329,-71.812,97.425,96.266
[17:37:56.048] imu_att:-2.708,2.906,79.170,-71.398,97.847,97.290
[17:37:56.088] imu_att:-2.469,3.215,80.055,-70.471,98.709,98.337
[17:37:56.127] imu_att:-2.378,3.089,80.598,-69.742,99.756,99.034
[17:37:56.168] imu_att:-2.442,2.305,81.230,-67.899,101.031,99.887
[17:37:56.208] imu_att:-2.809,2.251,81.812,-67.481,101.827,100.773
[17:37:56.248] imu_att:-2.740,2.504,82.366,-66.773,102.179,101.524
[17:37:56.289] imu_att:-2.841,2.312,82.874,-65.195,103.323,102.263
[17:37:56.329] imu_att:-2.876,2.099,83.304,-63.079,105.802,103.184
[17:37:56.368] imu_att:-2.825,2.205,83.698,-63.190,106.070,104.079
[17:37:56.408] imu_att:-3.267,1.326,84.164,-61.907,107.330,105.087
[17:37:56.449] imu_att:-3.460,0.948,84.778,-59.429,109.169,106.254
[17:37:56.489] imu_att:-3.360,1.293,85.440,-59.556,109.684,107.531
[17:37:56.528] imu_att:-3.161,1.323,86.113,-58.559,110.503,108.675
[17:37:56.568] imu_att:-3.034,1.910,86.770,-59.646,109.883,109.620
[17:37:56.607] imu_att:-2.787,2.303,87.331,-59.498,109.872,110.218
[17:37:56.649] imu_att:-2.592,2.498,87.701,-59.728,109.570,110.525
[17:37:56.689] imu_att:-2.605,2.400,87.969,-59.573,110.171,110.698
[17:37:56.728] imu_att:-2.601,2.375,88.048,-59.867,109.658,110.659
[17:37:56.768] imu_att:-2.791,2.064,88.100,-58.928,110.491,110.691
[17:37:56.809] imu_att:-2.755,1.736,88.106,-58.246,111.264,110.806
[17:37:56.848] imu_att:-2.883,1.779,88.097,-57.646,111.695,111.001
[17:37:56.888] imu_att:-3.038,2.033,88.071,-57.705,111.384,111.050
[17:37:56.928] imu_att:-2.901,1.988,88.048,-58.373,111.358,111.154
[17:37:56.967] imu_att:-2.883,1.851,88.026,-57.024,112.029,111.260
[17:37:57.009] imu_att:-2.899,1.718,88.000,-58.391,111.115,111.330
[17:37:57.048] imu_att:-2.870,1.898,87.960,-57.889,111.268,111.311
[17:37:57.088] imu_att:-2.730,1.958,87.837,-58.569,110.761,111.248
[17:37:57.127] imu_att:-2.594,2.478,87.574,-59.296,110.165,110.917
[17:37:57.168] imu_att:-2.591,2.457,87.071,-59.681,109.694,110.272
[17:37:57.208] imu_att:-2.467,2.376,86.489,-60.767,108.657,109.592
[17:37:57.248] imu_att:-2.458,1.851,85.608,-61.756,107.523,108.578
[17:37:57.289] imu_att:-2.896,1.608,84.714,-62.115,107.367,107.596
[17:37:57.329] imu_att:-2.727,1.550,83.737,-62.545,106.806,106.654
[17:37:57.368] imu_att:-2.702,2.100,82.625,-64.305,105.362,105.587
[17:37:57.408] imu_att:-2.827,2.018,81.436,-65.855,103.778,104.343
[17:37:57.449] imu_att:-2.987,1.567,80.250,-65.305,103.790,103.253
[17:37:57.489] imu_att:-2.721,1.585,79.015,-68.187,101.840,102.137
[17:37:57.528] imu_att:-2.624,2.135,77.657,-69.761,99.971,100.727
[17:37:57.568] imu_att:-2.929,2.605,76.215,-70.217,99.217,99.273
[17:37:57.607] imu_att:-3.055,1.829,74.885,-72.224,97.318,97.901
[17:37:57.649] imu_att:-3.023,0.716,73.058,-73.904,96.017,96.139
[17:37:57.688] imu_att:-2.476,0.217,71.127,-74.938,94.312,94.209
[17:37:57.728] imu_att:-3.049,1.033,69.151,-78.880,92.147,92.371
[17:37:57.767] imu_att:-2.600,1.239,66.303,-81.351,88.293,89.344
[17:37:57.809] imu_att:-2.313,1.505,63.547,-83.858,86.421,86.608
[17:37:57.848] imu_att:-1.764,0.045,59.831,-88.782,81.070,82.655
[17:37:57.888] imu_att:-3.229,0.440,56.016,-88.628,80.897,78.973
[17:37:57.928] imu_att:-2.441,0.788,52.445,-93.777,76.278,75.696
[17:37:57.969] imu_att:-3.233,1.138,48.384,-97.098,73.501,71.924
[17:37:58.008] imu_att:-4.572,1.303,43.868,-99.267,70.167,67.866
[17:37:58.048] imu_att:-5.102,2.562,40.138,-101.960,68.162,64.721
[17:37:58.088] imu_att:-4.947,2.679,35.348,-108.728,63.118,60.651
[17:37:58.129] imu_att:-6.814,2.184,30.722,-110.295,59.774,56.559
[17:37:58.168] imu_att:-6.152,1.087,26.309,-115.179,55.529,52.809
[17:37:58.208] imu_att:-5.741,0.950,22.386,-122.784,48.423,49.261
[17:37:58.248] imu_att:-6.974,1.815,18.660,-126.283,43.827,45.286
[17:37:58.289] imu_att:-5.246,2.298,15.696,-134.258,37.259,42.010
[17:37:58.329] imu_att:-6.095,2.246,12.248,-139.553,31.309,37.977
[17:37:58.368] imu_att:-7.404,1.416,9.115,-145.713,25.023,34.310
[17:37:58.407] imu_att:-5.593,1.823,6.881,-151.968,18.550,31.541
[17:37:58.449] imu_att:-3.866,1.849,5.305,-157.113,13.541,29.483
[17:37:58.488] imu_att:-0.341,2.118,4.136,-160.762,8.861,27.776
[17:37:58.528] imu_att:-1.479,-0.354,3.163,-165.573,4.070,26.208
[17:37:58.568] imu_att:-3.003,-0.130,2.359,-166.384,3.091,24.917
[17:37:58.609] imu_att:1.322,-0.202,2.119,-168.439,1.367,24.079
[17:37:58.649] imu_att:-1.402,0.447,2.156,-166.285,1.946,23.571
[17:37:58.688] imu_att:-1.870,1.236,2.331,-164.423,4.506,23.199
[17:37:58.728] imu_att:-4.385,1.762,2.392,-162.235,6.428,22.712
[17:37:58.769] imu_att:-3.679,1.824,2.399,-162.844,6.506,22.168
[17:37:58.809] imu_att:-3.670,2.148,2.391,-161.844,7.120,21.609
[17:37:58.848] imu_att:-3.615,1.933,2.390,-162.024,6.946,21.055
[17:37:58.888] imu_att:-3.576,2.025,2.388,-161.744,7.423,20.498
[17:37:58.927] imu_att:-3.601,1.994,2.386,-162.440,7.091,19.995
[17:37:58.969] imu_att:-3.562,1.981,2.385,-162.696,6.782,19.380
[17:37:59.008] imu_att:-3.577,1.964,2.383,-162.962,6.599,18.818
[17:37:59.048] imu_att:-3.569,1.977,2.381,-162.926,6.454,18.254
[17:37:59.087] imu_att:-3.592,1.979,2.378,-163.045,6.339,17.744
[17:37:59.129] imu_att:-3.557,2.006,2.373,-162.648,6.676,17.118
[17:37:59.168] imu_att:-3.584,1.971,2.373,-162.425,6.921,16.607
[17:37:59.208] imu_att:-3.572,1.974,2.373,-162.471,6.707,16.039
[17:37:59.247] imu_att:-3.584,2.000,2.373,-162.830,6.740,15.469
[17:37:59.289] imu_att:-3.575,2.010,2.371,-162.819,6.892,14.838
[17:37:59.328] imu_att:-3.576,1.987,2.371,-162.774,6.308,14.264
[17:37:59.368] imu_att:-3.747,1.915,2.353,-162.672,6.477,13.671
[17:37:59.407] imu_att:-3.450,2.105,2.359,-162.524,6.571,13.100
[17:37:59.448] imu_att:-3.588,1.975,2.363,-163.324,6.223,12.524
[17:37:59.488] imu_att:-3.579,1.968,2.360,-162.625,6.618,11.999
[17:37:59.528] imu_att:-3.588,1.975,2.358,-162.736,6.779,11.356
[17:37:59.567] imu_att:-3.574,1.995,2.356,-163.465,5.987,10.770
[17:37:59.608] imu_att:-3.581,1.982,2.355,-161.984,7.161,10.183
[17:37:59.648] imu_att:-3.571,1.982,2.355,-162.617,6.801,9.665
[17:37:59.688] imu_att:-3.592,1.978,2.355,-162.163,7.003,9.102
[17:37:59.727] imu_att:-3.573,1.982,2.353,-162.872,6.482,8.636
[17:37:59.769] imu_att:-3.578,1.973,2.352,-162.693,6.734,8.307
[17:37:59.809] imu_att:-3.564,1.976,2.350,-161.704,6.742,8.001
[17:37:59.848] imu_att:-3.563,1.967,2.349,-162.605,6.747,7.811
[17:37:59.888] imu_att:-3.561,1.965,2.346,-163.067,6.406,7.593
[17:37:59.927] imu_att:-3.567,1.975,2.345,-162.916,6.469,7.373
[17:37:59.968] imu_att:-3.589,1.964,2.344,-161.755,6.842,7.205
[17:38:00.008] imu_att:-3.569,1.957,2.343,-162.624,6.783,7.150
[17:38:00.048] imu_att:-3.584,1.980,2.341,-162.739,6.662,7.081
[17:38:00.089] imu_att:-3.582,1.993,2.339,-162.009,7.259,7.075
[17:38:00.128] imu_att:-3.576,1.982,2.338,-162.894,6.642,7.068
[17:38:00.168] imu_att:-3.562,1.981,2.334,-162.680,6.608,6.959
[17:38:00.208] imu_att:-3.569,1.986,2.331,-162.465,6.816,6.955
[17:38:00.249] imu_att:-3.563,1.973,2.330,-162.550,6.448,6.909
[17:38:00.288] imu_att:-3.561,1.976,2.328,-162.609,6.594,6.838
[17:38:00.328] imu_att:-3.572,1.970,2.327,-162.336,6.984,6.834
[17:38:00.368] imu_att:-3.565,1.975,2.326,-163.538,6.241,6.822
[17:38:00.407] imu_att:-3.578,1.980,2.325,-162.767,6.716,6.793
[17:38:00.448] imu_att:-3.551,1.956,2.322,-162.742,6.766,6.797
[17:38:00.488] imu_att:-3.552,1.972,2.321,-162.447,6.544,6.774
[17:38:00.528] imu_att:-3.577,1.981,2.320,-161.773,7.134,6.802
[17:38:00.567] imu_att:-3.546,1.967,2.317,-163.918,5.859,6.762
[17:38:00.608] imu_att:-3.562,1.958,2.316,-162.346,6.786,6.700
[17:38:00.648] imu_att:-3.553,1.978,2.313,-162.316,7.037,6.750
[17:38:00.688] imu_att:-3.571,1.987,2.311,-163.188,6.547,6.731
[17:38:00.727] imu_att:-3.561,1.980,2.309,-162.581,6.655,6.712
[17:38:00.768] imu_att:-3.561,1.974,2.308,-162.672,6.585,6.685
[17:38:00.808] imu_att:-3.555,1.987,2.306,-162.891,6.619,6.706
[17:38:00.848] imu_att:-3.558,1.966,2.305,-163.251,6.282,6.638
[17:38:00.887] imu_att:-3.563,1.969,2.302,-162.747,6.619,6.620
