# Serial Log - 2026-04-18T17:38:31.294598
# Port: COM36 @ 115200bps
#============================================================
[17:38:31.315] imu_att:-3.559,2.101,0.067,-165.899,1.688,2.184
[17:38:31.355] imu_att:-3.550,2.095,0.068,-166.031,2.002,2.169
[17:38:31.394] imu_att:-3.542,2.110,0.067,-165.527,2.117,2.127
[17:38:31.435] imu_att:-3.549,2.109,0.067,-165.535,2.299,2.136
[17:38:31.475] imu_att:-3.558,2.095,0.066,-165.914,1.938,2.127
[17:38:31.515] imu_att:-3.557,2.084,0.067,-165.199,2.575,2.170
[17:38:31.554] imu_att:-3.544,2.088,0.068,-165.333,2.478,2.214
[17:38:31.594] imu_att:-3.554,2.127,0.069,-164.241,2.876,2.249
[17:38:31.635] imu_att:-3.537,2.115,0.068,-165.665,2.284,2.304
[17:38:31.675] imu_att:-3.554,2.109,0.070,-166.237,1.835,2.240
[17:38:31.714] imu_att:-3.560,2.103,0.070,-165.160,2.367,2.229
[17:38:31.754] imu_att:-3.564,2.101,0.071,-166.292,1.518,2.202
[17:38:31.795] imu_att:-3.546,2.108,0.072,-165.150,2.737,2.253
[17:38:31.835] imu_att:-3.576,2.103,0.072,-165.087,2.338,2.298
[17:38:31.875] imu_att:-3.535,2.094,0.074,-165.173,2.520,2.314
[17:38:31.914] imu_att:-3.574,2.110,0.075,-165.500,2.066,2.290
[17:38:31.955] imu_att:-3.533,2.112,0.075,-165.781,2.408,2.352
[17:38:31.995] imu_att:-3.560,2.104,0.075,-166.470,1.441,2.251
[17:38:32.034] imu_att:-3.555,2.102,0.076,-166.033,1.669,2.120
[17:38:32.074] imu_att:-3.560,2.110,0.077,-165.415,2.331,2.100
[17:38:32.115] imu_att:-3.544,2.094,0.079,-166.401,2.387,2.227
[17:38:32.155] imu_att:-3.551,2.111,0.078,-165.732,2.026,2.190
[17:38:32.194] imu_att:-3.547,2.117,0.079,-166.018,1.732,2.130
[17:38:32.234] imu_att:-3.546,2.107,0.080,-166.039,1.929,2.114
[17:38:32.275] imu_att:-3.544,2.093,0.081,-165.092,2.410,2.124
[17:38:32.315] imu_att:-3.552,2.086,0.081,-165.980,2.022,2.147
[17:38:32.354] imu_att:-3.534,2.094,0.080,-165.363,2.306,2.103
[17:38:32.394] imu_att:-3.549,2.110,0.080,-165.395,2.362,2.152
[17:38:32.435] imu_att:-3.558,2.094,0.080,-165.775,1.943,2.119
[17:38:32.475] imu_att:-3.552,2.090,0.082,-166.063,2.032,2.128
[17:38:32.514] imu_att:-3.561,2.093,0.081,-164.620,2.524,2.077
[17:38:32.554] imu_att:-3.561,2.089,0.082,-165.256,2.234,2.076
[17:38:32.595] imu_att:-3.574,2.093,0.083,-166.072,2.042,2.139
[17:38:32.635] imu_att:-3.556,2.102,0.084,-165.984,1.707,2.104
[17:38:32.674] imu_att:-3.553,2.104,0.085,-165.561,2.409,2.133
[17:38:32.714] imu_att:-3.538,2.102,0.086,-166.142,1.828,2.122
[17:38:32.755] imu_att:-3.546,2.097,0.087,-165.800,1.879,2.073
[17:38:32.795] imu_att:-3.543,2.107,0.088,-165.723,2.282,2.099
[17:38:32.835] imu_att:-3.539,2.100,0.087,-165.895,1.820,2.055
[17:38:32.874] imu_att:-3.539,2.107,0.088,-165.972,1.754,2.017
[17:38:32.915] imu_att:-3.541,2.103,0.087,-165.402,2.355,2.055
[17:38:32.955] imu_att:-3.552,2.091,0.087,-166.480,1.659,2.096
[17:38:32.995] imu_att:-3.557,2.098,0.087,-165.554,1.871,2.048
[17:38:33.034] imu_att:-3.559,2.102,0.086,-165.834,1.581,1.977
[17:38:33.075] imu_att:-3.544,2.118,0.086,-165.693,2.056,1.967
[17:38:33.115] imu_att:-3.550,2.115,0.086,-166.278,2.057,2.002
[17:38:33.155] imu_att:-3.556,2.107,0.088,-165.314,2.577,2.053
[17:38:33.194] imu_att:-3.559,2.107,0.089,-165.170,2.477,2.130
[17:38:33.235] imu_att:-3.560,2.103,0.089,-166.147,2.069,2.155
[17:38:33.275] imu_att:-3.540,2.109,0.088,-165.529,1.734,2.062
[17:38:33.315] imu_att:-3.533,2.104,0.088,-166.045,1.808,2.036
[17:38:33.354] imu_att:-3.555,2.092,0.090,-164.950,2.709,2.089
[17:38:33.394] imu_att:-3.559,2.107,0.089,-166.167,1.725,2.109
[17:38:33.435] imu_att:-3.567,2.102,0.090,-165.794,2.001,2.075
[17:38:33.475] imu_att:-3.546,2.101,0.090,-165.549,2.502,2.173
[17:38:33.514] imu_att:-3.540,2.100,0.091,-166.084,1.974,2.216
[17:38:33.554] imu_att:-3.536,2.106,0.091,-165.420,2.372,2.220
[17:38:33.595] imu_att:-3.531,2.106,0.092,-165.182,2.756,2.295
[17:38:33.635] imu_att:-3.551,2.111,0.092,-165.132,2.353,2.313
[17:38:33.674] imu_att:-3.554,2.115,0.093,-165.326,2.371,2.288
[17:38:33.714] imu_att:-3.556,2.111,0.092,-165.989,1.725,2.195
[17:38:33.755] imu_att:-3.562,2.103,0.093,-165.483,2.217,2.167
[17:38:33.795] imu_att:-3.564,2.094,0.093,-165.165,2.402,2.158
[17:38:33.834] imu_att:-3.559,2.098,0.091,-166.156,1.945,2.182
[17:38:33.874] imu_att:-3.539,2.097,0.093,-165.579,2.099,2.148
[17:38:33.915] imu_att:-3.553,2.089,0.093,-165.432,2.028,2.087
[17:38:33.955] imu_att:-3.543,2.120,0.092,-166.698,1.338,2.022
[17:38:33.995] imu_att:-3.558,2.096,0.093,-166.399,1.516,1.956
[17:38:34.034] imu_att:-3.567,2.102,0.094,-165.257,2.434,1.951
[17:38:34.075] imu_att:-3.565,2.105,0.095,-166.326,2.030,2.031
[17:38:34.115] imu_att:-3.550,2.104,0.096,-165.482,2.016,2.047
[17:38:34.155] imu_att:-3.549,2.098,0.095,-165.128,2.212,2.029
[17:38:34.194] imu_att:-3.551,2.098,0.095,-165.180,2.562,2.067
[17:38:34.235] imu_att:-3.561,2.102,0.097,-165.585,2.171,2.093
[17:38:34.275] imu_att:-3.564,2.103,0.098,-166.244,1.863,2.108
[17:38:34.315] imu_att:-3.577,2.101,0.099,-166.143,2.024,2.088
[17:38:34.354] imu_att:-3.558,2.109,0.100,-165.536,2.149,2.052
[17:38:34.395] imu_att:-3.539,2.094,0.100,-165.419,2.033,2.072
[17:38:34.435] imu_att:-3.557,2.096,0.101,-165.510,1.964,2.063
[17:38:34.475] imu_att:-3.558,2.118,0.102,-165.555,2.510,2.135
[17:38:34.514] imu_att:-3.558,2.110,0.103,-165.920,1.968,2.151
[17:38:34.554] imu_att:-3.553,2.108,0.103,-165.419,2.054,2.117
[17:38:34.595] imu_att:-3.551,2.108,0.104,-166.105,2.008,2.184
[17:38:34.635] imu_att:-3.556,2.107,0.103,-166.210,1.839,2.162
[17:38:34.674] imu_att:-3.545,2.099,0.104,-165.874,2.144,2.161
[17:38:34.715] imu_att:-3.559,2.107,0.106,-166.362,1.969,2.157
[17:38:34.755] imu_att:-3.560,2.108,0.105,-165.432,2.127,2.095
[17:38:34.795] imu_att:-3.560,2.102,0.106,-165.761,1.880,2.066
[17:38:34.834] imu_att:-3.569,2.098,0.107,-165.519,2.228,2.090
[17:38:34.875] imu_att:-3.556,2.098,0.107,-165.806,1.819,2.077
[17:38:34.915] imu_att:-3.551,2.107,0.107,-166.153,2.166,2.102
[17:38:34.955] imu_att:-3.574,2.095,0.109,-165.626,2.173,2.118
[17:38:34.994] imu_att:-3.573,2.095,0.110,-165.337,2.206,2.104
[17:38:35.034] imu_att:-3.579,2.096,0.111,-165.333,2.482,2.166
[17:38:35.075] imu_att:-3.552,2.095,0.110,-164.846,2.864,2.265
[17:38:35.115] imu_att:-3.568,2.082,0.111,-165.564,2.414,2.337
[17:38:35.154] imu_att:-3.555,2.086,0.112,-165.777,2.263,2.320
[17:38:35.195] imu_att:-3.568,2.087,0.112,-165.152,2.378,2.313
[17:38:35.235] imu_att:-3.553,2.086,0.113,-166.162,2.231,2.336
[17:38:35.275] imu_att:-3.551,2.109,0.114,-165.179,2.676,2.395
[17:38:35.314] imu_att:-3.553,2.104,0.115,-164.796,2.855,2.448
[17:38:35.354] imu_att:-3.567,2.097,0.114,-166.627,1.783,2.394
[17:38:35.395] imu_att:-3.556,2.110,0.115,-166.012,1.778,2.254
[17:38:35.435] imu_att:-3.558,2.105,0.114,-165.521,1.865,2.108
[17:38:35.474] imu_att:-3.549,2.107,0.114,-165.659,2.129,2.100
[17:38:35.514] imu_att:-3.545,2.118,0.113,-165.145,2.667,2.185
[17:38:35.555] imu_att:-3.542,2.126,0.114,-165.865,2.332,2.262
[17:38:35.595] imu_att:-3.561,2.110,0.114,-165.426,2.340,2.259
[17:38:35.634] imu_att:-3.553,2.104,0.112,-165.741,2.239,2.280
[17:38:35.674] imu_att:-3.556,2.106,0.111,-165.708,2.415,2.364
[17:38:35.715] imu_att:-3.558,2.087,0.112,-165.222,2.800,2.424
[17:38:35.755] imu_att:-3.571,2.073,0.111,-164.844,2.540,2.371
[17:38:35.794] imu_att:-3.556,2.093,0.111,-165.140,2.618,2.403
[17:38:35.834] imu_att:-3.548,2.105,0.111,-164.838,2.597,2.405
[17:38:35.875] imu_att:-3.548,2.118,0.111,-165.660,2.229,2.428
[17:38:35.915] imu_att:-3.558,2.114,0.112,-165.547,2.240,2.376
[17:38:35.954] imu_att:-3.552,2.109,0.113,-165.215,2.288,2.361
[17:38:35.994] imu_att:-3.565,2.095,0.115,-165.413,2.409,2.378
[17:38:36.035] imu_att:-3.564,2.091,0.117,-165.376,2.442,2.391
[17:38:36.075] imu_att:-3.569,2.097,0.118,-165.729,2.334,2.438
[17:38:36.115] imu_att:-3.564,2.097,0.119,-165.945,2.055,2.409
[17:38:36.154] imu_att:-3.560,2.091,0.119,-165.393,2.449,2.410
[17:38:36.195] imu_att:-3.559,2.105,0.119,-165.327,2.474,2.406
[17:38:36.235] imu_att:-3.571,2.119,0.119,-165.199,2.474,2.410
[17:38:36.275] imu_att:-3.560,2.111,0.119,-165.154,2.576,2.419
[17:38:36.314] imu_att:-3.543,2.110,0.122,-165.695,2.073,2.407
[17:38:36.355] imu_att:-3.559,2.092,0.122,-165.834,1.860,2.353
[17:38:36.395] imu_att:-3.551,2.091,0.122,-165.075,2.498,2.325
[17:38:36.435] imu_att:-3.569,2.101,0.122,-165.622,2.082,2.295
[17:38:36.474] imu_att:-3.549,2.089,0.122,-166.185,1.970,2.314
[17:38:36.515] imu_att:-3.549,2.103,0.120,-165.544,2.083,2.223
[17:38:36.555] imu_att:-3.526,2.117,0.120,-164.925,2.875,2.276
[17:38:36.594] imu_att:-3.559,2.118,0.120,-165.181,2.502,2.303
[17:38:36.634] imu_att:-3.544,2.110,0.122,-164.795,2.507,2.340
[17:38:36.675] imu_att:-3.554,2.100,0.123,-166.102,2.146,2.369
[17:38:36.715] imu_att:-3.546,2.100,0.121,-166.337,1.860,2.332
[17:38:36.755] imu_att:-3.557,2.100,0.122,-165.916,1.929,2.244
[17:38:36.794] imu_att:-3.551,2.101,0.123,-165.474,2.098,2.225
[17:38:36.835] imu_att:-3.563,2.085,0.124,-165.667,2.013,2.186
[17:38:36.875] imu_att:-3.567,2.081,0.123,-166.598,1.416,2.110
[17:38:36.915] imu_att:-3.563,2.095,0.122,-165.675,2.210,2.075
[17:38:36.954] imu_att:-3.564,2.099,0.123,-165.895,2.122,2.120
[17:38:36.995] imu_att:-3.552,2.096,0.124,-165.538,2.788,2.227
[17:38:37.035] imu_att:-3.564,2.104,0.124,-165.043,2.581,2.270
[17:38:37.075] imu_att:-3.550,2.093,0.124,-165.611,2.035,2.292
[17:38:37.114] imu_att:-3.565,2.083,0.124,-166.015,2.084,2.288
[17:38:37.154] imu_att:-3.557,2.101,0.125,-165.137,2.233,2.243
[17:38:37.195] imu_att:-3.546,2.111,0.125,-165.336,2.387,2.224
[17:38:37.235] imu_att:-3.537,2.108,0.123,-165.421,2.169,2.213
[17:38:37.274] imu_att:-3.541,2.094,0.124,-166.344,1.573,2.122
[17:38:37.314] imu_att:-3.561,2.093,0.124,-165.092,2.530,2.108
[17:38:37.355] imu_att:-3.575,2.094,0.124,-165.748,2.048,2.143
[17:38:37.395] imu_att:-3.569,2.094,0.126,-165.885,1.965,2.116
[17:38:37.434] imu_att:-3.568,2.094,0.126,-165.722,2.110,2.100
[17:38:37.474] imu_att:-3.556,2.104,0.126,-166.253,1.608,2.036
[17:38:37.515] imu_att:-3.551,2.100,0.125,-165.281,2.487,2.051
[17:38:37.555] imu_att:-3.551,2.101,0.125,-165.287,2.605,2.120
[17:38:37.594] imu_att:-3.565,2.098,0.124,-165.044,2.623,2.180
[17:38:37.634] imu_att:-3.567,2.093,0.125,-165.883,2.061,2.209
[17:38:37.675] imu_att:-3.570,2.101,0.126,-164.771,2.568,2.208
[17:38:37.715] imu_att:-3.548,2.097,0.126,-165.282,2.100,2.181
[17:38:37.754] imu_att:-3.552,2.087,0.126,-165.842,2.070,2.181
[17:38:37.794] imu_att:-3.541,2.101,0.125,-165.631,2.168,2.228
[17:38:37.835] imu_att:-3.561,2.106,0.126,-165.644,2.189,2.224
[17:38:37.875] imu_att:-3.559,2.101,0.127,-165.133,2.566,2.254
[17:38:37.914] imu_att:-3.566,2.092,0.128,-166.383,1.752,2.236
[17:38:37.954] imu_att:-3.534,2.095,0.127,-165.734,2.115,2.170
[17:38:37.995] imu_att:-3.566,2.092,0.129,-165.556,2.209,2.138
[17:38:38.035] imu_att:-3.546,2.093,0.130,-164.787,2.690,2.168
[17:38:38.074] imu_att:-3.550,2.113,0.129,-165.272,2.738,2.289
[17:38:38.114] imu_att:-3.553,2.100,0.129,-166.113,1.724,2.247
[17:38:38.155] imu_att:-3.557,2.098,0.130,-165.288,2.410,2.203
[17:38:38.195] imu_att:-3.557,2.083,0.131,-166.077,2.302,2.262
[17:38:38.234] imu_att:-3.555,2.077,0.131,-165.944,1.901,2.188
[17:38:38.274] imu_att:-3.534,2.084,0.131,-166.005,1.968,2.166
[17:38:38.315] imu_att:-3.562,2.098,0.131,-166.029,1.868,2.117
[17:38:38.355] imu_att:-3.541,2.085,0.129,-165.503,2.007,2.107
[17:38:38.394] imu_att:-3.564,2.101,0.130,-166.624,1.332,2.021
[17:38:38.434] imu_att:-3.557,2.108,0.131,-165.145,2.298,1.952
[17:38:38.475] imu_att:-3.550,2.097,0.132,-166.109,1.826,1.990
[17:38:38.515] imu_att:-3.543,2.099,0.132,-165.537,2.011,1.953
[17:38:38.554] imu_att:-3.549,2.099,0.133,-164.850,2.513,2.018
[17:38:38.594] imu_att:-3.556,2.093,0.133,-165.935,1.954,2.041
[17:38:38.635] imu_att:-3.567,2.104,0.135,-164.942,2.524,2.055
[17:38:38.675] imu_att:-3.555,2.119,0.135,-165.951,2.231,2.097
[17:38:38.714] imu_att:-3.570,2.106,0.135,-165.885,2.302,2.119
[17:38:38.754] imu_att:-3.556,2.102,0.136,-165.474,2.100,2.109
[17:38:38.795] imu_att:-3.548,2.093,0.135,-165.854,1.709,2.041
[17:38:38.835] imu_att:-3.545,2.090,0.134,-165.891,2.189,2.042
[17:38:38.874] imu_att:-3.554,2.105,0.136,-165.770,2.244,2.041
[17:38:38.914] imu_att:-3.557,2.098,0.136,-166.869,1.628,2.058
[17:38:38.955] imu_att:-3.557,2.100,0.138,-165.433,1.678,1.900
[17:38:38.995] imu_att:-3.570,2.103,0.139,-165.423,2.372,1.956
[17:38:39.034] imu_att:-3.566,2.095,0.140,-165.239,2.585,2.058
[17:38:39.074] imu_att:-3.563,2.114,0.141,-165.525,2.137,2.077
[17:38:39.115] imu_att:-3.553,2.108,0.141,-166.404,1.726,2.081
[17:38:39.155] imu_att:-3.561,2.102,0.142,-166.707,1.656,2.031
[17:38:39.194] imu_att:-3.560,2.094,0.142,-166.388,1.115,1.883
[17:38:39.234] imu_att:-3.541,2.096,0.141,-166.926,0.945,1.749
[17:38:39.274] imu_att:-3.563,2.096,0.142,-166.412,1.048,1.616
[17:38:39.315] imu_att:-3.556,2.102,0.142,-167.671,0.391,1.475
[17:38:39.354] imu_att:-3.568,2.102,0.143,-167.460,0.617,1.340
[17:38:39.394] imu_att:-3.542,2.109,0.145,-166.806,0.986,1.238
[17:38:39.435] imu_att:-3.541,2.108,0.145,-167.511,0.456,1.160
[17:38:39.475] imu_att:-3.534,2.109,0.147,-167.221,0.599,1.046
[17:38:39.514] imu_att:-3.566,2.089,0.148,-166.170,1.566,1.035
[17:38:39.554] imu_att:-3.558,2.109,0.151,-167.369,0.701,1.020
[17:38:39.595] imu_att:-3.542,2.108,0.151,-166.468,1.085,0.939
[17:38:39.635] imu_att:-3.553,2.122,0.154,-166.068,1.261,0.959
[17:38:39.675] imu_att:-3.562,2.092,0.154,-166.549,1.137,0.977
[17:38:39.714] imu_att:-3.544,2.104,0.153,-166.846,0.757,0.951
[17:38:39.755] imu_att:-3.555,2.128,0.153,-167.040,0.770,0.970
[17:38:39.795] imu_att:-3.555,2.110,0.154,-166.125,1.568,1.007
[17:38:39.835] imu_att:-3.555,2.100,0.154,-167.389,1.092,1.073
[17:38:39.874] imu_att:-3.561,2.094,0.154,-166.818,0.716,0.974
[17:38:39.915] imu_att:-3.558,2.106,0.156,-167.216,0.809,0.958
[17:38:39.955] imu_att:-3.544,2.114,0.157,-167.091,0.743,0.918
[17:38:39.995] imu_att:-3.567,2.106,0.158,-166.658,1.318,0.934
[17:38:40.034] imu_att:-3.552,2.082,0.157,-166.726,1.134,0.991
[17:38:40.074] imu_att:-3.518,2.115,0.157,-166.916,0.734,0.957
[17:38:40.115] imu_att:-3.531,2.102,0.157,-166.434,1.665,1.003
[17:38:40.155] imu_att:-3.547,2.111,0.157,-166.820,0.997,1.030
[17:38:40.194] imu_att:-3.546,2.093,0.156,-167.328,0.689,0.990
[17:38:40.234] imu_att:-3.553,2.106,0.155,-166.773,0.989,0.985
[17:38:40.275] imu_att:-3.536,2.102,0.154,-166.821,1.159,1.012
[17:38:40.315] imu_att:-3.557,2.108,0.154,-167.082,0.724,0.914
[17:38:40.355] imu_att:-3.566,2.135,0.155,-166.929,1.293,0.948
[17:38:40.394] imu_att:-3.564,2.100,0.155,-167.050,0.802,0.935
[17:38:40.435] imu_att:-3.524,2.113,0.154,-168.314,-0.000,0.932
[17:38:40.475] imu_att:-3.545,2.078,0.153,-166.895,0.226,0.703
[17:38:40.514] imu_att:-3.538,2.040,0.153,-166.578,1.164,0.730
[17:38:40.554] imu_att:-3.532,2.088,0.152,-167.396,0.741,0.757
[17:38:40.595] imu_att:-3.571,2.130,0.150,-166.560,1.130,0.761
[17:38:40.635] imu_att:-3.531,2.089,0.148,-168.027,0.088,0.739
[17:38:40.674] imu_att:-3.527,2.105,0.148,-166.829,0.832,0.685
[17:38:40.714] imu_att:-3.556,2.116,0.147,-166.873,0.589,0.610
[17:38:40.755] imu_att:-3.553,2.102,0.147,-166.743,1.037,0.668
[17:38:40.795] imu_att:-3.540,2.104,0.146,-166.038,0.696,0.636
[17:38:40.834] imu_att:-3.549,2.084,0.147,-166.186,1.514,0.737
[17:38:40.874] imu_att:-3.533,2.110,0.147,-166.486,1.042,0.794
[17:38:40.915] imu_att:-3.660,2.230,0.146,-166.860,0.924,0.838
[17:38:40.955] imu_att:-3.590,2.145,0.148,-167.034,0.663,0.805
[17:38:40.995] imu_att:-3.635,2.185,0.147,-165.641,1.844,0.866
[17:38:41.034] imu_att:-3.556,2.112,0.146,-166.382,1.002,0.896
[17:38:41.075] imu_att:-3.536,2.102,0.147,-167.046,0.649,0.904
[17:38:41.115] imu_att:-3.539,2.097,0.147,-167.382,0.580,0.851
[17:38:41.154] imu_att:-3.545,2.117,0.148,-167.310,0.561,0.780
[17:38:41.194] imu_att:-3.546,2.117,0.147,-167.445,0.351,0.717
[17:38:41.234] imu_att:-3.546,2.090,0.148,-166.645,0.617,0.633
[17:38:41.275] imu_att:-3.540,2.102,0.147,-167.685,0.198,0.619
[17:38:41.314] imu_att:-3.519,2.114,0.146,-166.593,0.560,0.560
[17:38:41.354] imu_att:-3.543,2.109,0.147,-166.522,0.514,0.573
[17:38:41.395] imu_att:-3.535,2.129,0.148,-166.912,0.903,0.636
[17:38:41.435] imu_att:-3.529,2.119,0.148,-166.599,1.209,0.727
[17:38:41.475] imu_att:-3.519,2.115,0.147,-166.722,1.128,0.797
[17:38:41.514] imu_att:-3.540,2.100,0.147,-166.982,0.802,0.791
[17:38:41.555] imu_att:-3.524,2.108,0.148,-167.716,0.524,0.787
[17:38:41.595] imu_att:-3.542,2.095,0.147,-167.190,0.468,0.701
[17:38:41.635] imu_att:-3.543,2.099,0.148,-167.656,0.268,0.642
[17:38:41.674] imu_att:-3.551,2.098,0.147,-166.581,1.245,0.703
[17:38:41.714] imu_att:-3.538,2.089,0.147,-167.245,0.800,0.767
[17:38:41.755] imu_att:-3.536,2.090,0.146,-167.066,0.718,0.762
[17:38:41.795] imu_att:-3.549,2.100,0.145,-167.639,0.677,0.783
[17:38:41.834] imu_att:-3.531,2.093,0.145,-166.605,1.232,0.824
[17:38:41.874] imu_att:-3.563,2.074,0.145,-167.171,0.749,0.835
[17:38:41.915] imu_att:-3.512,2.099,0.144,-167.370,0.476,0.784
[17:38:41.955] imu_att:-3.544,2.111,0.146,-166.059,1.008,0.746
[17:38:41.994] imu_att:-3.528,2.110,0.147,-166.611,1.040,0.806
[17:38:42.034] imu_att:-3.536,2.105,0.147,-167.745,0.444,0.817
[17:38:42.075] imu_att:-3.510,2.096,0.147,-167.352,1.040,0.851
[17:38:42.115] imu_att:-3.547,2.110,0.148,-166.909,0.545,0.803
[17:38:42.154] imu_att:-3.550,2.101,0.148,-166.604,1.152,0.815
[17:38:42.194] imu_att:-3.545,2.104,0.148,-166.977,0.859,0.808
[17:38:42.235] imu_att:-3.546,2.101,0.148,-166.714,0.877,0.816
[17:38:42.275] imu_att:-3.527,2.100,0.148,-166.911,1.021,0.829
[17:38:42.314] imu_att:-3.523,2.091,0.147,-167.467,0.577,0.816
[17:38:42.354] imu_att:-3.536,2.106,0.147,-166.732,0.558,0.752
[17:38:42.395] imu_att:-3.524,2.121,0.149,-166.574,1.156,0.765
[17:38:42.435] imu_att:-3.542,2.134,0.151,-167.018,0.953,0.834
[17:38:42.474] imu_att:-3.544,2.096,0.154,-167.238,1.389,0.929
[17:38:42.514] imu_att:-3.551,2.086,0.153,-167.663,0.526,0.885
[17:38:42.555] imu_att:-3.538,2.104,0.153,-166.624,0.824,0.817
[17:38:42.595] imu_att:-3.543,2.100,0.152,-167.197,0.555,0.795
[17:38:42.634] imu_att:-3.535,2.089,0.151,-167.946,0.123,0.727
[17:38:42.674] imu_att:-3.552,2.088,0.151,-167.305,0.568,0.678
[17:38:42.715] imu_att:-3.543,2.098,0.152,-166.677,0.721,0.633
[17:38:42.755] imu_att:-3.537,2.107,0.150,-167.179,0.129,0.569
[17:38:42.794] imu_att:-3.550,2.102,0.149,-167.409,0.576,0.598
[17:38:42.834] imu_att:-3.528,2.097,0.149,-167.047,1.125,0.648
[17:38:42.875] imu_att:-3.542,2.109,0.148,-166.448,1.297,0.741
[17:38:42.915] imu_att:-3.543,2.120,0.147,-166.430,1.387,0.842
[17:38:42.954] imu_att:-3.549,2.116,0.148,-167.190,0.855,0.882
[17:38:42.994] imu_att:-3.567,2.117,0.148,-167.222,0.517,0.823
[17:38:43.035] imu_att:-3.559,2.112,0.149,-167.340,0.577,0.766
[17:38:43.075] imu_att:-3.531,2.115,0.148,-167.001,0.647,0.707
[17:38:43.114] imu_att:-3.547,2.096,0.149,-166.517,1.100,0.749
[17:38:43.154] imu_att:-3.527,2.110,0.149,-167.373,0.516,0.709
[17:38:43.195] imu_att:-3.536,2.118,0.148,-167.380,0.496,0.666
[17:38:43.235] imu_att:-3.558,2.102,0.149,-166.638,1.087,0.701
[17:38:43.275] imu_att:-3.549,2.115,0.149,-166.808,0.863,0.740
[17:38:43.314] imu_att:-3.533,2.089,0.147,-166.740,1.309,0.828
[17:38:43.355] imu_att:-3.545,2.110,0.148,-166.339,1.439,0.916
[17:38:43.395] imu_att:-3.556,2.125,0.146,-167.200,0.636,0.890
[17:38:43.435] imu_att:-3.543,2.096,0.146,-166.975,0.952,0.851
[17:38:43.474] imu_att:-3.537,2.103,0.144,-166.428,1.169,0.884
[17:38:43.515] imu_att:-3.532,2.085,0.143,-166.549,1.481,0.980
[17:38:43.555] imu_att:-3.551,2.110,0.143,-166.697,1.084,0.996
[17:38:43.595] imu_att:-3.556,2.103,0.143,-167.076,0.671,0.937
[17:38:43.634] imu_att:-3.547,2.097,0.141,-167.524,0.431,0.859
[17:38:43.675] imu_att:-3.544,2.107,0.141,-166.095,1.511,0.879
[17:38:43.715] imu_att:-3.541,2.102,0.142,-167.005,0.666,0.875
[17:38:43.755] imu_att:-3.530,2.085,0.141,-167.872,0.231,0.800
[17:38:43.794] imu_att:-3.537,2.107,0.140,-167.005,0.790,0.766
[17:38:43.834] imu_att:-3.526,2.192,0.141,-166.905,0.694,0.735
[17:38:43.875] imu_att:-3.529,2.168,0.138,-167.511,0.382,0.697
[17:38:43.915] imu_att:-3.529,1.993,0.137,-166.129,0.892,0.648
[17:38:43.954] imu_att:-3.545,1.972,0.139,-167.139,0.922,0.705
[17:38:43.994] imu_att:-3.526,2.152,0.136,-166.433,0.724,0.685
[17:38:44.035] imu_att:-3.556,2.316,0.140,-166.063,1.616,0.826
[17:38:44.075] imu_att:-3.553,2.230,0.138,-167.151,0.764,0.852
[17:38:44.114] imu_att:-3.552,2.000,0.136,-167.258,0.473,0.810
[17:38:44.154] imu_att:-3.554,1.858,0.137,-166.798,0.650,0.713
[17:38:44.195] imu_att:-3.557,1.940,0.134,-167.172,0.494,0.652
[17:38:44.235] imu_att:-3.535,2.041,0.131,-167.041,0.725,0.593
[17:38:44.274] imu_att:-3.528,2.326,0.136,-166.029,1.549,0.685
[17:38:44.314] imu_att:-3.522,2.242,0.137,-167.613,0.396,0.709
[17:38:44.355] imu_att:-3.576,2.457,0.136,-166.276,1.407,0.726
[17:38:44.395] imu_att:-3.576,1.661,0.140,-167.671,0.501,0.785
[17:38:44.434] imu_att:-3.550,1.331,0.143,-168.409,-0.194,0.676
[17:38:44.474] imu_att:-3.531,2.467,0.148,-166.186,1.221,0.576
[17:38:44.515] imu_att:-3.556,2.137,0.160,-166.763,1.234,0.742
[17:38:44.555] imu_att:-3.540,1.970,0.157,-166.375,0.954,0.728
[17:38:44.594] imu_att:-3.606,2.210,0.176,-166.480,1.327,0.832
[17:38:44.634] imu_att:-3.519,2.584,0.207,-165.841,1.652,0.927
[17:38:44.675] imu_att:-3.401,2.754,0.211,-165.344,2.359,1.164
[17:38:44.715] imu_att:-3.411,2.528,0.182,-165.925,2.502,1.393
[17:38:44.754] imu_att:-3.235,1.460,0.097,-167.012,0.913,1.312
[17:38:44.794] imu_att:-3.288,0.456,-0.049,-169.230,-0.833,0.946
[17:38:44.835] imu_att:-3.671,-1.048,-0.102,-170.935,-2.574,0.411
[17:38:44.875] imu_att:-3.706,-1.746,-0.084,-172.038,-4.262,-0.237
[17:38:44.914] imu_att:-3.404,-1.811,-0.124,-171.268,-3.798,-0.885
[17:38:44.954] imu_att:-3.089,-2.815,-0.245,-174.152,-6.085,-1.615
[17:38:44.995] imu_att:-3.462,-4.150,-0.281,-177.273,-8.342,-2.203
[17:38:45.035] imu_att:-3.683,-5.271,-0.251,-179.543,-11.096,-2.849
[17:38:45.075] imu_att:-3.420,-5.464,-0.229,178.997,-12.260,-3.445
[17:38:45.114] imu_att:-3.449,-6.108,-0.262,178.299,-13.794,-4.098
[17:38:45.155] imu_att:-3.315,-7.603,-0.291,174.022,-17.400,-4.750
[17:38:45.195] imu_att:-3.481,-8.604,-0.313,170.764,-21.132,-5.334
[17:38:45.235] imu_att:-3.454,-9.069,-0.329,170.179,-21.749,-6.040
[17:38:45.274] imu_att:-3.526,-9.918,-0.314,166.378,-25.229,-6.654
[17:38:45.314] imu_att:-3.540,-10.561,-0.267,162.747,-28.748,-7.176
[17:38:45.355] imu_att:-3.518,-11.251,-0.209,160.871,-30.826,-7.815
[17:38:45.394] imu_att:-3.319,-11.236,-0.201,159.137,-32.324,-8.380
[17:38:45.434] imu_att:-3.466,-12.250,-0.175,156.935,-34.995,-9.056
[17:38:45.475] imu_att:-3.483,-12.692,-0.127,152.318,-39.006,-9.649
[17:38:45.515] imu_att:-3.430,-12.822,-0.094,152.899,-39.581,-10.196
[17:38:45.555] imu_att:-3.308,-12.947,-0.119,152.247,-39.825,-10.867
[17:38:45.595] imu_att:-3.368,-13.089,-0.179,151.739,-40.287,-11.640
[17:38:45.635] imu_att:-3.445,-12.970,-0.216,153.939,-39.051,-12.327
[17:38:45.675] imu_att:-3.346,-12.516,-0.289,154.829,-38.046,-13.054
[17:38:45.715] imu_att:-3.413,-12.191,-0.380,157.119,-35.823,-13.799
[17:38:45.754] imu_att:-3.533,-11.835,-0.419,158.887,-34.219,-14.496
[17:38:45.794] imu_att:-3.556,-11.301,-0.412,160.786,-31.875,-15.084
[17:38:45.835] imu_att:-3.470,-10.575,-0.413,162.707,-30.068,-15.746
[17:38:45.875] imu_att:-3.468,-9.714,-0.435,167.397,-25.871,-16.500
[17:38:45.914] imu_att:-3.513,-8.841,-0.439,169.516,-23.034,-17.104
[17:38:45.954] imu_att:-3.359,-7.751,-0.486,174.967,-18.835,-17.806
[17:38:45.995] imu_att:-3.417,-6.872,-0.549,175.111,-17.462,-17.934
[17:38:46.035] imu_att:-3.559,-5.759,-0.563,179.032,-13.938,-17.549
[17:38:46.074] imu_att:-3.537,-4.034,-0.556,-177.506,-10.077,-16.952
[17:38:46.114] imu_att:-3.424,-2.376,-0.583,-175.645,-7.918,-16.442
[17:38:46.155] imu_att:-3.281,-0.697,-0.701,-170.693,-3.729,-16.020
[17:38:46.195] imu_att:-3.344,0.217,-0.831,-169.948,-2.553,-15.661
[17:38:46.234] imu_att:-3.454,1.214,-0.989,-168.956,-1.381,-15.220
[17:38:46.274] imu_att:-3.507,1.738,-1.117,-168.692,-0.669,-14.800
[17:38:46.315] imu_att:-3.682,2.734,-1.092,-166.886,1.556,-14.226
[17:38:46.355] imu_att:-3.647,1.769,-1.094,-168.367,-0.722,-13.676
[17:38:46.394] imu_att:-3.466,1.654,-1.104,-168.496,-0.878,-13.131
[17:38:46.434] imu_att:-3.507,1.878,-1.105,-167.427,0.024,-12.575
[17:38:46.475] imu_att:-3.520,2.042,-1.099,-167.941,-0.024,-12.011
[17:38:46.515] imu_att:-3.524,1.953,-1.098,-168.335,-0.302,-11.505
[17:38:46.554] imu_att:-3.511,2.027,-1.095,-167.251,0.249,-10.881
[17:38:46.594] imu_att:-3.499,2.228,-1.090,-168.653,-0.134,-10.368
[17:38:46.635] imu_att:-3.553,2.303,-1.099,-167.708,0.066,-9.751
[17:38:46.675] imu_att:-3.557,1.952,-1.103,-168.052,-0.071,-9.185
[17:38:46.714] imu_att:-3.555,1.846,-1.107,-167.719,-0.447,-8.616
[17:38:46.754] imu_att:-3.542,1.861,-1.108,-168.527,-0.671,-8.100
[17:38:46.795] imu_att:-3.524,1.695,-1.111,-168.594,-0.833,-7.467
[17:38:46.835] imu_att:-3.477,2.142,-1.109,-167.869,-0.395,-6.886
[17:38:46.874] imu_att:-3.517,2.716,-1.110,-166.309,1.348,-6.304
[17:38:46.914] imu_att:-3.537,2.255,-1.112,-168.284,0.405,-5.721
[17:38:46.955] imu_att:-3.553,2.003,-1.116,-168.807,-0.709,-5.139
[17:38:46.995] imu_att:-3.457,1.521,-1.114,-169.407,-1.414,-4.547
[17:38:47.034] imu_att:-3.439,2.099,-1.106,-168.832,-1.004,-3.970
[17:38:47.075] imu_att:-3.598,2.631,-1.110,-166.744,0.546,-3.380
[17:38:47.114] imu_att:-3.461,2.401,-1.100,-167.558,0.346,-2.833
[17:38:47.155] imu_att:-3.496,2.303,-1.095,-167.356,0.223,-2.296
[17:38:47.194] imu_att:-3.649,2.255,-1.108,-166.624,0.972,-1.776
[17:38:47.234] imu_att:-3.558,2.415,-1.129,-166.443,1.242,-1.290
[17:38:47.274] imu_att:-4.020,3.021,-1.101,-165.608,2.586,-0.701
[17:38:47.315] imu_att:-4.633,4.145,-1.197,-163.120,4.149,-0.130
[17:38:47.355] imu_att:-4.624,5.150,-1.384,-162.517,5.373,0.292
[17:38:47.394] imu_att:-3.843,5.267,-1.512,-163.316,4.564,0.714
[17:38:47.434] imu_att:-3.509,6.166,-1.599,-163.512,4.111,1.236
[17:38:47.475] imu_att:-3.557,8.513,-1.652,-161.331,6.067,1.838
[17:38:47.515] imu_att:-2.900,10.447,-1.595,-159.882,7.801,2.513
[17:38:47.554] imu_att:-3.735,11.727,-1.531,-158.887,8.540,3.198
[17:38:47.594] imu_att:-4.144,12.730,-1.529,-157.984,9.564,3.823
[17:38:47.635] imu_att:-4.111,13.483,-1.563,-158.719,9.178,4.414
[17:38:47.675] imu_att:-3.821,14.394,-1.583,-158.708,9.028,4.958
[17:38:47.714] imu_att:-3.841,15.961,-1.606,-158.069,9.579,5.628
[17:38:47.754] imu_att:-4.020,17.418,-1.665,-157.861,9.730,6.201
[17:38:47.795] imu_att:-3.689,18.790,-1.718,-157.458,10.211,6.782
[17:38:47.835] imu_att:-3.222,19.908,-1.708,-157.257,10.449,7.429
[17:38:47.874] imu_att:-3.169,20.772,-1.616,-158.523,9.694,8.065
[17:38:47.914] imu_att:-3.565,21.172,-1.551,-157.247,10.370,8.472
[17:38:47.954] imu_att:-4.250,21.535,-1.564,-157.648,10.343,8.883
[17:38:47.995] imu_att:-3.951,21.811,-1.618,-158.226,9.773,9.067
[17:38:48.035] imu_att:-3.378,22.308,-1.645,-158.612,9.142,9.138
[17:38:48.074] imu_att:-3.544,23.374,-1.653,-157.859,9.642,9.199
[17:38:48.114] imu_att:-3.468,23.980,-1.650,-158.116,9.695,9.310
[17:38:48.155] imu_att:-3.452,24.368,-1.632,-158.059,9.804,9.469
[17:38:48.195] imu_att:-3.220,24.294,-1.569,-157.911,10.264,9.699
[17:38:48.234] imu_att:-3.641,23.998,-1.492,-157.192,10.475,9.904
[17:38:48.274] imu_att:-3.900,23.895,-1.473,-157.348,10.483,10.073
[17:38:48.315] imu_att:-3.689,23.453,-1.464,-156.801,10.856,10.219
[17:38:48.355] imu_att:-3.472,22.576,-1.432,-157.094,10.620,10.363
[17:38:48.394] imu_att:-3.832,21.488,-1.416,-156.681,11.013,10.506
[17:38:48.434] imu_att:-4.027,20.027,-1.455,-156.674,10.907,10.574
[17:38:48.475] imu_att:-4.128,18.643,-1.531,-157.323,10.552,10.567
[17:38:48.515] imu_att:-3.539,17.609,-1.567,-157.728,10.306,10.563
[17:38:48.554] imu_att:-3.231,16.432,-1.519,-157.358,10.350,10.602
[17:38:48.594] imu_att:-3.588,15.218,-1.468,-157.432,10.484,10.663
[17:38:48.635] imu_att:-3.590,13.602,-1.400,-157.890,10.022,10.666
[17:38:48.675] imu_att:-3.887,12.249,-1.355,-158.379,9.397,10.582
[17:38:48.714] imu_att:-4.095,10.844,-1.344,-158.984,8.931,10.363
[17:38:48.754] imu_att:-3.888,9.875,-1.334,-159.752,8.190,10.056
[17:38:48.795] imu_att:-3.799,9.167,-1.311,-159.872,7.882,9.710
[17:38:48.835] imu_att:-4.133,8.513,-1.315,-160.043,7.717,9.408
[17:38:48.874] imu_att:-3.791,7.595,-1.304,-161.007,6.975,9.036
[17:38:48.914] imu_att:-4.068,6.953,-1.298,-161.406,6.729,8.676
[17:38:48.955] imu_att:-4.014,6.234,-1.295,-162.247,5.915,8.327
[17:38:48.995] imu_att:-3.897,5.430,-1.271,-162.551,5.269,7.835
[17:38:49.034] imu_att:-4.239,4.921,-1.278,-163.391,4.840,7.343
[17:38:49.074] imu_att:-4.062,4.413,-1.288,-163.980,4.095,6.819
[17:38:49.115] imu_att:-3.992,4.017,-1.294,-164.063,4.068,6.330
[17:38:49.155] imu_att:-4.065,3.740,-1.307,-165.180,2.902,5.810
[17:38:49.194] imu_att:-3.974,3.233,-1.311,-165.452,2.643,5.295
[17:38:49.234] imu_att:-4.168,3.274,-1.332,-165.696,2.168,4.751
[17:38:49.275] imu_att:-3.998,3.546,-1.337,-164.812,2.416,4.278
[17:38:49.315] imu_att:-3.931,3.302,-1.327,-164.561,3.265,4.071
[17:38:49.354] imu_att:-3.855,3.074,-1.296,-164.609,3.126,3.927
[17:38:49.394] imu_att:-4.264,3.063,-1.295,-165.084,2.377,3.686
[17:38:49.435] imu_att:-4.300,2.921,-1.329,-165.519,2.277,3.356
[17:38:49.475] imu_att:-4.015,2.842,-1.344,-165.998,1.945,3.142
[17:38:49.514] imu_att:-3.887,2.874,-1.342,-165.387,2.232,2.983
[17:38:49.554] imu_att:-4.055,2.844,-1.346,-165.478,2.236,2.821
[17:38:49.595] imu_att:-3.921,2.757,-1.344,-166.876,1.359,2.653
[17:38:49.635] imu_att:-3.920,2.734,-1.347,-165.474,2.219,2.464
[17:38:49.674] imu_att:-3.889,2.728,-1.343,-166.287,1.729,2.374
[17:38:49.714] imu_att:-4.026,2.803,-1.341,-166.375,1.555,2.282
[17:38:49.754] imu_att:-3.881,2.753,-1.349,-166.061,1.824,2.205
[17:38:49.795] imu_att:-3.660,2.558,-1.356,-166.357,1.501,2.098
[17:38:49.834] imu_att:-3.588,2.506,-1.359,-168.286,0.158,1.875
[17:38:49.874] imu_att:-3.598,2.550,-1.360,-166.444,1.048,1.628
[17:38:49.915] imu_att:-3.618,2.524,-1.352,-166.969,0.584,1.434
[17:38:49.955] imu_att:-3.377,2.500,-1.313,-168.024,-0.100,1.239
[17:38:49.994] imu_att:-3.728,2.370,-1.295,-167.525,0.207,1.050
[17:38:50.034] imu_att:-3.698,2.204,-1.302,-167.988,0.105,0.917
[17:38:50.075] imu_att:-3.608,2.266,-1.305,-167.927,0.242,0.806
[17:38:50.115] imu_att:-3.578,2.233,-1.306,-167.708,0.035,0.664
[17:38:50.154] imu_att:-3.578,2.160,-1.306,-167.743,0.035,0.537
[17:38:50.194] imu_att:-3.589,2.233,-1.308,-167.729,0.107,0.457
[17:38:50.235] imu_att:-3.658,2.135,-1.315,-168.375,-0.425,0.330
[17:38:50.275] imu_att:-3.576,2.011,-1.317,-167.965,-0.243,0.186
[17:38:50.314] imu_att:-3.568,2.198,-1.319,-168.310,-0.368,0.091
[17:38:50.354] imu_att:-3.575,2.217,-1.318,-167.879,0.152,0.086
[17:38:50.394] imu_att:-3.571,2.067,-1.317,-167.742,0.145,0.165
[17:38:50.435] imu_att:-3.580,1.733,-1.321,-168.834,-0.862,0.031
[17:38:50.474] imu_att:-3.608,2.201,-1.319,-167.494,0.323,-0.024
[17:38:50.514] imu_att:-3.587,2.367,-1.320,-167.280,0.250,-0.003
[17:38:50.554] imu_att:-3.580,2.226,-1.321,-167.573,0.301,0.053
[17:38:50.595] imu_att:-3.582,2.158,-1.321,-167.812,0.011,0.062
[17:38:50.634] imu_att:-3.585,2.105,-1.321,-167.649,-0.231,-0.021
[17:38:50.674] imu_att:-3.580,2.140,-1.323,-167.090,0.253,0.001
[17:38:50.714] imu_att:-3.589,2.144,-1.324,-167.913,-0.006,0.054
[17:38:50.755] imu_att:-3.588,2.119,-1.324,-168.086,-0.219,0.023
[17:38:50.795] imu_att:-3.604,2.119,-1.326,-168.034,-0.005,0.013
[17:38:50.834] imu_att:-3.568,2.127,-1.328,-167.999,-0.120,0.006
[17:38:50.874] imu_att:-3.571,2.150,-1.329,-168.771,-0.410,-0.032
[17:38:50.915] imu_att:-3.571,2.117,-1.331,-168.384,-0.140,-0.071
[17:38:50.955] imu_att:-3.585,2.130,-1.332,-168.112,-0.187,-0.121
[17:38:50.994] imu_att:-3.600,2.136,-1.333,-167.608,0.021,-0.148
[17:38:51.034] imu_att:-3.578,2.124,-1.335,-168.147,-0.083,-0.116
[17:38:51.075] imu_att:-3.555,2.122,-1.336,-168.533,-0.774,-0.194
[17:38:51.115] imu_att:-3.578,2.139,-1.336,-168.892,-1.078,-0.310
[17:38:51.154] imu_att:-3.579,2.130,-1.336,-169.116,-0.688,-0.386
[17:38:51.194] imu_att:-3.569,2.119,-1.337,-168.043,-0.286,-0.464
[17:38:51.235] imu_att:-3.583,2.118,-1.335,-168.385,-0.331,-0.425
[17:38:51.274] imu_att:-3.584,2.117,-1.334,-168.231,-0.457,-0.437
[17:38:51.314] imu_att:-3.584,2.124,-1.334,-169.347,-1.183,-0.503
[17:38:51.354] imu_att:-3.565,2.128,-1.335,-168.446,-0.606,-0.581
[17:38:51.395] imu_att:-3.570,2.133,-1.335,-168.096,-0.548,-0.537
[17:38:51.435] imu_att:-3.565,2.130,-1.335,-168.095,-0.235,-0.479
[17:38:51.474] imu_att:-3.561,2.136,-1.336,-167.974,-0.221,-0.439
[17:38:51.514] imu_att:-3.560,2.134,-1.336,-169.055,-0.793,-0.422
[17:38:51.555] imu_att:-3.566,2.131,-1.338,-168.335,-0.572,-0.438
[17:38:51.595] imu_att:-3.585,2.136,-1.338,-167.400,0.257,-0.385
[17:38:51.634] imu_att:-3.594,2.139,-1.339,-168.267,-0.491,-0.337
[17:38:51.674] imu_att:-3.594,2.133,-1.340,-167.360,-0.197,-0.355
[17:38:51.715] imu_att:-3.578,2.122,-1.341,-168.160,-0.245,-0.282
[17:38:51.755] imu_att:-3.576,2.133,-1.341,-166.835,0.244,-0.293
[17:38:51.794] imu_att:-3.578,2.119,-1.341,-167.909,-0.048,-0.230
[17:38:51.834] imu_att:-3.601,2.114,-1.340,-167.866,-0.155,-0.223
[17:38:51.875] imu_att:-3.578,2.102,-1.342,-167.919,-0.098,-0.180
[17:38:51.914] imu_att:-3.577,2.117,-1.340,-167.693,-0.542,-0.225
[17:38:51.954] imu_att:-3.579,2.120,-1.341,-168.450,-0.349,-0.217
[17:38:51.994] imu_att:-3.569,2.113,-1.342,-168.151,-0.106,-0.208
[17:38:52.035] imu_att:-3.581,2.115,-1.343,-167.396,0.136,-0.201
[17:38:52.075] imu_att:-3.568,2.123,-1.345,-167.830,-0.117,-0.197
[17:38:52.114] imu_att:-3.563,2.154,-1.346,-168.191,-0.164,-0.183
[17:38:52.154] imu_att:-3.566,2.142,-1.345,-167.921,-0.080,-0.166
[17:38:52.195] imu_att:-3.580,2.128,-1.345,-169.087,-1.168,-0.272
[17:38:52.235] imu_att:-3.576,2.122,-1.345,-167.918,-0.196,-0.345
[17:38:52.274] imu_att:-3.582,2.136,-1.346,-167.507,0.159,-0.296
[17:38:52.314] imu_att:-3.576,2.113,-1.346,-168.038,-0.138,-0.242
[17:38:52.355] imu_att:-3.560,2.126,-1.346,-168.209,-0.255,-0.239
[17:38:52.395] imu_att:-3.564,2.133,-1.345,-169.156,-0.669,-0.303
[17:38:52.435] imu_att:-3.556,2.127,-1.346,-168.670,-0.528,-0.341
[17:38:52.474] imu_att:-3.575,2.106,-1.346,-168.526,-0.446,-0.326
[17:38:52.515] imu_att:-3.566,2.112,-1.346,-167.347,0.063,-0.374
[17:38:52.555] imu_att:-3.565,2.112,-1.346,-167.637,0.211,-0.233
[17:38:52.594] imu_att:-3.556,2.113,-1.346,-168.113,-0.416,-0.248
[17:38:52.634] imu_att:-3.559,2.120,-1.346,-168.898,-0.979,-0.339
[17:38:52.675] imu_att:-3.552,2.128,-1.346,-168.432,-0.544,-0.409
[17:38:52.715] imu_att:-3.557,2.119,-1.347,-167.951,-0.295,-0.429
[17:38:52.754] imu_att:-3.548,2.129,-1.347,-168.084,-0.133,-0.370
[17:38:52.794] imu_att:-3.559,2.124,-1.348,-168.201,-0.365,-0.354
[17:38:52.835] imu_att:-3.563,2.120,-1.347,-167.478,-0.172,-0.304
[17:38:52.875] imu_att:-3.562,2.126,-1.347,-168.127,-0.471,-0.309
[17:38:52.914] imu_att:-3.565,2.122,-1.348,-168.159,-0.499,-0.345
[17:38:52.954] imu_att:-3.569,2.122,-1.348,-168.067,-0.306,-0.357
[17:38:52.994] imu_att:-3.568,2.116,-1.347,-168.282,-0.143,-0.285
[17:38:53.035] imu_att:-3.574,2.107,-1.348,-167.715,-0.272,-0.312
[17:38:53.075] imu_att:-3.562,2.128,-1.349,-167.639,-0.021,-0.292
[17:38:53.114] imu_att:-3.555,2.122,-1.351,-168.570,-0.321,-0.257
[17:38:53.154] imu_att:-3.556,2.113,-1.352,-168.405,-0.693,-0.349
[17:38:53.195] imu_att:-3.554,2.120,-1.353,-168.003,-0.350,-0.384
[17:38:53.235] imu_att:-3.558,2.126,-1.353,-168.053,-0.214,-0.354
[17:38:53.274] imu_att:-3.546,2.123,-1.354,-167.912,-0.175,-0.324
[17:38:53.315] imu_att:-3.546,2.135,-1.355,-167.778,-0.268,-0.337
[17:38:53.355] imu_att:-3.557,2.125,-1.353,-168.026,-0.680,-0.323
[17:38:53.394] imu_att:-3.561,2.130,-1.354,-167.360,0.109,-0.327
[17:38:53.434] imu_att:-3.551,2.126,-1.356,-168.032,-0.248,-0.276
[17:38:53.474] imu_att:-3.565,2.121,-1.354,-168.169,-0.444,-0.311
[17:38:53.515] imu_att:-3.571,2.120,-1.355,-167.442,-0.134,-0.310
[17:38:53.555] imu_att:-3.573,2.123,-1.355,-168.436,-0.268,-0.253
[17:38:53.594] imu_att:-3.556,2.111,-1.357,-168.307,-0.257,-0.264
[17:38:53.634] imu_att:-3.563,2.126,-1.356,-168.293,-0.501,-0.300
[17:38:53.675] imu_att:-3.556,2.125,-1.356,-168.507,-0.614,-0.304
[17:38:53.715] imu_att:-3.557,2.117,-1.357,-168.641,-0.807,-0.391
[17:38:53.754] imu_att:-3.541,2.117,-1.357,-168.438,-0.527,-0.429
[17:38:53.794] imu_att:-3.546,2.120,-1.357,-167.982,-0.422,-0.462
[17:38:53.835] imu_att:-3.544,2.116,-1.356,-168.118,-0.239,-0.418
[17:38:53.875] imu_att:-3.561,2.117,-1.355,-168.289,-0.539,-0.428
[17:38:53.914] imu_att:-3.566,2.116,-1.354,-167.919,-0.006,-0.409
[17:38:53.954] imu_att:-3.572,2.115,-1.356,-168.284,-0.228,-0.345
[17:38:53.995] imu_att:-3.574,2.118,-1.356,-167.623,-0.231,-0.341
[17:38:54.035] imu_att:-3.553,2.122,-1.356,-168.858,-0.453,-0.316
[17:38:54.074] imu_att:-3.567,2.124,-1.358,-167.294,0.125,-0.293
[17:38:54.114] imu_att:-3.559,2.107,-1.358,-167.358,0.227,-0.239
