# Serial Log - 2026-04-11T11:43:43.446613
# Port: COM24 @ 115200bps
#============================================================
[11:43:43.485] 25273.00,-3801.00,-15.00
[11:43:43.525] 25262.00,-3801.00,-20.00
[11:43:43.564] 25281.00,-3806.00,-15.00
[11:43:43.591] 25281.00,-3798.00,-22.00
[11:43:43.645] 25267.00,-3791.00,161.00
[11:43:43.685] 25262.00,-3793.00,-27.00
[11:43:43.726] 25247.00,-3803.00,-15.00
[11:43:43.766] 25247.00,-3803.00,-22.00
[11:43:43.805] 25276.00,-3788.00,-25.00
[11:43:43.845] 25296.00,-3806.00,-22.00
[11:43:43.883] 25257.00,-3803.00,-20.00
[11:43:43.927] 25262.00,-3812.00,-30.00
[11:43:43.963] 25265.00,-3798.00,-22.00
[11:43:44.005] 25273.00,-3820.00,-10.00
[11:43:44.045] 25276.00,-3806.00,-48.00
[11:43:44.085] 25273.00,-3801.00,-43.00
[11:43:44.124] 25257.00,-3777.00,-25.00
[11:43:44.165] 25291.00,-3825.00,-22.00
[11:43:44.206] 25260.00,-3791.00,-32.00
[11:43:44.244] 25283.00,-3798.00,-20.00
[11:43:44.285] 25306.00,-3825.00,-48.00
[11:43:44.325] 25273.00,-3810.00,-48.00
[11:43:44.363] 25260.00,-3793.00,-17.00
[11:43:44.404] 25257.00,-3810.00,-12.00
[11:43:44.447] 25240.00,-3798.00,-17.00
[11:43:44.485] 25296.00,-3817.00,-25.00
[11:43:44.523] 25257.00,-3820.00,-27.00
[11:43:44.565] 25270.00,-3806.00,-17.00
[11:43:44.606] 25262.00,-3803.00,-22.00
[11:43:44.646] 25291.00,-3812.00,-25.00
[11:43:44.685] 25288.00,-3810.00,-43.00
[11:43:44.725] 25245.00,-3801.00,-46.00
[11:43:44.767] 25255.00,-3815.00,-32.00
[11:43:44.807] 25252.00,-3786.00,-15.00
[11:43:44.845] 25257.00,-3796.00,-27.00
[11:43:44.885] 25267.00,-3806.00,-53.00
[11:43:44.926] 25301.00,-3803.00,-25.00
[11:43:44.965] 25276.00,-3775.00,-20.00
[11:43:45.005] 25270.00,-3803.00,-27.00
[11:43:45.032] 25250.00,-3806.00,-46.00
[11:43:45.085] 25265.00,-3810.00,-27.00
[11:43:45.124] 25265.00,-3801.00,167.00
[11:43:45.165] 25265.00,-3801.00,167.00
[11:43:45.205] 25260.00,-3793.00,-25.00
[11:43:45.246] 25260.00,-3812.00,-20.00
[11:43:45.284] 25260.00,-3812.00,-22.00
[11:43:45.325] 25265.00,-3798.00,-15.00
[11:43:45.363] 25298.00,-3815.00,-37.00
[11:43:45.392] 25252.00,-3793.00,-25.00
[11:43:45.444] 25257.00,-3827.00,-43.00
[11:43:45.485] 25276.00,-3801.00,-30.00
[11:43:45.527] 25262.00,-3817.00,-25.00
[11:43:45.565] 25270.00,-3806.00,-30.00
[11:43:45.607] 25283.00,-3798.00,-27.00
[11:43:45.644] 25260.00,-3812.00,-30.00
[11:43:45.684] 25288.00,-3806.00,-27.00
[11:43:45.723] 25257.00,-3786.00,-22.00
[11:43:45.764] 25291.00,-3803.00,-10.00
[11:43:45.804] 25286.00,-3801.00,-35.00
[11:43:45.844] 25276.00,-3796.00,-48.00
[11:43:45.883] 25235.00,-3810.00,-30.00
[11:43:45.924] 25281.00,-3801.00,-27.00
[11:43:45.966] 25260.00,-3598.00,-35.00
[11:43:46.006] 25260.00,-3825.00,-27.00
[11:43:46.044] 25303.00,-3820.00,-17.00
[11:43:46.085] 25270.00,-3817.00,-12.00
[11:43:46.125] 25265.00,-3793.00,-37.00
[11:43:46.165] 25286.00,-3801.00,-25.00
[11:43:46.205] 25260.00,-3791.00,-25.00
[11:43:46.245] 25293.00,-3820.00,-27.00
[11:43:46.284] 25267.00,-3791.00,-15.00
[11:43:46.325] 25257.00,-3806.00,-20.00
[11:43:46.350] 25247.00,-3810.00,-41.00
[11:43:46.406] 25260.00,-3815.00,-7.00
[11:43:46.444] 25291.00,-3791.00,-25.00
[11:43:46.486] 25293.00,-3803.00,-46.00
[11:43:46.523] 25257.00,-3788.00,-22.00
[11:43:46.563] 25262.00,-3801.00,-35.00
[11:43:46.604] 25273.00,-3798.00,-35.00
[11:43:46.646] 25265.00,-3812.00,-25.00
[11:43:46.683] 25265.00,-3812.00,-25.00
[11:43:46.723] 25240.00,-3793.00,-37.00
[11:43:46.763] 25270.00,-3788.00,-27.00
[11:43:46.804] 25270.00,-3791.00,-15.00
[11:43:46.846] 25265.00,-3801.00,-35.00
[11:43:46.886] 25260.00,-3806.00,-30.00
[11:43:46.924] 25247.00,-3796.00,0.00
[11:43:46.964] 25270.00,-3810.00,-27.00
[11:43:47.004] 25267.00,-3793.00,-7.00
[11:43:47.046] 25265.00,-3812.00,-43.00
[11:43:47.084] 25270.00,-3810.00,-27.00
[11:43:47.124] 25260.00,-3820.00,-27.00
[11:43:47.166] 25273.00,-3822.00,-37.00
[11:43:47.203] 25255.00,-3822.00,-20.00
[11:43:47.245] 25262.00,-3812.00,-35.00
[11:43:47.284] 25273.00,-3801.00,-25.00
[11:43:47.328] 25247.00,-3801.00,-25.00
[11:43:47.363] 25245.00,-3798.00,-35.00
[11:43:47.404] 25255.00,-3796.00,-25.00
[11:43:47.443] 25257.00,-3822.00,-51.00
[11:43:47.487] 25270.00,-3810.00,-15.00
[11:43:47.523] 25252.00,-3806.00,-25.00
[11:43:47.568] 25260.00,-3791.00,-32.00
[11:43:47.605] 25270.00,-3786.00,-37.00
[11:43:47.648] 25273.00,-3815.00,-32.00
[11:43:47.687] 25293.00,-3803.00,-22.00
[11:43:47.723] 25260.00,-3812.00,-37.00
[11:43:47.764] 25293.00,-3815.00,-27.00
[11:43:47.804] 25247.00,-3815.00,-20.00
[11:43:47.844] 25257.00,-3812.00,-30.00
[11:43:47.885] 25257.00,-3810.00,0.00
[11:43:47.923] 25265.00,-3793.00,-27.00
[11:43:47.964] 25265.00,-3796.00,-20.00
[11:43:48.004] 25296.00,-3801.00,-5.00
[11:43:48.045] 25296.00,-3806.00,-53.00
[11:43:48.086] 25267.00,-3798.00,-48.00
[11:43:48.125] 25252.00,-3803.00,0.00
[11:43:48.166] 25288.00,-3822.00,-32.00
[11:43:48.203] 25298.00,-3803.00,-27.00
[11:43:48.243] 25252.00,-3791.00,-22.00
[11:43:48.283] 25257.00,-3812.00,-22.00
[11:43:48.328] 25255.00,-3812.00,-15.00
[11:43:48.364] 25260.00,-3803.00,-32.00
[11:43:48.406] 25276.00,-3798.00,293.00
[11:43:48.443] 25298.00,-3810.00,-27.00
[11:43:48.482] 25265.00,-3810.00,-30.00
[11:43:48.524] 25257.00,-3820.00,-30.00
[11:43:48.565] 25278.00,-3817.00,-15.00
[11:43:48.605] 25257.00,-3793.00,0.00
[11:43:48.644] 25288.00,-3803.00,-22.00
[11:43:48.672] 25288.00,-3803.00,-22.00
[11:43:48.725] 25245.00,-3798.00,-37.00
[11:43:48.765] 25270.00,-3822.00,-25.00
[11:43:48.804] 25267.00,-3796.00,-17.00
[11:43:48.846] 25276.00,-3806.00,-20.00
[11:43:48.883] 25293.00,-3820.00,-43.00
[11:43:48.923] 25267.00,-3825.00,-32.00
[11:43:48.966] 25265.00,-3815.00,-37.00
[11:43:49.006] 25270.00,-3801.00,-27.00
[11:43:49.046] 25270.00,-3812.00,-15.00
[11:43:49.087] 25257.00,-3827.00,-27.00
[11:43:49.123] 25260.00,-3798.00,-17.00
[11:43:49.164] 25303.00,-3815.00,-20.00
[11:43:49.204] 25242.00,-3806.00,-35.00
[11:43:49.243] 25255.00,-3782.00,-46.00
[11:43:49.285] 25260.00,-3806.00,-27.00
[11:43:49.325] 25296.00,-3815.00,-41.00
[11:43:49.367] 25276.00,-3788.00,-37.00
[11:43:49.403] 25281.00,-3791.00,-22.00
[11:43:49.445] 25273.00,-3791.00,-25.00
[11:43:49.485] 25250.00,-3822.00,-25.00
[11:43:49.526] 25273.00,-3791.00,-20.00
[11:43:49.564] 25278.00,-3803.00,-30.00
[11:43:49.591] 25270.00,-3812.00,-30.00
[11:43:49.644] 25267.00,-3630.00,-22.00
[11:43:49.678] 25257.00,-3791.00,-30.00
[11:43:49.726] 25262.00,-3810.00,-22.00
[11:43:49.765] 25276.00,-3830.00,-25.00
[11:43:49.803] 25235.00,-3803.00,-25.00
[11:43:49.845] 25286.00,-3798.00,-12.00
[11:43:49.884] 25257.00,-3798.00,0.00
[11:43:49.923] 25260.00,-3806.00,-37.00
[11:43:49.963] 25291.00,-3830.00,-43.00
[11:43:49.990] 25255.00,-3820.00,-35.00
[11:43:50.047] 25262.00,-3788.00,-25.00
[11:43:50.085] 25265.00,-3810.00,-22.00
[11:43:50.126] 25252.00,-3817.00,-25.00
[11:43:50.165] 25286.00,-3798.00,-22.00
[11:43:50.205] 25296.00,-3812.00,-25.00
[11:43:50.246] 25257.00,-3836.00,-15.00
[11:43:50.283] 25267.00,-3796.00,-25.00
[11:43:50.323] 25252.00,-3798.00,-25.00
[11:43:50.364] 25273.00,-3803.00,-20.00
[11:43:50.406] 25262.00,-3836.00,-35.00
[11:43:50.447] 25293.00,-3806.00,-41.00
[11:43:50.483] 25262.00,-3822.00,-51.00
[11:43:50.524] 25260.00,-3815.00,-32.00
[11:43:50.565] 25276.00,-3820.00,-22.00
[11:43:50.605] 25270.00,-3810.00,-7.00
[11:43:50.646] 25293.00,-3827.00,-48.00
[11:43:50.684] 25257.00,-3822.00,-43.00
[11:43:50.724] 25255.00,-3796.00,-25.00
[11:43:50.766] 25257.00,-3796.00,-35.00
[11:43:50.803] 25265.00,-3815.00,-22.00
[11:43:50.831] 25298.00,-3791.00,-25.00
[11:43:50.882] 25260.00,-3801.00,-27.00
[11:43:50.924] 25273.00,-3817.00,0.00
[11:43:50.965] 25250.00,-3812.00,-22.00
[11:43:51.003] 25262.00,-3817.00,-17.00
[11:43:51.045] 25262.00,-3801.00,-37.00
[11:43:51.084] 25267.00,-3796.00,-22.00
[11:43:51.125] 25267.00,-3563.00,-27.00
[11:43:51.163] 25288.00,-3810.00,-22.00
[11:43:51.204] 25257.00,-3833.00,-32.00
[11:43:51.246] 25240.00,-3585.00,-30.00
[11:43:51.286] 25291.00,-3820.00,-22.00
[11:43:51.323] 25267.00,-3815.00,-30.00
[11:43:51.364] 25255.00,-3793.00,-51.00
[11:43:51.404] 25262.00,-3798.00,-25.00
[11:43:51.445] 25276.00,-3793.00,-5.00
[11:43:51.485] 25270.00,-3815.00,-25.00
[11:43:51.525] 25291.00,-3817.00,-56.00
[11:43:51.564] 25252.00,-3796.00,-58.00
[11:43:51.604] 25270.00,-3815.00,-10.00
[11:43:51.643] 25262.00,-3803.00,-46.00
[11:43:51.685] 25293.00,-3820.00,-30.00
[11:43:51.726] 25296.00,-3793.00,-20.00
[11:43:51.766] 25262.00,-3801.00,-27.00
[11:43:51.805] 25265.00,-3803.00,-2.00
[11:43:51.843] 25262.00,-3791.00,-32.00
[11:43:51.885] 25270.00,-3822.00,-25.00
[11:43:51.922] 25273.00,-3780.00,-35.00
[11:43:51.964] 25301.00,-3820.00,-25.00
[11:43:52.005] 25273.00,-3810.00,-35.00
[11:43:52.045] 25257.00,-3791.00,-22.00
[11:43:52.082] 25281.00,-3793.00,-20.00
[11:43:52.126] 25273.00,-3788.00,-41.00
[11:43:52.163] 25293.00,-3812.00,-25.00
[11:43:52.205] 25260.00,-3833.00,-37.00
[11:43:52.242] 25262.00,-3801.00,-41.00
[11:43:52.286] 25270.00,-3810.00,-30.00
[11:43:52.328] 25267.00,-3815.00,-27.00
[11:43:52.365] 25260.00,-3815.00,-17.00
[11:43:52.405] 25301.00,-3812.00,-30.00
[11:43:52.444] 25257.00,-3827.00,-41.00
[11:43:52.485] 25257.00,-3793.00,-22.00
[11:43:52.523] 25267.00,-3566.00,-46.00
[11:43:52.565] 25267.00,-3806.00,-25.00
[11:43:52.604] 25265.00,-3810.00,-17.00
[11:43:52.645] 25262.00,-3803.00,-22.00
[11:43:52.685] 25288.00,-3815.00,-32.00
[11:43:52.726] 25255.00,-3812.00,165.00
[11:43:52.762] 25250.00,-3803.00,-35.00
[11:43:52.793] 25270.00,-3796.00,-20.00
[11:43:52.845] 25298.00,-3796.00,-27.00
[11:43:52.885] 25283.00,-3803.00,-17.00
[11:43:52.925] 25255.00,-3812.00,-37.00
[11:43:52.965] 25255.00,-3822.00,-53.00
[11:43:53.005] 25260.00,-3796.00,-35.00
[11:43:53.045] 25267.00,-3815.00,-20.00
[11:43:53.085] 25265.00,-3803.00,-22.00
[11:43:53.122] 25260.00,-3803.00,-22.00
[11:43:53.165] 25288.00,-3820.00,-25.00
[11:43:53.206] 25267.00,-3812.00,-22.00
[11:43:53.245] 25247.00,-3798.00,-30.00
[11:43:53.282] 25262.00,-3806.00,-46.00
[11:43:53.326] 25257.00,-3812.00,-17.00
[11:43:53.363] 25262.00,-3798.00,-30.00
[11:43:53.405] 25260.00,-3803.00,-30.00
[11:43:53.442] 25276.00,-3803.00,-27.00
[11:43:53.484] 25293.00,-3815.00,-27.00
[11:43:53.525] 25288.00,-3791.00,-27.00
[11:43:53.565] 25257.00,-3796.00,-17.00
[11:43:53.605] 25276.00,-3793.00,-30.00
[11:43:53.644] 25265.00,-3803.00,-25.00
[11:43:53.683] 25288.00,-3817.00,-25.00
[11:43:53.725] 25296.00,-3830.00,-27.00
[11:43:53.763] 25262.00,-3833.00,-25.00
[11:43:53.805] 25255.00,-3815.00,-35.00
[11:43:53.844] 25273.00,-3796.00,-48.00
[11:43:53.883] 25262.00,-3798.00,-15.00
[11:43:53.923] 25293.00,-3820.00,-22.00
[11:43:53.964] 25293.00,-3817.00,-41.00
[11:43:54.005] 25270.00,-3812.00,-30.00
[11:43:54.045] 25273.00,-3786.00,-22.00
[11:43:54.086] 25262.00,-3788.00,-30.00
[11:43:54.123] 25262.00,-3798.00,-17.00
[11:43:54.166] 25291.00,-3815.00,158.00
[11:43:54.204] 25260.00,-3815.00,165.00
[11:43:54.243] 25247.00,-3822.00,-43.00
[11:43:54.286] 25242.00,-3810.00,-27.00
[11:43:54.322] 25265.00,-3770.00,-12.00
[11:43:54.363] 25296.00,-3817.00,0.00
[11:43:54.406] 25291.00,-3812.00,-32.00
[11:43:54.443] 25262.00,-3803.00,-25.00
[11:43:54.482] 25262.00,-3803.00,-27.00
[11:43:54.524] 25260.00,-3815.00,-46.00
[11:43:54.565] 25265.00,-3812.00,-51.00
[11:43:54.592] 25276.00,-3830.00,-43.00
[11:43:54.644] 25255.00,-3803.00,-15.00
[11:43:54.684] 25293.00,-3815.00,-20.00
[11:43:54.725] 25270.00,-3777.00,-17.00
[11:43:54.763] 25270.00,-3822.00,-37.00
[11:43:54.806] 25296.00,-3815.00,-27.00
[11:43:54.842] 25255.00,-3815.00,-22.00
[11:43:54.885] 25267.00,-3775.00,-37.00
[11:43:54.924] 25262.00,-3798.00,-27.00
[11:43:54.963] 25257.00,-3793.00,-20.00
[11:43:55.005] 25262.00,-3780.00,-43.00
[11:43:55.046] 25293.00,-3827.00,-25.00
[11:43:55.083] 25267.00,-3812.00,-22.00
[11:43:55.123] 25257.00,-3806.00,-22.00
[11:43:55.164] 25298.00,-3812.00,-25.00
[11:43:55.204] 25262.00,-3791.00,151.00
[11:43:55.245] 25288.00,-3801.00,-20.00
[11:43:55.285] 25267.00,-3810.00,-25.00
[11:43:55.324] 25270.00,-3822.00,-25.00
[11:43:55.364] 25250.00,-3815.00,-27.00
[11:43:55.403] 25278.00,-3812.00,-25.00
[11:43:55.443] 25276.00,-3801.00,-17.00
[11:43:55.484] 25288.00,-3822.00,-20.00
[11:43:55.524] 25260.00,-3825.00,-27.00
[11:43:55.566] 25267.00,-3812.00,-30.00
[11:43:55.605] 25262.00,-3793.00,-12.00
[11:43:55.645] 25276.00,-3796.00,-17.00
[11:43:55.682] 25301.00,-3786.00,-43.00
[11:43:55.726] 25270.00,-3777.00,-41.00
[11:43:55.766] 25267.00,-3801.00,-25.00
[11:43:55.807] 25276.00,-3812.00,-37.00
[11:43:55.843] 25278.00,-3793.00,-17.00
[11:43:55.886] 25257.00,-3803.00,-22.00
[11:43:55.923] 25286.00,-3593.00,-25.00
[11:43:55.965] 25260.00,-3585.00,-32.00
[11:43:56.005] 25262.00,-3812.00,-27.00
[11:43:56.043] 25257.00,-3812.00,-37.00
[11:43:56.084] 25278.00,-3803.00,-27.00
[11:43:56.126] 25265.00,-3782.00,-43.00
[11:43:56.163] 25267.00,-3786.00,-51.00
[11:43:56.204] 25232.00,-3825.00,-27.00
[11:43:56.246] 25252.00,-3798.00,-10.00
[11:43:56.283] 25276.00,-3782.00,-27.00
[11:43:56.312] 25276.00,-3786.00,-20.00
[11:43:56.364] 25296.00,-3798.00,-20.00
[11:43:56.406] 25262.00,-3806.00,-30.00
[11:43:56.443] 25250.00,-3827.00,-35.00
[11:43:56.486] 25270.00,-3803.00,-32.00
[11:43:56.523] 25267.00,-3810.00,0.00
[11:43:56.563] 25262.00,-3822.00,-25.00
[11:43:56.606] 25237.00,-3806.00,-27.00
[11:43:56.645] 25265.00,-3806.00,-22.00
[11:43:56.684] 25296.00,-3815.00,-37.00
[11:43:56.722] 25257.00,-3815.00,-17.00
[11:43:56.766] 25260.00,-3782.00,-37.00
[11:43:56.805] 25296.00,-3791.00,-30.00
[11:43:56.846] 25255.00,-3793.00,-12.00
[11:43:56.882] 25257.00,-3822.00,-22.00
[11:43:56.924] 25262.00,-3812.00,-32.00
[11:43:56.963] 25262.00,-3788.00,-20.00
[11:43:57.005] 25265.00,-3796.00,-20.00
[11:43:57.043] 25278.00,-3806.00,-25.00
[11:43:57.086] 25281.00,-3801.00,-27.00
[11:43:57.125] 25252.00,-3815.00,-15.00
[11:43:57.165] 25296.00,-3812.00,-22.00
[11:43:57.203] 25288.00,-3817.00,-25.00
[11:43:57.243] 25247.00,-3806.00,-17.00
[11:43:57.287] 25252.00,-3803.00,-41.00
[11:43:57.325] 25260.00,-3782.00,0.00
[11:43:57.365] 25257.00,-3793.00,-25.00
[11:43:57.404] 25283.00,-3815.00,-27.00
[11:43:57.444] 25296.00,-3820.00,-20.00
[11:43:57.485] 25265.00,-3810.00,-25.00
[11:43:57.525] 25257.00,-3803.00,-27.00
[11:43:57.563] 25252.00,-3796.00,-43.00
[11:43:57.604] 25262.00,-3798.00,-17.00
[11:43:57.644] 25286.00,-3798.00,-43.00
[11:43:57.684] 25286.00,-3798.00,-43.00
[11:43:57.724] 25247.00,-3798.00,-7.00
[11:43:57.766] 25260.00,-3788.00,165.00
[11:43:57.803] 25260.00,-3780.00,-7.00
[11:43:57.846] 25270.00,-3803.00,-15.00
[11:43:57.884] 25293.00,-3691.00,-27.00
[11:43:57.922] 25262.00,-3675.00,-35.00
[11:43:57.963] 25273.00,-3815.00,-7.00
[11:43:58.005] 25260.00,-3812.00,-25.00
[11:43:58.045] 25265.00,-3798.00,-22.00
[11:43:58.084] 25260.00,-3801.00,-27.00
[11:43:58.125] 25260.00,-3803.00,-25.00
[11:43:58.165] 25260.00,-3801.00,165.00
[11:43:58.206] 25260.00,-3772.00,-22.00
[11:43:58.244] 25260.00,-3788.00,-27.00
[11:43:58.284] 25257.00,-3812.00,-30.00
[11:43:58.323] 25286.00,-3825.00,-25.00
[11:43:58.365] 25262.00,-3798.00,-43.00
[11:43:58.404] 25262.00,-3796.00,-20.00
[11:43:58.446] 25270.00,-3806.00,-20.00
[11:43:58.485] 25257.00,-3825.00,-41.00
[11:43:58.526] 25260.00,-3820.00,-17.00
[11:43:58.565] 25293.00,-3803.00,-25.00
[11:43:58.602] 25260.00,-3791.00,-25.00
[11:43:58.645] 25267.00,-3812.00,-30.00
[11:43:58.684] 25293.00,-3796.00,-25.00
[11:43:58.726] 25252.00,-3812.00,-17.00
[11:43:58.767] 25306.00,-3815.00,-25.00
[11:43:58.806] 25273.00,-3815.00,-27.00
[11:43:58.845] 25265.00,-3796.00,5.00
[11:43:58.885] 25250.00,-3793.00,-25.00
[11:43:58.922] 25262.00,-3806.00,-22.00
[11:43:58.966] 25260.00,-3796.00,-20.00
[11:43:59.007] 25288.00,-3815.00,-27.00
[11:43:59.043] 25262.00,-3810.00,-22.00
[11:43:59.085] 25276.00,-3822.00,-12.00
[11:43:59.126] 25270.00,-3810.00,-22.00
[11:43:59.166] 25286.00,-3806.00,-43.00
[11:43:59.205] 25286.00,-3827.00,-15.00
[11:43:59.244] 25265.00,-3838.00,-25.00
[11:43:59.284] 25257.00,-3791.00,-43.00
[11:43:59.325] 25265.00,-3798.00,-25.00
[11:43:59.363] 25262.00,-3798.00,-43.00
[11:43:59.403] 25301.00,-3822.00,-25.00
[11:43:59.444] 25291.00,-3810.00,-30.00
[11:43:59.486] 25257.00,-3791.00,-22.00
[11:43:59.525] 25270.00,-3791.00,-37.00
[11:43:59.565] 25265.00,-3810.00,-7.00
[11:43:59.602] 25278.00,-3806.00,-35.00
[11:43:59.646] 25296.00,-3820.00,-25.00
[11:43:59.683] 25296.00,-3820.00,-25.00
[11:43:59.725] 25260.00,-3803.00,-25.00
[11:43:59.765] 25273.00,-3822.00,-27.00
[11:43:59.804] 25270.00,-3803.00,-25.00
[11:43:59.845] 25262.00,-3812.00,-30.00
[11:43:59.885] 25291.00,-3833.00,-20.00
[11:43:59.924] 25250.00,-3827.00,-35.00
[11:43:59.965] 25257.00,-3806.00,-10.00
[11:44:00.006] 25265.00,-3820.00,-17.00
[11:44:00.045] 25267.00,-3812.00,-35.00
[11:44:00.084] 25265.00,-3803.00,-37.00
[11:44:00.126] 25276.00,-3815.00,-12.00
[11:44:00.166] 25262.00,-3830.00,-37.00
[11:44:00.205] 25255.00,-3830.00,-10.00
[11:44:00.245] 25262.00,-3822.00,-20.00
[11:44:00.284] 25293.00,-3803.00,-20.00
[11:44:00.324] 25291.00,-3817.00,-30.00
[11:44:00.366] 25260.00,-3830.00,-27.00
[11:44:00.405] 25278.00,-3815.00,-20.00
[11:44:00.444] 25260.00,-3801.00,0.00
[11:44:00.485] 25247.00,-3801.00,-22.00
[11:44:00.524] 25288.00,-3817.00,-53.00
[11:44:00.565] 25301.00,-3812.00,-32.00
[11:44:00.603] 25260.00,-3798.00,-22.00
[11:44:00.644] 25273.00,-3827.00,-48.00
[11:44:00.671] 25288.00,-3815.00,-53.00
[11:44:00.725] 25291.00,-3801.00,-25.00
[11:44:00.763] 25270.00,-3788.00,-22.00
[11:44:00.805] 25260.00,-3806.00,-22.00
[11:44:00.846] 25262.00,-3820.00,-30.00
[11:44:00.886] 25276.00,-3817.00,-25.00
[11:44:00.925] 25260.00,-3830.00,-22.00
[11:44:00.962] 25293.00,-3815.00,-27.00
[11:44:01.004] 25291.00,-3810.00,-43.00
[11:44:01.046] 25276.00,-3796.00,-35.00
[11:44:01.084] 25262.00,-3796.00,-27.00
[11:44:01.123] 25245.00,-3812.00,-10.00
[11:44:01.162] 25301.00,-3793.00,-32.00
[11:44:01.206] 25260.00,-3793.00,-37.00
[11:44:01.247] 25262.00,-3793.00,-46.00
[11:44:01.286] 25273.00,-3827.00,-25.00
[11:44:01.325] 25283.00,-3798.00,-20.00
[11:44:01.364] 25273.00,-3791.00,-12.00
[11:44:01.405] 25291.00,-3801.00,-27.00
[11:44:01.443] 25262.00,-3793.00,-25.00
[11:44:01.484] 25278.00,-3798.00,-25.00
[11:44:01.523] 25276.00,-3788.00,-30.00
[11:44:01.566] 25252.00,-3796.00,-15.00
[11:44:01.603] 25273.00,-3820.00,-32.00
[11:44:01.646] 25273.00,-3812.00,-30.00
[11:44:01.682] 25286.00,-3830.00,-43.00
[11:44:01.726] 25252.00,-3817.00,-30.00
[11:44:01.765] 25262.00,-3817.00,-37.00
[11:44:01.804] 25262.00,-3825.00,-20.00
[11:44:01.843] 25291.00,-3830.00,-41.00
[11:44:01.884] 25278.00,-3827.00,-43.00
[11:44:01.926] 25262.00,-3836.00,-30.00
[11:44:01.966] 25257.00,-3815.00,-35.00
[11:44:02.004] 25276.00,-3798.00,-30.00
[11:44:02.044] 25252.00,-3810.00,141.00
[11:44:02.085] 25252.00,-3817.00,143.00
[11:44:02.125] 25267.00,-3817.00,2.00
[11:44:02.164] 25267.00,-3788.00,-22.00
[11:44:02.203] 25281.00,-3815.00,-32.00
[11:44:02.243] 25293.00,-3812.00,-30.00
[11:44:02.285] 25296.00,-3817.00,-25.00
[11:44:02.324] 25265.00,-3806.00,-12.00
[11:44:02.362] 25260.00,-3822.00,-43.00
[11:44:02.406] 25262.00,-3812.00,-37.00
[11:44:02.445] 25281.00,-3803.00,-43.00
[11:44:02.485] 25267.00,-3810.00,-32.00
[11:44:02.524] 25303.00,-3801.00,-25.00
[11:44:02.563] 25273.00,-3803.00,-22.00
[11:44:02.606] 25247.00,-3822.00,-20.00
[11:44:02.645] 25262.00,-3803.00,-30.00
[11:44:02.682] 25296.00,-3827.00,-35.00
[11:44:02.726] 25286.00,-3822.00,-20.00
[11:44:02.766] 25265.00,-3796.00,20.00
[11:44:02.805] 25265.00,-3803.00,-20.00
[11:44:02.847] 25270.00,-3788.00,-22.00
[11:44:02.886] 25257.00,-3803.00,7.00
[11:44:02.924] 25293.00,-3812.00,-22.00
[11:44:02.965] 25291.00,-3817.00,-30.00
[11:44:03.005] 25260.00,-3820.00,-17.00
[11:44:03.044] 25260.00,-3786.00,-30.00
[11:44:03.083] 25265.00,-3796.00,-15.00
[11:44:03.123] 25262.00,-3793.00,-22.00
[11:44:03.163] 25278.00,-3796.00,-25.00
[11:44:03.204] 25247.00,-3820.00,-32.00
[11:44:03.246] 25257.00,-3780.00,-41.00
[11:44:03.285] 25283.00,-3817.00,-25.00
[11:44:03.325] 25245.00,-3803.00,-41.00
[11:44:03.366] 25260.00,-3786.00,-20.00
[11:44:03.406] 25288.00,-3788.00,-25.00
[11:44:03.445] 25257.00,-3780.00,-25.00
[11:44:03.484] 25252.00,-3796.00,-30.00
[11:44:03.522] 25260.00,-3815.00,-27.00
[11:44:03.564] 25265.00,-3796.00,-17.00
[11:44:03.607] 25262.00,-3786.00,-22.00
[11:44:03.643] 25250.00,-3803.00,-27.00
[11:44:03.685] 25291.00,-3796.00,-25.00
[11:44:03.722] 25252.00,-3820.00,-20.00
[11:44:03.766] 25247.00,-3815.00,-37.00
[11:44:03.803] 25286.00,-3801.00,-30.00
[11:44:03.844] 25270.00,-3817.00,-25.00
[11:44:03.885] 25240.00,-3801.00,-48.00
[11:44:03.927] 25257.00,-3796.00,-43.00
[11:44:03.965] 25262.00,-3806.00,-10.00
[11:44:04.003] 25260.00,-3806.00,-20.00
[11:44:04.043] 25286.00,-3806.00,-46.00
[11:44:04.084] 25252.00,-3806.00,-46.00
[11:44:04.125] 25262.00,-3833.00,-25.00
[11:44:04.165] 25273.00,-3806.00,-25.00
[11:44:04.202] 25293.00,-3793.00,170.00
[11:44:04.242] 25296.00,-3803.00,-27.00
[11:44:04.283] 25257.00,-3767.00,-17.00
[11:44:04.326] 25265.00,-3791.00,-32.00
[11:44:04.365] 25281.00,-3786.00,-12.00
[11:44:04.404] 25265.00,-3820.00,-12.00
[11:44:04.443] 25260.00,-3791.00,-27.00
[11:44:04.485] 25296.00,-3793.00,-25.00
[11:44:04.526] 25260.00,-3796.00,-17.00
[11:44:04.565] 25260.00,-3810.00,-12.00
[11:44:04.606] 25257.00,-3798.00,-10.00
[11:44:04.646] 25265.00,-3803.00,-35.00
[11:44:04.685] 25298.00,-3812.00,-30.00
[11:44:04.724] 25245.00,-3786.00,-32.00
[11:44:04.763] 25247.00,-3817.00,-30.00
[11:44:04.805] 25257.00,-3815.00,-30.00
[11:44:04.845] 25262.00,-3798.00,-30.00
[11:44:04.882] 25245.00,-3798.00,-5.00
[11:44:04.922] 25293.00,-3806.00,-25.00
[11:44:04.966] 25247.00,-3803.00,-25.00
[11:44:05.005] 25257.00,-3806.00,-17.00
[11:44:05.043] 25260.00,-3815.00,-22.00
[11:44:05.084] 25265.00,-3803.00,37.00
[11:44:05.127] 25262.00,-3775.00,-43.00
[11:44:05.165] 25252.00,-3793.00,-41.00
[11:44:05.204] 25293.00,-3825.00,-32.00
[11:44:05.245] 25252.00,-3820.00,-22.00
[11:44:05.284] 25276.00,-3801.00,-20.00
[11:44:05.323] 25296.00,-3817.00,-30.00
[11:44:05.363] 25293.00,-3803.00,-30.00
[11:44:05.407] 25255.00,-3806.00,-32.00
[11:44:05.443] 25255.00,-3810.00,-25.00
[11:44:05.485] 25262.00,-3798.00,0.00
[11:44:05.525] 25255.00,-3798.00,-20.00
[11:44:05.564] 25265.00,-3796.00,-25.00
[11:44:05.605] 25278.00,-3806.00,-15.00
[11:44:05.646] 25260.00,-3777.00,151.00
[11:44:05.685] 25288.00,-3810.00,-30.00
[11:44:05.723] 25255.00,-3841.00,-20.00
[11:44:05.762] 25286.00,-3817.00,-43.00
[11:44:05.805] 25288.00,-3806.00,-22.00
[11:44:05.845] 25267.00,-3791.00,-27.00
[11:44:05.885] 25260.00,-3796.00,-41.00
[11:44:05.924] 25260.00,-3820.00,-20.00
[11:44:05.965] 25262.00,-3810.00,-32.00
[11:44:06.003] 25301.00,-3801.00,-27.00
[11:44:06.045] 25293.00,-3810.00,-48.00
[11:44:06.085] 25247.00,-3803.00,-25.00
[11:44:06.122] 25257.00,-3810.00,-41.00
[11:44:06.166] 25255.00,-3810.00,-30.00
[11:44:06.203] 25288.00,-3806.00,-22.00
[11:44:06.244] 25265.00,-3791.00,-35.00
[11:44:06.282] 25257.00,-3803.00,-12.00
[11:44:06.323] 25265.00,-3788.00,-27.00
[11:44:06.367] 25260.00,-3793.00,-30.00
[11:44:06.405] 25257.00,-3815.00,-25.00
[11:44:06.444] 25278.00,-3788.00,-20.00
[11:44:06.486] 25291.00,-3820.00,-25.00
[11:44:06.525] 25270.00,-3825.00,-25.00
[11:44:06.563] 25250.00,-3791.00,-37.00
[11:44:06.605] 25262.00,-3817.00,-22.00
[11:44:06.645] 25278.00,-3830.00,-37.00
[11:44:06.685] 25288.00,-3796.00,-25.00
[11:44:06.723] 25288.00,-3796.00,-25.00
[11:44:06.762] 25262.00,-3806.00,-25.00
[11:44:06.804] 25257.00,-3817.00,-27.00
[11:44:06.844] 25255.00,-3812.00,-20.00
[11:44:06.885] 25288.00,-3793.00,-27.00
[11:44:06.923] 25257.00,-3788.00,-20.00
[11:44:06.965] 25260.00,-3803.00,-27.00
[11:44:07.005] 25255.00,-3810.00,-30.00
[11:44:07.043] 25270.00,-3810.00,-27.00
[11:44:07.084] 25257.00,-3788.00,-41.00
[11:44:07.122] 25267.00,-3803.00,-46.00
[11:44:07.166] 25273.00,-3810.00,-20.00
[11:44:07.203] 25293.00,-3812.00,-32.00
[11:44:07.245] 25273.00,-3812.00,-32.00
[11:44:07.284] 25281.00,-3791.00,-22.00
[11:44:07.324] 25291.00,-3812.00,-35.00
[11:44:07.363] 25255.00,-3793.00,-30.00
[11:44:07.403] 25270.00,-3782.00,-20.00
[11:44:07.430] 25267.00,-3791.00,-15.00
[11:44:07.483] 25270.00,-3820.00,-32.00
[11:44:07.523] 25267.00,-3825.00,-12.00
[11:44:07.565] 25291.00,-3796.00,-27.00
[11:44:07.603] 25267.00,-3806.00,-25.00
[11:44:07.644] 25262.00,-3772.00,-22.00
[11:44:07.685] 25278.00,-3796.00,165.00
[11:44:07.725] 25298.00,-3820.00,-22.00
[11:44:07.765] 25291.00,-3830.00,-20.00
[11:44:07.804] 25267.00,-3810.00,-30.00
[11:44:07.845] 25262.00,-3812.00,-20.00
[11:44:07.885] 25260.00,-3801.00,-35.00
[11:44:07.925] 25270.00,-3810.00,-35.00
[11:44:07.964] 25257.00,-3822.00,-30.00
[11:44:08.006] 25286.00,-3810.00,-20.00
[11:44:08.045] 25242.00,-3815.00,-22.00
[11:44:08.085] 25270.00,-3820.00,-27.00
[11:44:08.124] 25276.00,-3817.00,-22.00
[11:44:08.164] 25257.00,-3793.00,-43.00
[11:44:08.205] 25293.00,-3806.00,-27.00
[11:44:08.230] 25270.00,-3798.00,-17.00
[11:44:08.270] 25257.00,-3625.00,-27.00
[11:44:08.324] 25273.00,-3817.00,-12.00
[11:44:08.365] 25255.00,-3817.00,-25.00
[11:44:08.405] 25260.00,-3833.00,-27.00
[11:44:08.443] 25298.00,-3803.00,-12.00
[11:44:08.482] 25262.00,-3810.00,0.00
[11:44:08.523] 25255.00,-3810.00,-17.00
[11:44:08.565] 25255.00,-3775.00,-20.00
[11:44:08.605] 25250.00,-3786.00,-30.00
[11:44:08.644] 25262.00,-3788.00,-20.00
[11:44:08.685] 25247.00,-3798.00,-30.00
[11:44:08.726] 25286.00,-3803.00,-22.00
[11:44:08.763] 25255.00,-3806.00,-12.00
[11:44:08.804] 25257.00,-3798.00,-43.00
[11:44:08.846] 25267.00,-3806.00,-35.00
[11:44:08.885] 25288.00,-3812.00,-30.00
[11:44:08.923] 25262.00,-3806.00,-30.00
[11:44:08.965] 25257.00,-3777.00,-43.00
[11:44:09.003] 25250.00,-3806.00,-20.00
[11:44:09.046] 25273.00,-3806.00,-22.00
[11:44:09.083] 25293.00,-3812.00,-20.00
[11:44:09.124] 25250.00,-3796.00,-15.00
[11:44:09.163] 25260.00,-3670.00,-51.00
[11:44:09.205] 25265.00,-3812.00,-30.00
[11:44:09.243] 25291.00,-3810.00,-5.00
[11:44:09.285] 25255.00,-3806.00,-22.00
[11:44:09.325] 25303.00,-3796.00,-30.00
[11:44:09.363] 25257.00,-3780.00,-35.00
[11:44:09.406] 25252.00,-3820.00,-2.00
[11:44:09.444] 25265.00,-3786.00,-12.00
[11:44:09.484] 25267.00,-3815.00,-41.00
[11:44:09.525] 25273.00,-3812.00,-22.00
[11:44:09.563] 25257.00,-3820.00,-17.00
[11:44:09.604] 25260.00,-3806.00,-22.00
[11:44:09.644] 25267.00,-3782.00,-30.00
[11:44:09.683] 25276.00,-3806.00,-2.00
[11:44:09.725] 25281.00,-3798.00,-22.00
[11:44:09.765] 25288.00,-3810.00,-32.00
[11:44:09.806] 25247.00,-3806.00,-25.00
[11:44:09.843] 25255.00,-3782.00,-46.00
[11:44:09.873] 25270.00,-3812.00,-25.00
[11:44:09.925] 25257.00,-3806.00,17.00
[11:44:09.964] 25252.00,-3806.00,-43.00
[11:44:10.005] 25288.00,-3810.00,-22.00
[11:44:10.033] 25270.00,-3798.00,-20.00
[11:44:10.083] 25257.00,-3803.00,-41.00
[11:44:10.124] 25257.00,-3637.00,-37.00
[11:44:10.165] 25260.00,-3786.00,-7.00
[11:44:10.205] 25288.00,-3815.00,-25.00
[11:44:10.243] 25288.00,-3815.00,-25.00
[11:44:10.285] 25247.00,-3803.00,-25.00
[11:44:10.326] 25260.00,-3815.00,-25.00
[11:44:10.364] 25267.00,-3815.00,-48.00
[11:44:10.393] 25286.00,-3798.00,-17.00
[11:44:10.444] 25270.00,-3806.00,-25.00
[11:44:10.484] 25257.00,-3801.00,17.00
[11:44:10.524] 25273.00,-3780.00,-22.00
[11:44:10.565] 25276.00,-3806.00,-30.00
[11:44:10.605] 25260.00,-3815.00,-30.00
[11:44:10.643] 25260.00,-3806.00,-27.00
[11:44:10.683] 25281.00,-3791.00,-37.00
[11:44:10.726] 25298.00,-3820.00,-48.00
[11:44:10.765] 25265.00,-3796.00,-30.00
[11:44:10.804] 25262.00,-3793.00,-22.00
[11:44:10.845] 25286.00,-3817.00,-27.00
[11:44:10.883] 25260.00,-3791.00,-30.00
[11:44:10.925] 25247.00,-3803.00,-17.00
[11:44:10.963] 25262.00,-3820.00,-27.00
[11:44:11.002] 25276.00,-3803.00,0.00
[11:44:11.046] 25278.00,-3815.00,-27.00
[11:44:11.083] 25291.00,-3803.00,-35.00
[11:44:11.123] 25276.00,-3817.00,-5.00
[11:44:11.164] 25267.00,-3815.00,-32.00
[11:44:11.204] 25265.00,-3777.00,-32.00
[11:44:11.245] 25288.00,-3798.00,-30.00
[11:44:11.283] 25286.00,-3830.00,-27.00
[11:44:11.324] 25245.00,-3812.00,-22.00
[11:44:11.362] 25250.00,-3796.00,-25.00
[11:44:11.405] 25270.00,-3793.00,143.00
[11:44:11.443] 25276.00,-3820.00,-30.00
[11:44:11.485] 25257.00,-3796.00,-17.00
[11:44:11.524] 25288.00,-3815.00,-27.00
[11:44:11.565] 25262.00,-3791.00,-27.00
[11:44:11.605] 25270.00,-3788.00,-37.00
[11:44:11.644] 25278.00,-3817.00,-27.00
[11:44:11.682] 25260.00,-3788.00,-35.00
[11:44:11.725] 25291.00,-3806.00,-41.00
[11:44:11.765] 25262.00,-3798.00,-51.00
[11:44:11.804] 25252.00,-3788.00,-51.00
[11:44:11.842] 25276.00,-3796.00,-53.00
[11:44:11.885] 25267.00,-3812.00,-22.00
[11:44:11.913] 25260.00,-3812.00,-35.00
[11:44:11.963] 25301.00,-3796.00,-25.00
[11:44:12.004] 25250.00,-3815.00,-35.00
[11:44:12.042] 25276.00,-3836.00,-22.00
[11:44:12.084] 25265.00,-3791.00,-17.00
[11:44:12.126] 25257.00,-3803.00,-25.00
[11:44:12.164] 25260.00,-3820.00,-48.00
[11:44:12.202] 25255.00,-3786.00,-41.00
[11:44:12.245] 25298.00,-3825.00,0.00
[11:44:12.286] 25265.00,-3788.00,-10.00
[11:44:12.325] 25260.00,-3798.00,-41.00
[11:44:12.364] 25278.00,-3817.00,-22.00
[11:44:12.403] 25267.00,-3817.00,-17.00
[11:44:12.444] 25265.00,-3806.00,-15.00
[11:44:12.485] 25255.00,-3810.00,-22.00
[11:44:12.524] 25255.00,-3806.00,-12.00
[11:44:12.564] 25252.00,-3825.00,167.00
[11:44:12.603] 25283.00,-3803.00,-25.00
[11:44:12.646] 25296.00,-3812.00,-20.00
[11:44:12.685] 25250.00,-3822.00,-35.00
[11:44:12.724] 25270.00,-3786.00,-20.00
[11:44:12.763] 25291.00,-3791.00,-25.00
[11:44:12.805] 25257.00,-3810.00,35.00
[11:44:12.843] 25255.00,-3798.00,20.00
[11:44:12.882] 25273.00,-3798.00,-20.00
[11:44:12.923] 25252.00,-3801.00,-12.00
[11:44:12.965] 25262.00,-3822.00,185.00
[11:44:13.004] 25265.00,-3810.00,-7.00
[11:44:13.042] 25296.00,-3827.00,-27.00
[11:44:13.084] 25262.00,-3810.00,-10.00
[11:44:13.124] 25250.00,-3606.00,-25.00
[11:44:13.165] 25265.00,-3812.00,-22.00
[11:44:13.204] 25262.00,-3777.00,-25.00
[11:44:13.243] 25296.00,-3803.00,-30.00
[11:44:13.284] 25270.00,-3791.00,-35.00
[11:44:13.325] 25247.00,-3801.00,-22.00
[11:44:13.363] 25252.00,-3822.00,-58.00
[11:44:13.405] 25250.00,-3812.00,-32.00
[11:44:13.445] 25237.00,-3803.00,-17.00
[11:44:13.486] 25291.00,-3820.00,-17.00
[11:44:13.524] 25296.00,-3810.00,-27.00
[11:44:13.564] 25247.00,-3817.00,-32.00
[11:44:13.603] 25245.00,-3806.00,-25.00
[11:44:13.645] 25257.00,-3798.00,-22.00
[11:44:13.684] 25262.00,-3791.00,-32.00
[11:44:13.725] 25296.00,-3611.00,-25.00
[11:44:13.763] 25296.00,-3611.00,-25.00
[11:44:13.805] 25257.00,-3786.00,-32.00
[11:44:13.843] 25257.00,-3793.00,-27.00
[11:44:13.872] 25255.00,-3815.00,-22.00
[11:44:13.923] 25288.00,-3817.00,-37.00
[11:44:13.963] 25262.00,-3803.00,-35.00
[11:44:14.006] 25278.00,-3793.00,-15.00
[11:44:14.043] 25270.00,-3791.00,-15.00
[11:44:14.084] 25267.00,-3782.00,-7.00
[11:44:14.125] 25270.00,-3796.00,-17.00
[11:44:14.165] 25293.00,-3806.00,-32.00
[11:44:14.204] 25278.00,-3796.00,-41.00
[11:44:14.242] 25257.00,-3780.00,-37.00
[11:44:14.286] 25283.00,-3815.00,-30.00
[11:44:14.323] 25242.00,-3825.00,-30.00
[11:44:14.363] 25293.00,-3801.00,-30.00
[11:44:14.402] 25262.00,-3780.00,-25.00
[11:44:14.446] 25273.00,-3810.00,-22.00
[11:44:14.483] 25245.00,-3812.00,-41.00
[11:44:14.525] 25250.00,-3798.00,-10.00
[11:44:14.564] 25255.00,-3833.00,-25.00
[11:44:14.603] 25296.00,-3803.00,-25.00
[11:44:14.645] 25267.00,-3812.00,-22.00
[11:44:14.685] 25265.00,-3803.00,-30.00
[11:44:14.725] 25255.00,-3817.00,-25.00
[11:44:14.765] 25301.00,-3817.00,-30.00
[11:44:14.803] 25291.00,-3830.00,-20.00
[11:44:14.843] 25252.00,-3815.00,-27.00
[11:44:14.884] 25265.00,-3786.00,-25.00
[11:44:14.922] 25262.00,-3793.00,2.00
[11:44:14.966] 25257.00,-3820.00,-22.00
[11:44:14.993] 25267.00,-3822.00,-22.00
[11:44:15.043] 25296.00,-3810.00,-27.00
[11:44:15.085] 25265.00,-3801.00,-20.00
[11:44:15.125] 25242.00,-3820.00,-22.00
[11:44:15.165] 25252.00,-3806.00,-22.00
[11:44:15.206] 25276.00,-3810.00,-30.00
[11:44:15.244] 25291.00,-3827.00,-27.00
[11:44:15.284] 25291.00,-3827.00,-27.00
[11:44:15.326] 25260.00,-3815.00,161.00
[11:44:15.365] 25250.00,-3803.00,-5.00
[11:44:15.402] 25267.00,-3817.00,-10.00
[11:44:15.442] 25291.00,-3803.00,-22.00
[11:44:15.483] 25301.00,-3820.00,-43.00
[11:44:15.523] 25247.00,-3812.00,-48.00
[11:44:15.563] 25252.00,-3820.00,-12.00
[11:44:15.602] 25257.00,-3782.00,-25.00
[11:44:15.645] 25257.00,-3838.00,-12.00
[11:44:15.686] 25262.00,-3812.00,-30.00
[11:44:15.724] 25260.00,-3806.00,-15.00
[11:44:15.765] 25278.00,-3817.00,-27.00
[11:44:15.804] 25291.00,-3822.00,-43.00
[11:44:15.844] 25250.00,-3793.00,-22.00
[11:44:15.885] 25262.00,-3810.00,-32.00
[11:44:15.924] 25293.00,-3791.00,-32.00
[11:44:15.962] 25276.00,-3782.00,-27.00
[11:44:16.005] 25262.00,-3803.00,-5.00
[11:44:16.043] 25265.00,-3798.00,-22.00
[11:44:16.083] 25260.00,-3796.00,-22.00
[11:44:16.122] 25293.00,-3815.00,-27.00
[11:44:16.167] 25293.00,-3806.00,-27.00
[11:44:16.204] 25273.00,-3803.00,-30.00
[11:44:16.243] 25252.00,-3796.00,10.00
[11:44:16.282] 25291.00,-3817.00,-43.00
[11:44:16.323] 25296.00,-3801.00,-25.00
[11:44:16.365] 25293.00,-3810.00,-48.00
[11:44:16.406] 25270.00,-3803.00,-35.00
[11:44:16.444] 25257.00,-3803.00,-5.00
[11:44:16.484] 25267.00,-3812.00,-15.00
[11:44:16.527] 25260.00,-3806.00,-12.00
[11:44:16.565] 25260.00,-3803.00,-22.00
[11:44:16.603] 25257.00,-3810.00,-30.00
[11:44:16.644] 25262.00,-3793.00,2.00
[11:44:16.686] 25265.00,-3820.00,-37.00
[11:44:16.725] 25278.00,-3793.00,-15.00
[11:44:16.763] 25262.00,-3825.00,-7.00
[11:44:16.802] 25262.00,-3825.00,-7.00
[11:44:16.832] 25267.00,-3782.00,-37.00
[11:44:16.883] 25252.00,-3587.00,-32.00
[11:44:16.924] 25247.00,-3780.00,-46.00
[11:44:16.965] 25270.00,-3786.00,-27.00
[11:44:17.004] 25286.00,-3812.00,2.00
[11:44:17.045] 25296.00,-3820.00,-25.00
[11:44:17.085] 25265.00,-3803.00,-37.00
[11:44:17.122] 25273.00,-3788.00,-22.00
[11:44:17.162] 25267.00,-3806.00,-41.00
[11:44:17.204] 25260.00,-3820.00,-41.00
[11:44:17.245] 25270.00,-3801.00,-20.00
[11:44:17.283] 25278.00,-3782.00,-25.00
[11:44:17.322] 25291.00,-3815.00,2.00
[11:44:17.365] 25273.00,-3798.00,-51.00
[11:44:17.406] 25260.00,-3801.00,151.00
[11:44:17.446] 25301.00,-3801.00,-25.00
[11:44:17.483] 25260.00,-3780.00,-27.00
[11:44:17.526] 25255.00,-3815.00,-27.00
[11:44:17.565] 25265.00,-3806.00,-35.00
[11:44:17.603] 25252.00,-3796.00,-20.00
[11:44:17.647] 25270.00,-3815.00,-27.00
[11:44:17.682] 25298.00,-3806.00,-30.00
[11:44:17.723] 25265.00,-3822.00,-30.00
[11:44:17.753] 25265.00,-3775.00,-17.00
[11:44:17.804] 25293.00,-3820.00,-20.00
[11:44:17.842] 25257.00,-3825.00,-37.00
[11:44:17.883] 25286.00,-3806.00,-17.00
[11:44:17.923] 25247.00,-3770.00,-20.00
[11:44:17.964] 25267.00,-3780.00,-12.00
[11:44:18.005] 25270.00,-3767.00,-43.00
[11:44:18.046] 25265.00,-3796.00,-20.00
[11:44:18.084] 25260.00,-3786.00,-30.00
[11:44:18.122] 25296.00,-3827.00,-20.00
[11:44:18.164] 25283.00,-3806.00,-25.00
[11:44:18.205] 25262.00,-3791.00,-25.00
[11:44:18.243] 25260.00,-3820.00,-7.00
[11:44:18.285] 25257.00,-3786.00,-53.00
[11:44:18.325] 25298.00,-3815.00,-12.00
[11:44:18.362] 25262.00,-3825.00,-10.00
[11:44:18.406] 25265.00,-3810.00,5.00
[11:44:18.445] 25260.00,-3791.00,-43.00
[11:44:18.484] 25281.00,-3803.00,-25.00
[11:44:18.525] 25267.00,-3793.00,-25.00
[11:44:18.565] 25296.00,-3817.00,-25.00
[11:44:18.604] 25278.00,-3803.00,-22.00
[11:44:18.633] 25267.00,-3762.00,-12.00
[11:44:18.682] 25260.00,-3796.00,-17.00
[11:44:18.726] 25265.00,-3812.00,-17.00
[11:44:18.765] 25260.00,-3810.00,-17.00
[11:44:18.806] 25267.00,-3798.00,-15.00
[11:44:18.844] 25286.00,-3812.00,-25.00
[11:44:18.885] 25257.00,-3801.00,-37.00
[11:44:18.926] 25262.00,-3817.00,-10.00
[11:44:18.963] 25286.00,-3815.00,-27.00
[11:44:19.002] 25265.00,-3806.00,-30.00
[11:44:19.042] 25267.00,-3817.00,-30.00
[11:44:19.083] 25273.00,-3780.00,-30.00
[11:44:19.123] 25262.00,-3798.00,-25.00
[11:44:19.162] 25255.00,-3812.00,-27.00
[11:44:19.205] 25255.00,-3801.00,-22.00
[11:44:19.245] 25250.00,-3798.00,-27.00
[11:44:19.283] 25257.00,-3780.00,-27.00
[11:44:19.324] 25286.00,-3798.00,-27.00
[11:44:19.362] 25240.00,-3806.00,-43.00
[11:44:19.406] 25257.00,-3801.00,-20.00
[11:44:19.443] 25250.00,-3788.00,-30.00
[11:44:19.485] 25257.00,-3820.00,-5.00
[11:44:19.524] 25273.00,-3817.00,-20.00
[11:44:19.562] 25265.00,-3806.00,-20.00
[11:44:19.603] 25250.00,-3806.00,-41.00
[11:44:19.644] 25293.00,-3806.00,-27.00
[11:44:19.683] 25273.00,-3782.00,-41.00
[11:44:19.724] 25276.00,-3788.00,-10.00
[11:44:19.765] 25262.00,-3801.00,-20.00
[11:44:19.805] 25278.00,-3793.00,-32.00
[11:44:19.844] 25293.00,-3817.00,-22.00
[11:44:19.884] 25291.00,-3806.00,-27.00
[11:44:19.925] 25265.00,-3830.00,-32.00
[11:44:19.965] 25265.00,-3812.00,-15.00
[11:44:20.003] 25278.00,-3786.00,-10.00
[11:44:20.045] 25270.00,-3803.00,-27.00
[11:44:20.084] 25288.00,-3820.00,-15.00
[11:44:20.126] 25293.00,-3803.00,-25.00
[11:44:20.165] 25260.00,-3812.00,-20.00
[11:44:20.205] 25265.00,-3803.00,-22.00
[11:44:20.245] 25276.00,-3803.00,-25.00
[11:44:20.285] 25255.00,-3803.00,-46.00
[11:44:20.325] 25286.00,-3820.00,-20.00
[11:44:20.364] 25255.00,-3817.00,-22.00
[11:44:20.402] 25260.00,-3788.00,-27.00
[11:44:20.445] 25276.00,-3786.00,-12.00
[11:44:20.485] 25273.00,-3812.00,-15.00
[11:44:20.523] 25293.00,-3810.00,-5.00
[11:44:20.565] 25283.00,-3815.00,-27.00
[11:44:20.602] 25247.00,-3812.00,-22.00
[11:44:20.645] 25267.00,-3812.00,-15.00
[11:44:20.682] 25265.00,-3830.00,-30.00
[11:44:20.724] 25260.00,-3791.00,-37.00
[11:44:20.764] 25257.00,-3796.00,-43.00
[11:44:20.806] 25273.00,-3815.00,-27.00
[11:44:20.843] 25286.00,-3822.00,-20.00
[11:44:20.885] 25245.00,-3815.00,-17.00
[11:44:20.924] 25257.00,-3791.00,-20.00
[11:44:20.963] 25296.00,-3803.00,-27.00
[11:44:21.005] 25262.00,-3801.00,-20.00
[11:44:21.045] 25267.00,-3796.00,-30.00
[11:44:21.082] 25262.00,-3801.00,-27.00
[11:44:21.123] 25273.00,-3791.00,-51.00
[11:44:21.165] 25252.00,-3817.00,-32.00
[11:44:21.193] 25293.00,-3825.00,-25.00
[11:44:21.245] 25265.00,-3803.00,-25.00
[11:44:21.284] 25262.00,-3806.00,-30.00
[11:44:21.323] 25265.00,-3798.00,-43.00
[11:44:21.363] 25286.00,-3806.00,-27.00
[11:44:21.395] 25296.00,-3833.00,-27.00
[11:44:21.444] 25255.00,-3833.00,-30.00
[11:44:21.485] 25260.00,-3815.00,-20.00
[11:44:21.525] 25262.00,-3788.00,-10.00
[11:44:21.564] 25267.00,-3820.00,-25.00
[11:44:21.604] 25265.00,-3822.00,-20.00
[11:44:21.644] 25293.00,-3803.00,-22.00
[11:44:21.685] 25257.00,-3796.00,-12.00
[11:44:21.725] 25273.00,-3803.00,-30.00
[11:44:21.762] 25262.00,-3810.00,-25.00
[11:44:21.804] 25260.00,-3780.00,-25.00
[11:44:21.845] 25293.00,-3798.00,-30.00
[11:44:21.885] 25293.00,-3798.00,-30.00
[11:44:21.922] 25260.00,-3780.00,-22.00
[11:44:21.962] 25260.00,-3801.00,-27.00
[11:44:22.005] 25260.00,-3793.00,-35.00
[11:44:22.045] 25265.00,-3806.00,0.00
[11:44:22.084] 25298.00,-3806.00,-27.00
[11:44:22.124] 25257.00,-3810.00,-37.00
[11:44:22.163] 25262.00,-3801.00,151.00
[11:44:22.205] 25257.00,-3810.00,-30.00
[11:44:22.246] 25257.00,-3820.00,-27.00
[11:44:22.284] 25262.00,-3803.00,-27.00
[11:44:22.324] 25265.00,-3815.00,-35.00
[11:44:22.363] 25276.00,-3788.00,-20.00
[11:44:22.402] 25260.00,-3817.00,-7.00
[11:44:22.445] 25255.00,-3798.00,-22.00
[11:44:22.482] 25301.00,-3822.00,-25.00
[11:44:22.525] 25257.00,-3810.00,-37.00
[11:44:22.566] 25273.00,-3803.00,-25.00
[11:44:22.605] 25257.00,-3798.00,-20.00
[11:44:22.643] 25273.00,-3603.00,-35.00
[11:44:22.685] 25250.00,-3798.00,-22.00
[11:44:22.723] 25288.00,-3796.00,-22.00
[11:44:22.762] 25260.00,-3782.00,-25.00
[11:44:22.804] 25276.00,-3786.00,-17.00
[11:44:22.842] 25260.00,-3803.00,-25.00
[11:44:22.885] 25296.00,-3815.00,-25.00
[11:44:22.925] 25255.00,-3793.00,-27.00
[11:44:22.964] 25301.00,-3812.00,-25.00
[11:44:23.002] 25257.00,-3775.00,-37.00
[11:44:23.045] 25262.00,-3793.00,-15.00
[11:44:23.085] 25252.00,-3817.00,-27.00
[11:44:23.123] 25270.00,-3806.00,-53.00
[11:44:23.150] 25288.00,-3806.00,-30.00
[11:44:23.203] 25267.00,-3803.00,-20.00
[11:44:23.243] 25260.00,-3788.00,-30.00
[11:44:23.284] 25273.00,-3820.00,-37.00
[11:44:23.324] 25250.00,-3796.00,-37.00
[11:44:23.364] 25288.00,-3806.00,-20.00
[11:44:23.405] 25293.00,-3820.00,-30.00
[11:44:23.446] 25260.00,-3798.00,-12.00
[11:44:23.482] 25273.00,-3806.00,-25.00
[11:44:23.524] 25276.00,-3793.00,-32.00
[11:44:23.565] 25255.00,-3815.00,-32.00
[11:44:23.606] 25291.00,-3812.00,-27.00
[11:44:23.644] 25286.00,-3815.00,-58.00
[11:44:23.684] 25260.00,-3815.00,-48.00
[11:44:23.724] 25260.00,-3593.00,-20.00
[11:44:23.766] 25265.00,-3796.00,-22.00
[11:44:23.804] 25273.00,-3796.00,-35.00
[11:44:23.844] 25278.00,-3788.00,-32.00
[11:44:23.883] 25260.00,-3798.00,-22.00
[11:44:23.925] 25257.00,-3798.00,-32.00
[11:44:23.965] 25262.00,-3801.00,-22.00
[11:44:24.004] 25273.00,-3812.00,-27.00
[11:44:24.043] 25301.00,-3833.00,-25.00
[11:44:24.083] 25267.00,-3812.00,-37.00
[11:44:24.123] 25262.00,-3838.00,-20.00
[11:44:24.164] 25267.00,-3820.00,-35.00
[11:44:24.203] 25270.00,-3782.00,165.00
[11:44:24.243] 25260.00,-3803.00,0.00
[11:44:24.283] 25293.00,-3798.00,-27.00
[11:44:24.324] 25276.00,-3796.00,-17.00
[11:44:24.362] 25257.00,-3788.00,-15.00
[11:44:24.405] 25293.00,-3806.00,-30.00
[11:44:24.443] 25267.00,-3788.00,-32.00
[11:44:24.484] 25293.00,-3827.00,-20.00
[11:44:24.522] 25276.00,-3812.00,-20.00
[11:44:24.564] 25262.00,-3815.00,-27.00
[11:44:24.605] 25257.00,-3822.00,-41.00
[11:44:24.646] 25273.00,-3786.00,-37.00
[11:44:24.684] 25267.00,-3803.00,-22.00
[11:44:24.725] 25296.00,-3791.00,-30.00
[11:44:24.765] 25260.00,-3796.00,-22.00
[11:44:24.803] 25270.00,-3815.00,-30.00
[11:44:24.845] 25270.00,-3793.00,-2.00
[11:44:24.884] 25288.00,-3806.00,-25.00
[11:44:24.923] 25291.00,-3801.00,-27.00
[11:44:24.966] 25270.00,-3796.00,-17.00
[11:44:25.005] 25252.00,-3803.00,0.00
[11:44:25.043] 25255.00,-3786.00,-22.00
[11:44:25.084] 25255.00,-3817.00,-22.00
[11:44:25.125] 25267.00,-3803.00,-27.00
[11:44:25.165] 25288.00,-3817.00,-25.00
[11:44:25.203] 25265.00,-3801.00,-32.00
[11:44:25.246] 25255.00,-3798.00,-20.00
[11:44:25.284] 25278.00,-3815.00,-25.00
[11:44:25.322] 25250.00,-3786.00,2.00
[11:44:25.366] 25262.00,-3812.00,-27.00
[11:44:25.402] 25262.00,-3812.00,-27.00
[11:44:25.444] 25257.00,-3788.00,-15.00
[11:44:25.484] 25273.00,-3810.00,-35.00
[11:44:25.523] 25252.00,-3812.00,-27.00
[11:44:25.562] 25293.00,-3806.00,-27.00
[11:44:25.603] 25247.00,-3810.00,-25.00
[11:44:25.645] 25281.00,-3780.00,167.00
[11:44:25.684] 25267.00,-3788.00,-25.00
[11:44:25.724] 25257.00,-3815.00,-17.00
[11:44:25.764] 25267.00,-3791.00,-22.00
[11:44:25.805] 25260.00,-3801.00,-30.00
[11:44:25.845] 25265.00,-3815.00,-27.00
[11:44:25.882] 25267.00,-3791.00,-22.00
[11:44:25.923] 25291.00,-3812.00,-30.00
[11:44:25.965] 25267.00,-3812.00,-30.00
[11:44:26.003] 25293.00,-3817.00,-25.00
[11:44:26.044] 25293.00,-3825.00,-25.00
[11:44:26.084] 25281.00,-3782.00,-15.00
[11:44:26.125] 25270.00,-3817.00,-22.00
[11:44:26.163] 25273.00,-3812.00,-17.00
[11:44:26.203] 25273.00,-3812.00,-27.00
[11:44:26.245] 25262.00,-3817.00,-22.00
[11:44:26.284] 25288.00,-3827.00,-32.00
[11:44:26.325] 25267.00,-3833.00,-25.00
[11:44:26.365] 25267.00,-3777.00,-20.00
[11:44:26.404] 25265.00,-3803.00,-25.00
[11:44:26.444] 25288.00,-3803.00,-22.00
[11:44:26.483] 25273.00,-3788.00,-20.00
[11:44:26.512] 25262.00,-3801.00,-43.00
[11:44:26.562] 25252.00,-3798.00,-37.00
[11:44:26.602] 25262.00,-3803.00,-25.00
[11:44:26.644] 25265.00,-3806.00,-25.00
[11:44:26.685] 25296.00,-3825.00,-27.00
[11:44:26.724] 25286.00,-3817.00,-30.00
[11:44:26.763] 25262.00,-3801.00,-30.00
[11:44:26.805] 25267.00,-3812.00,-30.00
[11:44:26.844] 25260.00,-3556.00,-22.00
[11:44:26.872] 25267.00,-3812.00,-20.00
[11:44:26.923] 25267.00,-3812.00,-20.00
[11:44:26.965] 25278.00,-3796.00,-25.00
[11:44:27.004] 25270.00,-3793.00,-30.00
[11:44:27.042] 25255.00,-3810.00,-17.00
[11:44:27.083] 25278.00,-3817.00,-22.00
[11:44:27.124] 25301.00,-3812.00,-27.00
[11:44:27.163] 25273.00,-3791.00,-20.00
[11:44:27.204] 25267.00,-3810.00,-22.00
[11:44:27.242] 25257.00,-3806.00,-30.00
[11:44:27.283] 25257.00,-3810.00,-51.00
[11:44:27.325] 25265.00,-3801.00,10.00
[11:44:27.365] 25265.00,-3782.00,22.00
[11:44:27.404] 25255.00,-3798.00,-27.00
[11:44:27.442] 25291.00,-3801.00,-27.00
[11:44:27.483] 25247.00,-3810.00,-22.00
[11:44:27.523] 25278.00,-3793.00,-17.00
[11:44:27.566] 25286.00,-3815.00,-27.00
[11:44:27.604] 25262.00,-3817.00,-22.00
[11:44:27.642] 25265.00,-3798.00,-22.00
[11:44:27.684] 25276.00,-3788.00,-32.00
[11:44:27.724] 25265.00,-3791.00,-20.00
[11:44:27.752] 25265.00,-3803.00,-22.00
[11:44:27.804] 25293.00,-3830.00,-46.00
[11:44:27.845] 25252.00,-3801.00,-51.00
[11:44:27.885] 25270.00,-3791.00,-30.00
[11:44:27.922] 25286.00,-3627.00,-20.00
[11:44:27.953] 25270.00,-3822.00,-27.00
[11:44:28.006] 25301.00,-3820.00,-25.00
[11:44:28.045] 25273.00,-3798.00,-27.00
[11:44:28.084] 25267.00,-3793.00,-46.00
[11:44:28.124] 25276.00,-3796.00,-7.00
[11:44:28.164] 25267.00,-3786.00,-15.00
[11:44:28.205] 25255.00,-3822.00,0.00
[11:44:28.245] 25286.00,-3798.00,-32.00
[11:44:28.284] 25257.00,-3793.00,-15.00
[11:44:28.322] 25257.00,-3812.00,0.00
[11:44:28.363] 25250.00,-3791.00,-51.00
[11:44:28.404] 25257.00,-3791.00,2.00
[11:44:28.442] 25296.00,-3812.00,-32.00
[11:44:28.484] 25270.00,-3798.00,-25.00
[11:44:28.525] 25262.00,-3801.00,-35.00
[11:44:28.565] 25270.00,-3806.00,-35.00
[11:44:28.602] 25262.00,-3780.00,-35.00
[11:44:28.645] 25267.00,-3801.00,-15.00
[11:44:28.683] 25288.00,-3796.00,-25.00
[11:44:28.726] 25255.00,-3796.00,-5.00
[11:44:28.762] 25257.00,-3786.00,-30.00
[11:44:28.802] 25270.00,-3820.00,-32.00
[11:44:28.846] 25260.00,-3801.00,-17.00
[11:44:28.885] 25245.00,-3791.00,-27.00
[11:44:28.924] 25255.00,-3796.00,-22.00
[11:44:28.964] 25296.00,-3798.00,-27.00
[11:44:29.004] 25255.00,-3777.00,-27.00
[11:44:29.046] 25267.00,-3793.00,0.00
[11:44:29.083] 25298.00,-3793.00,-25.00
[11:44:29.126] 25293.00,-3806.00,-25.00
[11:44:29.164] 25265.00,-3788.00,-20.00
[11:44:29.205] 25267.00,-3796.00,-27.00
[11:44:29.245] 25267.00,-3817.00,-27.00
[11:44:29.282] 25255.00,-3780.00,-20.00
[11:44:29.324] 25250.00,-3810.00,-22.00
[11:44:29.364] 25265.00,-3806.00,-30.00
[11:44:29.405] 25273.00,-3803.00,-17.00
[11:44:29.443] 25255.00,-3798.00,-17.00
[11:44:29.472] 25260.00,-3817.00,-22.00
[11:44:29.524] 25260.00,-3803.00,-41.00
[11:44:29.565] 25291.00,-3825.00,-20.00
[11:44:29.605] 25250.00,-3803.00,-22.00
[11:44:29.646] 25260.00,-3780.00,-20.00
[11:44:29.684] 25260.00,-3793.00,-15.00
[11:44:29.725] 25255.00,-3817.00,-32.00
[11:44:29.763] 25293.00,-3806.00,-30.00
[11:44:29.802] 25252.00,-3782.00,-20.00
[11:44:29.844] 25281.00,-3798.00,-20.00
[11:44:29.884] 25265.00,-3796.00,-37.00
[11:44:29.924] 25278.00,-3782.00,-27.00
[11:44:29.963] 25293.00,-3810.00,-22.00
[11:44:30.004] 25270.00,-3796.00,-15.00
[11:44:30.044] 25267.00,-3806.00,-25.00
[11:44:30.083] 25265.00,-3796.00,-41.00
[11:44:30.122] 25267.00,-3796.00,-46.00
[11:44:30.164] 25265.00,-3788.00,-15.00
[11:44:30.204] 25298.00,-3815.00,-27.00
[11:44:30.245] 25291.00,-3801.00,0.00
[11:44:30.285] 25260.00,-3788.00,7.00
[11:44:30.325] 25273.00,-3806.00,-32.00
[11:44:30.362] 25252.00,-3810.00,12.00
[11:44:30.403] 25273.00,-3798.00,-22.00
[11:44:30.444] 25278.00,-3796.00,-15.00
[11:44:30.484] 25273.00,-3777.00,-22.00
[11:44:30.522] 25270.00,-3796.00,-20.00
[11:44:30.564] 25262.00,-3801.00,-20.00
[11:44:30.605] 25267.00,-3786.00,-15.00
[11:44:30.645] 25288.00,-3798.00,-20.00
[11:44:30.682] 25265.00,-3788.00,-20.00
[11:44:30.724] 25255.00,-3762.00,-20.00
[11:44:30.765] 25250.00,-3788.00,2.00
[11:44:30.805] 25270.00,-3801.00,-22.00
[11:44:30.842] 25265.00,-3780.00,-30.00
[11:44:30.882] 25250.00,-3806.00,-30.00
[11:44:30.923] 25262.00,-3815.00,-27.00
[11:44:30.963] 25283.00,-3815.00,-25.00
[11:44:31.004] 25257.00,-3788.00,-37.00
[11:44:31.042] 25270.00,-3796.00,-27.00
[11:44:31.082] 25306.00,-3817.00,-30.00
[11:44:31.125] 25278.00,-3801.00,-27.00
[11:44:31.163] 25260.00,-3793.00,-12.00
[11:44:31.204] 25260.00,-3815.00,-17.00
[11:44:31.244] 25281.00,-3775.00,-25.00
[11:44:31.284] 25257.00,-3803.00,-32.00
[11:44:31.325] 25298.00,-3791.00,-46.00
[11:44:31.364] 25260.00,-3782.00,-20.00
[11:44:31.402] 25255.00,-3793.00,-5.00
[11:44:31.445] 25273.00,-3820.00,-30.00
[11:44:31.483] 25288.00,-3801.00,-30.00
[11:44:31.524] 25296.00,-3812.00,-30.00
[11:44:31.564] 25260.00,-3780.00,-30.00
[11:44:31.604] 25276.00,-3803.00,-20.00
[11:44:31.645] 25257.00,-3815.00,165.00
[11:44:31.684] 25260.00,-3775.00,-41.00
[11:44:31.724] 25252.00,-3796.00,-22.00
[11:44:31.763] 25291.00,-3815.00,-32.00
[11:44:31.803] 25262.00,-3812.00,-27.00
[11:44:31.843] 25276.00,-3801.00,-41.00
[11:44:31.885] 25265.00,-3817.00,-35.00
[11:44:31.924] 25245.00,-3830.00,-22.00
[11:44:31.966] 25283.00,-3812.00,-27.00
[11:44:32.004] 25273.00,-3791.00,-17.00
[11:44:32.044] 25250.00,-3798.00,-25.00
[11:44:32.085] 25267.00,-3772.00,-17.00
[11:44:32.122] 25265.00,-3775.00,-20.00
[11:44:32.163] 25288.00,-3801.00,-48.00
[11:44:32.204] 25283.00,-3815.00,-25.00
[11:44:32.246] 25252.00,-3803.00,-27.00
[11:44:32.269] 25262.00,-3803.00,7.00
[11:44:32.325] 25273.00,-3777.00,-37.00
[11:44:32.366] 25265.00,-3786.00,151.00
[11:44:32.403] 25265.00,-3772.00,151.00
[11:44:32.445] 25278.00,-3788.00,-35.00
[11:44:32.484] 25288.00,-3801.00,-25.00
[11:44:32.526] 25262.00,-3777.00,-15.00
[11:44:32.564] 25270.00,-3810.00,-27.00
[11:44:32.602] 25293.00,-3817.00,-20.00
[11:44:32.642] 25267.00,-3812.00,-22.00
[11:44:32.683] 25260.00,-3798.00,-35.00
[11:44:32.724] 25262.00,-3820.00,-30.00
[11:44:32.762] 25270.00,-3810.00,2.00
[11:44:32.802] 25267.00,-3806.00,-17.00
[11:44:32.846] 25267.00,-3806.00,-32.00
[11:44:32.886] 25265.00,-3796.00,-20.00
[11:44:32.922] 25247.00,-3577.00,-41.00
[11:44:32.963] 25267.00,-3830.00,-35.00
[11:44:33.004] 25288.00,-3812.00,-41.00
[11:44:33.045] 25288.00,-3815.00,-30.00
[11:44:33.085] 25293.00,-3803.00,-27.00
[11:44:33.125] 25250.00,-3793.00,-41.00
[11:44:33.165] 25270.00,-3796.00,-25.00
[11:44:33.204] 25255.00,-3793.00,-27.00
[11:44:33.245] 25270.00,-3817.00,-7.00
[11:44:33.283] 25298.00,-3817.00,-25.00
[11:44:33.325] 25262.00,-3796.00,-25.00
[11:44:33.366] 25267.00,-3806.00,-15.00
[11:44:33.405] 25267.00,-3777.00,-12.00
[11:44:33.444] 25250.00,-3777.00,-32.00
[11:44:33.484] 25291.00,-3820.00,-25.00
[11:44:33.523] 25250.00,-3801.00,-43.00
[11:44:33.565] 25252.00,-3803.00,-20.00
[11:44:33.593] 25265.00,-3796.00,-37.00
[11:44:33.642] 25265.00,-3810.00,-22.00
[11:44:33.683] 25260.00,-3801.00,-32.00
[11:44:33.725] 25296.00,-3812.00,-25.00
[11:44:33.763] 25267.00,-3801.00,-15.00
[11:44:33.804] 25267.00,-3793.00,-41.00
[11:44:33.846] 25267.00,-3786.00,-15.00
[11:44:33.883] 25260.00,-3815.00,-25.00
[11:44:33.924] 25250.00,-3770.00,-17.00
[11:44:33.966] 25257.00,-3780.00,-35.00
[11:44:34.004] 25288.00,-3806.00,165.00
[11:44:34.045] 25252.00,-3806.00,-27.00
[11:44:34.070] 25255.00,-3777.00,-48.00
[11:44:34.124] 25270.00,-3796.00,-2.00
[11:44:34.164] 25288.00,-3822.00,-25.00
[11:44:34.203] 25252.00,-3806.00,-32.00
[11:44:34.245] 25252.00,-3806.00,-53.00
[11:44:34.272] 25267.00,-3812.00,-27.00
[11:44:34.322] 25262.00,-3803.00,-20.00
[11:44:34.363] 25262.00,-3801.00,-53.00
[11:44:34.406] 25293.00,-3803.00,-25.00
[11:44:34.442] 25257.00,-3796.00,-27.00
[11:44:34.484] 25262.00,-3782.00,165.00
[11:44:34.523] 25296.00,-3803.00,-22.00
[11:44:34.565] 25260.00,-3791.00,-25.00
[11:44:34.602] 25293.00,-3817.00,158.00
[11:44:34.642] 25262.00,-3803.00,161.00
[11:44:34.685] 25273.00,-3780.00,-20.00
[11:44:34.725] 25276.00,-3782.00,-20.00
[11:44:34.766] 25250.00,-3793.00,-20.00
[11:44:34.804] 25252.00,-3788.00,-20.00
[11:44:34.842] 25286.00,-3817.00,-20.00
[11:44:34.885] 25262.00,-3801.00,-20.00
[11:44:34.923] 25257.00,-3791.00,-17.00
[11:44:34.964] 25265.00,-3815.00,-51.00
[11:44:35.004] 25293.00,-3827.00,-20.00
[11:44:35.045] 25283.00,-3806.00,-27.00
[11:44:35.086] 25255.00,-3791.00,-22.00
[11:44:35.124] 25255.00,-3798.00,-35.00
[11:44:35.152] 25276.00,-3803.00,-17.00
[11:44:35.205] 25262.00,-3801.00,-27.00
[11:44:35.245] 25260.00,-3791.00,-25.00
[11:44:35.284] 25293.00,-3810.00,-25.00
[11:44:35.323] 25255.00,-3806.00,-17.00
[11:44:35.364] 25250.00,-3788.00,-35.00
[11:44:35.404] 25265.00,-3788.00,-25.00
[11:44:35.445] 25255.00,-3796.00,-41.00
[11:44:35.482] 25247.00,-3806.00,-43.00
[11:44:35.525] 25276.00,-3788.00,-22.00
[11:44:35.562] 25260.00,-3806.00,172.00
[11:44:35.605] 25262.00,-3793.00,2.00
[11:44:35.644] 25270.00,-3788.00,-32.00
[11:44:35.684] 25293.00,-3801.00,-37.00
[11:44:35.725] 25286.00,-3817.00,-22.00
[11:44:35.765] 25265.00,-3798.00,-30.00
[11:44:35.804] 25273.00,-3798.00,-25.00
[11:44:35.845] 25265.00,-3803.00,-25.00
[11:44:35.885] 25273.00,-3796.00,-27.00
[11:44:35.925] 25270.00,-3791.00,0.00
[11:44:35.965] 25265.00,-3806.00,0.00
[11:44:36.005] 25260.00,-3788.00,-22.00
[11:44:36.042] 25288.00,-3806.00,-27.00
[11:44:36.081] 25270.00,-3793.00,-22.00
[11:44:36.125] 25262.00,-3806.00,-32.00
[11:44:36.162] 25265.00,-3815.00,-25.00
[11:44:36.204] 25257.00,-3815.00,0.00
[11:44:36.244] 25262.00,-3796.00,-25.00
[11:44:36.270] 25255.00,-3770.00,-37.00
[11:44:36.322] 25255.00,-3788.00,170.00
[11:44:36.362] 25288.00,-3803.00,-25.00
[11:44:36.403] 25296.00,-3820.00,-27.00
[11:44:36.446] 25262.00,-3810.00,-12.00
[11:44:36.484] 25260.00,-3803.00,-17.00
[11:44:36.524] 25293.00,-3830.00,-27.00
[11:44:36.565] 25298.00,-3810.00,-35.00
[11:44:36.603] 25262.00,-3803.00,-22.00
[11:44:36.643] 25257.00,-3777.00,-12.00
[11:44:36.684] 25247.00,-3782.00,-25.00
[11:44:36.725] 25267.00,-3793.00,-20.00
[11:44:36.762] 25262.00,-3803.00,-25.00
[11:44:36.805] 25296.00,-3817.00,-22.00
[11:44:36.844] 25296.00,-3796.00,-5.00
[11:44:36.884] 25262.00,-3803.00,0.00
[11:44:36.922] 25265.00,-3788.00,-32.00
[11:44:36.965] 25250.00,-3801.00,-22.00
[11:44:37.005] 25255.00,-3798.00,-37.00
[11:44:37.042] 25267.00,-3803.00,-20.00
[11:44:37.085] 25252.00,-3815.00,-15.00
[11:44:37.123] 25260.00,-3806.00,161.00
[11:44:37.167] 25255.00,-3782.00,-17.00
[11:44:37.204] 25257.00,-3782.00,-15.00
[11:44:37.244] 25286.00,-3817.00,-20.00
[11:44:37.281] 25257.00,-3817.00,-22.00
[11:44:37.323] 25273.00,-3812.00,-22.00
[11:44:37.365] 25270.00,-3798.00,-22.00
[11:44:37.404] 25257.00,-3777.00,-22.00
[11:44:37.443] 25257.00,-3815.00,-15.00
[11:44:37.485] 25276.00,-3815.00,-12.00
[11:44:37.526] 25267.00,-3782.00,-30.00
[11:44:37.564] 25288.00,-3803.00,-25.00
[11:44:37.605] 25250.00,-3806.00,-43.00
[11:44:37.646] 25252.00,-3798.00,-37.00
[11:44:37.685] 25288.00,-3798.00,-22.00
[11:44:37.724] 25257.00,-3793.00,-27.00
[11:44:37.762] 25262.00,-3803.00,-61.00
[11:44:37.803] 25265.00,-3791.00,-48.00
[11:44:37.845] 25257.00,-3815.00,-27.00
[11:44:37.882] 25255.00,-3806.00,-20.00
[11:44:37.922] 25296.00,-3801.00,-37.00
[11:44:37.963] 25257.00,-3801.00,-43.00
[11:44:38.005] 25265.00,-3833.00,-22.00
[11:44:38.044] 25267.00,-3803.00,-37.00
[11:44:38.084] 25293.00,-3810.00,-27.00
[11:44:38.122] 25293.00,-3815.00,-30.00
[11:44:38.163] 25265.00,-3806.00,-22.00
[11:44:38.205] 25252.00,-3786.00,-22.00
[11:44:38.244] 25267.00,-3806.00,-7.00
[11:44:38.284] 25252.00,-3806.00,-22.00
[11:44:38.322] 25286.00,-3810.00,-41.00
[11:44:38.363] 25288.00,-3815.00,-41.00
[11:44:38.403] 25250.00,-3796.00,-35.00
[11:44:38.442] 25273.00,-3798.00,-27.00
[11:44:38.483] 25260.00,-3817.00,-27.00
[11:44:38.523] 25245.00,-3791.00,0.00
[11:44:38.563] 25255.00,-3796.00,0.00
[11:44:38.603] 25260.00,-3788.00,-22.00
[11:44:38.641] 25257.00,-3798.00,-17.00
[11:44:38.685] 25265.00,-3810.00,-17.00
[11:44:38.724] 25265.00,-3796.00,-25.00
[11:44:38.763] 25298.00,-3806.00,-20.00
[11:44:38.802] 25265.00,-3803.00,-20.00
[11:44:38.843] 25257.00,-3817.00,-2.00
[11:44:38.883] 25260.00,-3796.00,-7.00
[11:44:38.924] 25262.00,-3798.00,0.00
[11:44:38.965] 25273.00,-3803.00,-25.00
[11:44:39.002] 25273.00,-3796.00,-10.00
[11:44:39.043] 25257.00,-3798.00,-27.00
[11:44:39.083] 25291.00,-3806.00,-35.00
[11:44:39.125] 25265.00,-3803.00,-27.00
[11:44:39.164] 25267.00,-3798.00,-2.00
[11:44:39.203] 25288.00,-3788.00,-30.00
[11:44:39.245] 25291.00,-3810.00,-20.00
[11:44:39.283] 25270.00,-3793.00,-25.00
[11:44:39.324] 25262.00,-3796.00,-20.00
[11:44:39.365] 25262.00,-3782.00,-25.00
[11:44:39.405] 25252.00,-3780.00,-66.00
[11:44:39.442] 25293.00,-3812.00,-32.00
[11:44:39.482] 25260.00,-3815.00,-35.00
[11:44:39.521] 25270.00,-3791.00,-22.00
[11:44:39.565] 25281.00,-3788.00,-25.00
[11:44:39.590] 25286.00,-3817.00,-25.00
[11:44:39.644] 25293.00,-3810.00,-35.00
[11:44:39.683] 25291.00,-3817.00,-30.00
[11:44:39.726] 25276.00,-3806.00,-43.00
[11:44:39.764] 25252.00,-3796.00,-41.00
[11:44:39.806] 25255.00,-3777.00,-20.00
[11:44:39.844] 25257.00,-3812.00,-48.00
[11:44:39.884] 25283.00,-3822.00,-25.00
[11:44:39.924] 25252.00,-3796.00,-22.00
[11:44:39.965] 25273.00,-3587.00,-25.00
[11:44:40.002] 25262.00,-3815.00,-61.00
[11:44:40.043] 25270.00,-3780.00,-15.00
[11:44:40.083] 25293.00,-3803.00,-25.00
[11:44:40.123] 25250.00,-3803.00,-25.00
[11:44:40.162] 25255.00,-3793.00,-41.00
[11:44:40.203] 25267.00,-3782.00,-22.00
[11:44:40.245] 25245.00,-3801.00,-22.00
[11:44:40.282] 25257.00,-3798.00,-25.00
[11:44:40.322] 25291.00,-3672.00,-25.00
[11:44:40.364] 25298.00,-3815.00,-25.00
[11:44:40.406] 25265.00,-3803.00,-22.00
[11:44:40.445] 25265.00,-3796.00,-22.00
[11:44:40.485] 25260.00,-3793.00,-35.00
[11:44:40.525] 25257.00,-3791.00,-17.00
[11:44:40.561] 25270.00,-3801.00,-15.00
[11:44:40.603] 25293.00,-3806.00,-17.00
[11:44:40.644] 25267.00,-3803.00,-12.00
[11:44:40.685] 25257.00,-3801.00,-43.00
[11:44:40.725] 25252.00,-3786.00,-27.00
[11:44:40.764] 25288.00,-3812.00,-17.00
[11:44:40.804] 25265.00,-3801.00,-27.00
[11:44:40.844] 25265.00,-3798.00,-27.00
[11:44:40.884] 25262.00,-3817.00,-22.00
[11:44:40.921] 25276.00,-3780.00,-30.00
[11:44:40.963] 25255.00,-3810.00,-25.00
[11:44:41.002] 25257.00,-3793.00,-22.00
[11:44:41.044] 25273.00,-3803.00,-5.00
[11:44:41.085] 25270.00,-3791.00,-30.00
[11:44:41.123] 25288.00,-3796.00,-53.00
[11:44:41.162] 25296.00,-3801.00,-25.00
[11:44:41.202] 25293.00,-3812.00,-27.00
[11:44:41.245] 25262.00,-3815.00,-20.00
[11:44:41.283] 25265.00,-3791.00,-27.00
[11:44:41.323] 25270.00,-3803.00,-25.00
[11:44:41.365] 25262.00,-3796.00,-20.00
[11:44:41.405] 25262.00,-3801.00,-25.00
[11:44:41.443] 25288.00,-3815.00,-32.00
[11:44:41.486] 25270.00,-3796.00,-25.00
[11:44:41.524] 25273.00,-3810.00,-22.00
[11:44:41.564] 25265.00,-3820.00,-25.00
[11:44:41.603] 25291.00,-3796.00,-30.00
[11:44:41.646] 25288.00,-3798.00,-22.00
[11:44:41.682] 25255.00,-3788.00,-32.00
[11:44:41.722] 25270.00,-3798.00,-27.00
[11:44:41.764] 25257.00,-3803.00,-25.00
[11:44:41.806] 25276.00,-3801.00,-32.00
[11:44:41.844] 25260.00,-3806.00,-15.00
[11:44:41.882] 25298.00,-3803.00,-30.00
[11:44:41.924] 25260.00,-3777.00,-20.00
[11:44:41.963] 25265.00,-3801.00,-17.00
[11:44:42.005] 25265.00,-3772.00,-17.00
[11:44:42.044] 25267.00,-3803.00,-20.00
[11:44:42.082] 25250.00,-3806.00,-17.00
[11:44:42.123] 25288.00,-3810.00,-37.00
[11:44:42.166] 25262.00,-3820.00,-25.00
[11:44:42.206] 25252.00,-3810.00,-30.00
[11:44:42.244] 25262.00,-3825.00,-53.00
[11:44:42.284] 25255.00,-3786.00,-27.00
[11:44:42.326] 25288.00,-3812.00,-30.00
[11:44:42.363] 25260.00,-3812.00,-27.00
[11:44:42.402] 25267.00,-3806.00,-37.00
[11:44:42.444] 25265.00,-3820.00,-5.00
[11:44:42.483] 25267.00,-3815.00,-22.00
[11:44:42.525] 25270.00,-3815.00,-53.00
[11:44:42.564] 25240.00,-3803.00,-61.00
[11:44:42.602] 25262.00,-3788.00,-22.00
[11:44:42.644] 25283.00,-3801.00,-27.00
[11:44:42.685] 25252.00,-3806.00,-32.00
[11:44:42.724] 25255.00,-3791.00,-30.00
[11:44:42.763] 25260.00,-3786.00,-32.00
[11:44:42.803] 25262.00,-3798.00,-15.00
[11:44:42.845] 25265.00,-3822.00,-20.00
[11:44:42.870] 25255.00,-3810.00,-35.00
[11:44:42.922] 25260.00,-3812.00,-32.00
[11:44:42.964] 25265.00,-3798.00,-27.00
[11:44:43.004] 25257.00,-3796.00,-25.00
[11:44:43.045] 25255.00,-3791.00,-20.00
[11:44:43.082] 25252.00,-3810.00,-15.00
[11:44:43.124] 25296.00,-3801.00,-43.00
[11:44:43.163] 25270.00,-3810.00,-22.00
[11:44:43.205] 25291.00,-3817.00,-22.00
[11:44:43.231] 25262.00,-3820.00,-25.00
[11:44:43.284] 25270.00,-3793.00,-27.00
[11:44:43.309] 25265.00,-3822.00,-37.00
[11:44:43.365] 25270.00,-3803.00,-48.00
[11:44:43.404] 25296.00,-3791.00,-27.00
[11:44:43.445] 25303.00,-3801.00,-27.00
[11:44:43.483] 25262.00,-3788.00,-32.00
[11:44:43.523] 25260.00,-3788.00,-46.00
[11:44:43.565] 25237.00,-3822.00,165.00
[11:44:43.604] 25260.00,-3780.00,-41.00
[11:44:43.644] 25260.00,-3780.00,-41.00
[11:44:43.681] 25265.00,-3830.00,-30.00
[11:44:43.723] 25278.00,-3796.00,-7.00
[11:44:43.764] 25255.00,-3788.00,-30.00
[11:44:43.804] 25260.00,-3815.00,-17.00
[11:44:43.841] 25288.00,-3798.00,-25.00
[11:44:43.885] 25252.00,-3791.00,-20.00
[11:44:43.924] 25267.00,-3812.00,-17.00
[11:44:43.966] 25288.00,-3812.00,-27.00
[11:44:43.991] 25257.00,-3796.00,-37.00
[11:44:44.045] 25262.00,-3801.00,-35.00
[11:44:44.082] 25255.00,-3803.00,-27.00
[11:44:44.124] 25252.00,-3803.00,-17.00
[11:44:44.162] 25288.00,-3812.00,-43.00
[11:44:44.203] 25240.00,-3801.00,-20.00
[11:44:44.244] 25265.00,-3803.00,-20.00
[11:44:44.285] 25288.00,-3801.00,-22.00
[11:44:44.323] 25240.00,-3788.00,-27.00
[11:44:44.364] 25255.00,-3806.00,-27.00
[11:44:44.390] 25255.00,-3798.00,-15.00
[11:44:44.444] 25255.00,-3793.00,-25.00
[11:44:44.485] 25262.00,-3563.00,-15.00
[11:44:44.522] 25296.00,-3803.00,-27.00
[11:44:44.565] 25267.00,-3786.00,-27.00
[11:44:44.602] 25265.00,-3796.00,-10.00
[11:44:44.644] 25296.00,-3830.00,-43.00
[11:44:44.683] 25245.00,-3796.00,-25.00
[11:44:44.724] 25296.00,-3806.00,-27.00
[11:44:44.764] 25255.00,-3812.00,-35.00
[11:44:44.804] 25273.00,-3798.00,-20.00
[11:44:44.842] 25240.00,-3796.00,-63.00
[11:44:44.885] 25265.00,-3796.00,-30.00
[11:44:44.923] 25291.00,-3801.00,-27.00
[11:44:44.964] 25296.00,-3801.00,0.00
[11:44:45.004] 25260.00,-3791.00,-10.00
[11:44:45.041] 25270.00,-3780.00,0.00
[11:44:45.085] 25260.00,-3806.00,-27.00
[11:44:45.125] 25273.00,-3803.00,-43.00
[11:44:45.162] 25273.00,-3803.00,-43.00
[11:44:45.202] 25267.00,-3827.00,-25.00
[11:44:45.245] 25260.00,-3812.00,-17.00
[11:44:45.282] 25265.00,-3798.00,-20.00
[11:44:45.324] 25262.00,-3570.00,-41.00
[11:44:45.364] 25267.00,-3798.00,-27.00
[11:44:45.404] 25265.00,-3796.00,-20.00
[11:44:45.443] 25270.00,-3806.00,-27.00
[11:44:45.482] 25273.00,-3798.00,-27.00
[11:44:45.522] 25262.00,-3803.00,-22.00
[11:44:45.563] 25255.00,-3780.00,-32.00
[11:44:45.604] 25260.00,-3803.00,-41.00
[11:44:45.645] 25260.00,-3798.00,-25.00
[11:44:45.684] 25291.00,-3806.00,-30.00
[11:44:45.724] 25257.00,-3815.00,-22.00
[11:44:45.764] 25260.00,-3786.00,-25.00
[11:44:45.804] 25255.00,-3798.00,-32.00
[11:44:45.842] 25267.00,-3817.00,-15.00
[11:44:45.886] 25273.00,-3788.00,-41.00
[11:44:45.922] 25267.00,-3806.00,-27.00
[11:44:45.963] 25270.00,-3803.00,-51.00
[11:44:46.005] 25245.00,-3810.00,-48.00
[11:44:46.045] 25257.00,-3801.00,-30.00
[11:44:46.083] 25260.00,-3810.00,-25.00
[11:44:46.123] 25260.00,-3838.00,-12.00
[11:44:46.164] 25296.00,-3803.00,-17.00
[11:44:46.204] 25262.00,-3815.00,-27.00
[11:44:46.233] 25283.00,-3817.00,-46.00
[11:44:46.284] 25265.00,-3798.00,-37.00
[11:44:46.325] 25265.00,-3793.00,-15.00
[11:44:46.351] 25276.00,-3801.00,-15.00
[11:44:46.405] 25257.00,-3793.00,-25.00
[11:44:46.443] 25276.00,-3793.00,-32.00
[11:44:46.486] 25296.00,-3806.00,-35.00
[11:44:46.522] 25260.00,-3817.00,-35.00
[11:44:46.565] 25281.00,-3793.00,-25.00
[11:44:46.602] 25257.00,-3791.00,-30.00
[11:44:46.645] 25257.00,-3791.00,-37.00
[11:44:46.682] 25286.00,-3806.00,-27.00
[11:44:46.724] 25250.00,-3806.00,-15.00
[11:44:46.763] 25255.00,-3815.00,-41.00
[11:44:46.805] 25278.00,-3822.00,-43.00
[11:44:46.843] 25255.00,-3817.00,-22.00
[11:44:46.884] 25267.00,-3798.00,-25.00
[11:44:46.922] 25298.00,-3601.00,-30.00
[11:44:46.966] 25291.00,-3812.00,-25.00
[11:44:47.002] 25265.00,-3793.00,-30.00
[11:44:47.044] 25270.00,-3817.00,-30.00
[11:44:47.084] 25255.00,-3810.00,-30.00
[11:44:47.123] 25257.00,-3806.00,-27.00
[11:44:47.162] 25255.00,-3796.00,-20.00
[11:44:47.202] 25291.00,-3793.00,-27.00
[11:44:47.244] 25257.00,-3793.00,-20.00
[11:44:47.283] 25262.00,-3820.00,-10.00
[11:44:47.325] 25260.00,-3806.00,-20.00
[11:44:47.364] 25298.00,-3812.00,-22.00
[11:44:47.404] 25267.00,-3786.00,-32.00
[11:44:47.441] 25265.00,-3806.00,-30.00
[11:44:47.484] 25265.00,-3798.00,-25.00
[11:44:47.524] 25278.00,-3791.00,-15.00
[11:44:47.564] 25260.00,-3827.00,-32.00
[11:44:47.603] 25257.00,-3815.00,-25.00
[11:44:47.644] 25265.00,-3812.00,-20.00
[11:44:47.685] 25255.00,-3796.00,-27.00
[11:44:47.711] 25250.00,-3827.00,170.00
[11:44:47.764] 25262.00,-3820.00,-51.00
[11:44:47.803] 25296.00,-3820.00,-22.00
[11:44:47.843] 25242.00,-3825.00,-41.00
[11:44:47.882] 25257.00,-3798.00,-25.00
[11:44:47.922] 25245.00,-3803.00,-32.00
[11:44:47.963] 25267.00,-3793.00,-20.00
[11:44:48.004] 25276.00,-3793.00,-17.00
[11:44:48.045] 25296.00,-3812.00,-30.00
[11:44:48.082] 25260.00,-3810.00,-37.00
[11:44:48.121] 25262.00,-3810.00,-41.00
[11:44:48.164] 25267.00,-3793.00,-22.00
[11:44:48.205] 25288.00,-3791.00,-25.00
[11:44:48.244] 25293.00,-3806.00,-30.00
[11:44:48.285] 25267.00,-3801.00,-25.00
[11:44:48.323] 25270.00,-3803.00,-46.00
[11:44:48.362] 25252.00,-3782.00,-22.00
[11:44:48.406] 25286.00,-3796.00,2.00
[11:44:48.443] 25260.00,-3815.00,0.00
[11:44:48.483] 25291.00,-3801.00,-2.00
[11:44:48.524] 25265.00,-3796.00,-7.00
[11:44:48.563] 25278.00,-3817.00,-27.00
[11:44:48.603] 25257.00,-3788.00,-32.00
[11:44:48.641] 25257.00,-3803.00,-30.00
[11:44:48.685] 25293.00,-3796.00,-43.00
[11:44:48.724] 25293.00,-3796.00,-43.00
[11:44:48.765] 25257.00,-3801.00,-41.00
[11:44:48.803] 25245.00,-3788.00,-56.00
[11:44:48.846] 25267.00,-3796.00,-15.00
[11:44:48.872] 25273.00,-3810.00,-10.00
[11:44:48.924] 25291.00,-3791.00,-30.00
[11:44:48.961] 25265.00,-3815.00,-17.00
[11:44:49.001] 25262.00,-3801.00,-22.00
[11:44:49.043] 25262.00,-3780.00,-15.00
[11:44:49.084] 25267.00,-3798.00,-27.00
[11:44:49.122] 25296.00,-3812.00,-27.00
[11:44:49.163] 25257.00,-3791.00,-25.00
[11:44:49.205] 25260.00,-3798.00,-25.00
[11:44:49.245] 25288.00,-3585.00,-43.00
[11:44:49.282] 25252.00,-3803.00,-20.00
[11:44:49.321] 25291.00,-3810.00,-22.00
[11:44:49.363] 25267.00,-3770.00,-35.00
[11:44:49.405] 25252.00,-3806.00,-30.00
[11:44:49.444] 25270.00,-3796.00,-27.00
[11:44:49.484] 25262.00,-3786.00,-15.00
[11:44:49.526] 25267.00,-3782.00,-2.00
[11:44:49.564] 25260.00,-3585.00,-30.00
[11:44:49.604] 25288.00,-3815.00,-27.00
[11:44:49.644] 25250.00,-3803.00,-30.00
[11:44:49.682] 25265.00,-3815.00,-25.00
[11:44:49.723] 25291.00,-3803.00,-30.00
[11:44:49.762] 25293.00,-3796.00,-22.00
[11:44:49.804] 25291.00,-3803.00,-25.00
[11:44:49.832] 25276.00,-3801.00,-27.00
[11:44:49.885] 25276.00,-3780.00,-25.00
[11:44:49.926] 25262.00,-3810.00,-27.00
[11:44:49.964] 25267.00,-3801.00,-37.00
[11:44:50.002] 25291.00,-3798.00,-25.00
[11:44:50.041] 25252.00,-3791.00,-15.00
[11:44:50.085] 25257.00,-3806.00,-30.00
[11:44:50.125] 25265.00,-3825.00,-37.00
[11:44:50.165] 25276.00,-3796.00,-25.00
[11:44:50.201] 25265.00,-3803.00,-32.00
[11:44:50.249] 25265.00,-3803.00,-32.00
[11:44:50.284] 25250.00,-3791.00,-37.00
[11:44:50.324] 25273.00,-3812.00,-32.00
[11:44:50.361] 25273.00,-3786.00,-25.00
[11:44:50.390] 25270.00,-3801.00,-30.00
[11:44:50.442] 25291.00,-3825.00,-27.00
[11:44:50.484] 25265.00,-3815.00,-35.00
[11:44:50.523] 25267.00,-3812.00,-20.00
[11:44:50.563] 25262.00,-3820.00,-17.00
[11:44:50.594] 25276.00,-3775.00,-27.00
[11:44:50.644] 25267.00,-3798.00,-15.00
[11:44:50.684] 25252.00,-3801.00,-27.00
[11:44:50.723] 25270.00,-3461.00,51.00
[11:44:50.763] 25291.00,-3815.00,-25.00
[11:44:50.804] 25270.00,-3803.00,-25.00
[11:44:50.844] 25278.00,-3806.00,-22.00
[11:44:50.884] 25296.00,-3806.00,-25.00
[11:44:50.924] 25262.00,-3798.00,-27.00
[11:44:50.964] 25260.00,-3815.00,-20.00
[11:44:51.003] 25255.00,-3793.00,-27.00
[11:44:51.044] 25276.00,-3803.00,-22.00
[11:44:51.081] 25257.00,-3803.00,-46.00
[11:44:51.122] 25296.00,-3820.00,-17.00
[11:44:51.164] 25260.00,-3810.00,-25.00
[11:44:51.205] 25257.00,-3803.00,-35.00
[11:44:51.231] 25291.00,-3827.00,-32.00
[11:44:51.285] 25267.00,-3812.00,-2.00
[11:44:51.325] 25288.00,-3820.00,158.00
[11:44:51.352] 25262.00,-3825.00,146.00
[11:44:51.402] 25267.00,-3793.00,-25.00
[11:44:51.441] 25278.00,-3791.00,-15.00
[11:44:51.484] 25262.00,-3801.00,-22.00
[11:44:51.525] 25265.00,-3803.00,-27.00
[11:44:51.562] 25293.00,-3812.00,-27.00
[11:44:51.603] 25247.00,-3798.00,-17.00
[11:44:51.645] 25273.00,-3788.00,-27.00
[11:44:51.684] 25250.00,-3786.00,-17.00
[11:44:51.725] 25255.00,-3810.00,-15.00
[11:44:51.763] 25293.00,-3830.00,-30.00
[11:44:51.805] 25262.00,-3822.00,-20.00
[11:44:51.845] 25250.00,-3815.00,-27.00
[11:44:51.885] 25255.00,-3796.00,-25.00
[11:44:51.925] 25281.00,-3806.00,-27.00
[11:44:51.965] 25270.00,-3798.00,-17.00
[11:44:52.005] 25296.00,-3793.00,-32.00
[11:44:52.044] 25267.00,-3798.00,-35.00
[11:44:52.082] 25273.00,-3806.00,-30.00
[11:44:52.124] 25247.00,-3806.00,-35.00
[11:44:52.166] 25270.00,-3798.00,-20.00
[11:44:52.204] 25265.00,-3788.00,-25.00
[11:44:52.242] 25262.00,-3791.00,-17.00
[11:44:52.284] 25291.00,-3836.00,-22.00
[11:44:52.323] 25247.00,-3815.00,-15.00
[11:44:52.363] 25270.00,-3812.00,-25.00
[11:44:52.404] 25267.00,-3806.00,-27.00
[11:44:52.442] 25262.00,-3791.00,-17.00
[11:44:52.483] 25267.00,-3798.00,-22.00
[11:44:52.523] 25262.00,-3782.00,-22.00
[11:44:52.562] 25247.00,-3810.00,-17.00
[11:44:52.602] 25267.00,-3798.00,-22.00
[11:44:52.633] 25260.00,-3822.00,-17.00
[11:44:52.686] 25260.00,-3810.00,-25.00
[11:44:52.712] 25252.00,-3803.00,-10.00
[11:44:52.762] 25276.00,-3812.00,-37.00
[11:44:52.804] 25291.00,-3817.00,-25.00
[11:44:52.841] 25286.00,-3798.00,-46.00
[11:44:52.883] 25250.00,-3780.00,-5.00
[11:44:52.924] 25267.00,-3830.00,-30.00
[11:44:52.964] 25281.00,-3798.00,2.00
[11:44:53.003] 25255.00,-3793.00,-22.00
[11:44:53.045] 25262.00,-3791.00,-20.00
[11:44:53.084] 25293.00,-3825.00,-35.00
[11:44:53.126] 25288.00,-3803.00,0.00
[11:44:53.161] 25260.00,-3780.00,0.00
[11:44:53.203] 25257.00,-3793.00,-25.00
[11:44:53.242] 25273.00,-3793.00,-17.00
[11:44:53.283] 25293.00,-3796.00,-32.00
[11:44:53.324] 25252.00,-3793.00,-32.00
[11:44:53.363] 25278.00,-3801.00,2.00
[11:44:53.404] 25262.00,-3817.00,-22.00
[11:44:53.442] 25267.00,-3810.00,-20.00
[11:44:53.484] 25265.00,-3798.00,-20.00
