# Serial Log - 2026-04-18T17:59:02.345837
# Port: COM36 @ 115200bps
#============================================================
[17:59:02.381] imu_att:-0.031,0.001,-5.242,-175.034,2.215,2.003
[17:59:02.420] imu_att:-0.027,0.001,-5.242,-175.055,1.844,2.001
[17:59:02.460] imu_att:-0.023,0.003,-5.243,-175.017,2.311,2.050
[17:59:02.501] imu_att:-0.010,0.009,-5.243,-174.928,1.923,2.021
[17:59:02.541] imu_att:-0.014,0.002,-5.243,-175.825,1.561,1.972
[17:59:02.580] imu_att:-0.015,0.005,-5.244,-175.828,1.628,1.933
[17:59:02.620] imu_att:0.005,-0.007,-5.244,-174.903,2.113,1.911
[17:59:02.660] imu_att:-0.000,-0.006,-5.246,-175.297,2.130,1.956
[17:59:02.701] imu_att:0.000,0.009,-5.246,-175.341,1.937,1.944
[17:59:02.741] imu_att:-0.013,-0.008,-5.247,-175.177,2.207,1.964
[17:59:02.780] imu_att:-0.015,-0.008,-5.248,-175.996,1.416,1.931
[17:59:02.820] imu_att:-0.007,0.001,-5.249,-175.389,1.965,1.929
[17:59:02.861] imu_att:-0.024,-0.011,-5.251,-175.033,2.096,1.931
[17:59:02.901] imu_att:-0.010,-0.001,-5.252,-175.040,2.327,2.004
[17:59:02.940] imu_att:-0.006,0.017,-5.253,-175.096,2.079,2.044
[17:59:02.980] imu_att:-0.001,0.017,-5.252,-174.716,2.252,2.051
[17:59:03.021] imu_att:-0.014,0.007,-5.253,-175.994,1.786,2.013
[17:59:03.061] imu_att:-0.005,0.016,-5.255,-175.460,1.808,1.983
[17:59:03.100] imu_att:-0.004,0.011,-5.256,-175.055,2.123,1.982
[17:59:03.140] imu_att:-0.013,-0.008,-5.257,-175.199,2.255,2.059
[17:59:03.181] imu_att:-0.013,-0.014,-5.258,-174.966,2.352,2.110
[17:59:03.221] imu_att:-0.002,0.006,-5.259,-175.187,1.950,2.109
[17:59:03.260] imu_att:-0.013,-0.006,-5.261,-176.013,1.518,2.036
[17:59:03.300] imu_att:-0.007,0.005,-5.262,-175.250,1.461,1.899
[17:59:03.340] imu_att:-0.008,0.002,-5.264,-175.170,1.552,1.822
[17:59:03.381] imu_att:-0.021,-0.006,-5.261,-174.584,2.234,1.853
[17:59:03.421] imu_att:-0.021,-0.007,-5.262,-174.739,2.280,1.927
[17:59:03.460] imu_att:-0.022,-0.002,-5.262,-175.593,2.103,1.970
[17:59:03.500] imu_att:-0.023,0.002,-5.264,-175.229,1.933,1.949
[17:59:03.541] imu_att:-0.015,0.006,-5.264,-174.963,2.210,1.980
[17:59:03.581] imu_att:-0.025,0.005,-5.263,-175.171,2.199,2.015
[17:59:03.620] imu_att:-0.014,0.002,-5.264,-175.495,2.179,2.072
[17:59:03.660] imu_att:-0.014,0.009,-5.264,-175.024,1.987,2.020
[17:59:03.699] imu_att:-0.028,0.005,-5.264,-175.350,1.776,1.988
[17:59:03.741] imu_att:-0.018,-0.004,-5.266,-175.710,1.561,1.877
[17:59:03.780] imu_att:-0.005,0.007,-5.267,-176.312,1.418,1.856
[17:59:03.820] imu_att:0.006,0.022,-5.269,-175.812,1.457,1.789
[17:59:03.860] imu_att:-0.000,0.008,-5.271,-175.314,1.921,1.794
[17:59:03.901] imu_att:-0.012,-0.005,-5.272,-174.801,2.195,1.800
[17:59:03.941] imu_att:-0.011,-0.005,-5.272,-175.361,1.864,1.857
[17:59:03.980] imu_att:-0.013,-0.003,-5.272,-175.219,1.922,1.840
[17:59:04.020] imu_att:-0.009,-0.013,-5.272,-174.942,2.109,1.852
[17:59:04.061] imu_att:-0.010,-0.003,-5.273,-175.557,1.572,1.845
[17:59:04.101] imu_att:-0.025,-0.005,-5.275,-175.577,1.668,1.830
[17:59:04.140] imu_att:-0.017,-0.004,-5.275,-174.760,1.903,1.824
[17:59:04.180] imu_att:-0.005,-0.007,-5.274,-174.953,2.046,1.864
[17:59:04.221] imu_att:-0.003,0.000,-5.274,-174.977,2.323,1.928
[17:59:04.261] imu_att:-0.024,0.002,-5.273,-174.753,2.463,2.003
[17:59:04.300] imu_att:-0.037,0.002,-5.273,-174.953,2.173,2.035
[17:59:04.340] imu_att:-0.026,-0.006,-5.275,-174.906,2.340,2.083
[17:59:04.381] imu_att:-0.016,-0.020,-5.276,-175.559,2.126,2.117
[17:59:04.421] imu_att:-0.023,-0.012,-5.277,-175.013,2.047,2.080
[17:59:04.461] imu_att:-0.013,-0.006,-5.276,-175.363,1.894,2.078
[17:59:04.500] imu_att:-0.013,0.001,-5.278,-174.754,1.728,2.018
[17:59:04.540] imu_att:-0.011,-0.005,-5.278,-174.817,2.147,2.018
[17:59:04.581] imu_att:-0.006,0.003,-5.279,-175.276,1.881,1.965
[17:59:04.621] imu_att:-0.015,-0.016,-5.280,-175.350,2.080,1.999
[17:59:04.660] imu_att:-0.018,0.001,-5.281,-175.351,1.873,1.950
[17:59:04.700] imu_att:-0.021,-0.005,-5.280,-175.075,2.370,2.006
[17:59:04.741] imu_att:-0.016,-0.011,-5.281,-175.373,1.698,1.966
[17:59:04.781] imu_att:-0.021,0.002,-5.282,-174.399,2.337,1.965
[17:59:04.820] imu_att:-0.026,-0.003,-5.281,-175.205,2.027,1.975
[17:59:04.860] imu_att:-0.029,-0.016,-5.282,-174.950,2.085,1.986
[17:59:04.899] imu_att:-0.013,0.003,-5.284,-174.664,2.357,2.015
[17:59:04.941] imu_att:-0.001,-0.004,-5.285,-175.381,1.634,2.007
[17:59:04.980] imu_att:-0.014,-0.008,-5.285,-175.704,1.640,1.966
[17:59:05.020] imu_att:-0.007,-0.004,-5.286,-176.497,1.125,1.899
[17:59:05.059] imu_att:-0.021,-0.019,-5.286,-175.326,1.861,1.854
[17:59:05.101] imu_att:-0.011,-0.008,-5.288,-174.792,2.239,1.912
[17:59:05.140] imu_att:-0.018,-0.005,-5.289,-175.373,2.121,1.964
[17:59:05.180] imu_att:-0.011,0.002,-5.290,-175.318,1.450,1.897
[17:59:05.220] imu_att:-0.003,-0.005,-5.290,-175.677,1.542,1.832
[17:59:05.261] imu_att:-0.012,-0.006,-5.291,-175.343,1.803,1.848
[17:59:05.300] imu_att:-0.018,0.003,-5.292,-174.968,2.259,1.922
[17:59:05.340] imu_att:-0.012,0.010,-5.293,-175.207,2.228,1.988
[17:59:05.380] imu_att:-0.011,0.019,-5.293,-175.204,1.862,2.008
[17:59:05.421] imu_att:-0.011,0.010,-5.293,-175.552,1.764,1.980
[17:59:05.461] imu_att:-0.016,0.017,-5.295,-175.493,1.708,1.958
[17:59:05.500] imu_att:-0.010,0.013,-5.296,-175.207,2.068,1.949
[17:59:05.540] imu_att:-0.011,-0.002,-5.297,-175.533,1.732,1.939
[17:59:05.581] imu_att:-0.008,0.009,-5.297,-175.285,2.031,1.959
[17:59:05.621] imu_att:-0.019,0.008,-5.297,-174.626,2.443,2.020
[17:59:05.660] imu_att:-0.021,0.003,-5.296,-174.893,2.181,2.045
[17:59:05.700] imu_att:-0.000,0.016,-5.297,-175.339,1.961,2.059
[17:59:05.740] imu_att:-0.019,0.011,-5.297,-175.062,1.903,2.012
[17:59:05.781] imu_att:-0.022,0.004,-5.298,-175.680,1.606,1.969
[17:59:05.821] imu_att:-0.013,0.001,-5.299,-175.212,2.139,1.988
[17:59:05.860] imu_att:-0.014,0.008,-5.298,-175.046,2.260,2.002
[17:59:05.900] imu_att:-0.020,0.009,-5.300,-175.834,1.744,2.023
[17:59:05.941] imu_att:-0.016,0.005,-5.299,-174.974,2.017,1.979
[17:59:05.981] imu_att:-0.007,-0.006,-5.301,-175.481,2.051,2.013
[17:59:06.020] imu_att:-0.013,0.004,-5.302,-175.522,1.652,1.956
[17:59:06.060] imu_att:-0.012,-0.001,-5.304,-174.965,1.987,1.925
[17:59:06.100] imu_att:-0.001,-0.007,-5.304,-175.883,2.132,1.956
[17:59:06.141] imu_att:0.008,0.007,-5.304,-176.020,1.517,1.934
[17:59:06.181] imu_att:-0.002,0.009,-5.305,-175.373,1.854,1.879
[17:59:06.220] imu_att:-0.017,0.005,-5.305,-176.452,0.974,1.821
[17:59:06.260] imu_att:-0.010,0.010,-5.306,-174.863,2.208,1.785
[17:59:06.301] imu_att:-0.009,0.019,-5.308,-175.269,2.000,1.843
[17:59:06.341] imu_att:0.003,0.011,-5.309,-175.515,2.074,1.908
[17:59:06.380] imu_att:-0.007,0.009,-5.309,-175.614,1.901,1.937
[17:59:06.420] imu_att:-0.010,0.004,-5.310,-175.339,1.823,1.929
[17:59:06.460] imu_att:-0.004,0.006,-5.311,-175.870,1.371,1.852
[17:59:06.501] imu_att:0.007,-0.001,-5.311,-175.483,1.854,1.850
[17:59:06.541] imu_att:0.010,0.010,-5.313,-174.886,1.979,1.851
[17:59:06.580] imu_att:-0.005,0.008,-5.314,-175.006,1.878,1.893
[17:59:06.620] imu_att:-0.007,0.020,-5.313,-175.978,1.682,1.930
[17:59:06.661] imu_att:-0.008,0.016,-5.314,-175.294,1.917,1.902
[17:59:06.701] imu_att:-0.018,0.008,-5.315,-175.608,1.577,1.828
[17:59:06.740] imu_att:-0.017,0.011,-5.317,-175.176,1.677,1.804
[17:59:06.780] imu_att:-0.018,0.002,-5.317,-175.055,2.175,1.849
[17:59:06.821] imu_att:-0.007,0.007,-5.316,-175.585,2.091,1.922
[17:59:06.861] imu_att:-0.003,0.008,-5.317,-175.999,1.363,1.864
[17:59:06.900] imu_att:-0.016,0.004,-5.318,-174.904,2.144,1.878
[17:59:06.940] imu_att:-0.006,0.005,-5.318,-174.986,2.190,1.929
[17:59:06.980] imu_att:-0.012,-0.001,-5.319,-174.618,2.310,1.977
[17:59:07.021] imu_att:-0.021,-0.001,-5.320,-175.741,2.022,2.030
[17:59:07.061] imu_att:-0.015,-0.005,-5.321,-175.552,2.067,2.044
[17:59:07.100] imu_att:-0.009,0.003,-5.321,-175.239,1.937,2.025
[17:59:07.140] imu_att:-0.002,0.003,-5.322,-175.844,1.296,1.899
[17:59:07.181] imu_att:-0.010,0.002,-5.323,-175.273,2.217,1.960
[17:59:07.221] imu_att:-0.017,-0.017,-5.322,-175.475,1.915,2.039
[17:59:07.261] imu_att:-0.022,-0.009,-5.321,-175.050,2.118,2.027
[17:59:07.300] imu_att:-0.012,0.005,-5.324,-175.017,2.223,2.054
[17:59:07.340] imu_att:-0.025,-0.012,-5.323,-175.219,2.126,2.101
[17:59:07.381] imu_att:-0.010,-0.002,-5.324,-175.922,1.799,2.058
[17:59:07.421] imu_att:-0.025,-0.003,-5.325,-175.270,2.035,2.079
[17:59:07.460] imu_att:-0.017,0.011,-5.326,-175.284,1.712,2.037
[17:59:07.500] imu_att:-0.015,0.011,-5.326,-175.445,2.004,2.044
[17:59:07.541] imu_att:-0.010,0.002,-5.328,-175.034,2.179,1.998
[17:59:07.581] imu_att:-0.019,0.003,-5.329,-176.040,1.656,2.015
[17:59:07.620] imu_att:-0.018,0.003,-5.331,-175.716,1.443,1.977
[17:59:07.660] imu_att:-0.006,0.010,-5.333,-174.603,2.365,1.921
[17:59:07.700] imu_att:-0.019,0.004,-5.334,-175.510,2.368,2.044
[17:59:07.741] imu_att:-0.008,-0.005,-5.336,-175.252,1.732,1.978
[17:59:07.781] imu_att:-0.016,-0.004,-5.337,-175.249,1.998,1.971
[17:59:07.820] imu_att:-0.025,0.004,-5.336,-174.956,2.131,1.978
[17:59:07.860] imu_att:-0.026,0.009,-5.336,-175.825,1.984,2.023
[17:59:07.901] imu_att:-0.025,0.002,-5.336,-175.188,1.951,1.969
[17:59:07.941] imu_att:-0.022,0.007,-5.337,-175.066,1.862,1.924
[17:59:07.980] imu_att:-0.025,0.006,-5.339,-175.518,2.019,1.965
[17:59:08.020] imu_att:-0.013,-0.001,-5.341,-175.039,1.987,1.922
[17:59:08.060] imu_att:-0.017,-0.008,-5.341,-175.014,2.122,1.951
[17:59:08.101] imu_att:-0.010,-0.011,-5.344,-174.804,1.997,1.918
[17:59:08.140] imu_att:-0.009,0.005,-5.346,-175.285,1.884,1.907
[17:59:08.180] imu_att:-0.019,-0.006,-5.346,-175.695,1.584,1.875
[17:59:08.220] imu_att:-0.032,0.001,-5.347,-175.721,1.653,1.881
[17:59:08.261] imu_att:-0.018,-0.021,-5.347,-175.534,1.721,1.847
[17:59:08.301] imu_att:-0.022,-0.000,-5.348,-174.744,2.323,1.874
[17:59:08.340] imu_att:-0.015,0.000,-5.348,-174.995,2.152,1.970
[17:59:08.380] imu_att:-0.015,-0.003,-5.349,-175.198,1.930,1.971
[17:59:08.419] imu_att:-0.009,-0.001,-5.350,-175.245,1.886,1.924
[17:59:08.461] imu_att:-0.007,-0.002,-5.350,-175.212,2.140,1.975
[17:59:08.500] imu_att:-0.026,-0.001,-5.350,-175.261,1.817,1.966
[17:59:08.540] imu_att:-0.030,-0.005,-5.351,-176.012,1.470,1.939
[17:59:08.580] imu_att:-0.016,0.002,-5.352,-175.550,1.736,1.872
[17:59:08.621] imu_att:-0.029,0.015,-5.352,-175.682,2.024,1.897
[17:59:08.661] imu_att:-0.021,-0.001,-5.353,-175.341,1.776,1.859
[17:59:08.700] imu_att:-0.017,-0.008,-5.353,-175.409,1.743,1.839
[17:59:08.740] imu_att:-0.027,0.003,-5.351,-174.739,2.453,1.900
[17:59:08.781] imu_att:-0.028,-0.009,-5.351,-175.372,1.885,1.959
[17:59:08.821] imu_att:-0.017,0.016,-5.351,-175.033,2.195,1.979
[17:59:08.860] imu_att:-0.018,-0.003,-5.352,-175.369,1.802,1.957
[17:59:08.900] imu_att:-0.024,-0.004,-5.353,-174.576,2.398,1.972
[17:59:08.941] imu_att:-0.026,0.005,-5.355,-175.691,1.933,2.029
[17:59:08.981] imu_att:-0.019,0.003,-5.354,-175.075,1.978,2.005
[17:59:09.021] imu_att:-0.024,0.001,-5.353,-174.956,2.236,2.073
[17:59:09.060] imu_att:-0.029,0.003,-5.354,-175.207,1.967,2.061
[17:59:09.100] imu_att:-0.015,-0.016,-5.357,-175.253,2.236,2.113
[17:59:09.141] imu_att:-0.016,-0.013,-5.356,-175.080,2.005,2.095
[17:59:09.181] imu_att:-0.028,-0.013,-5.356,-175.212,2.290,2.111
[17:59:09.220] imu_att:-0.019,0.007,-5.356,-176.406,1.058,2.022
[17:59:09.260] imu_att:-0.003,-0.011,-5.357,-175.070,1.242,1.840
[17:59:09.301] imu_att:-0.014,0.004,-5.356,-175.536,1.840,1.844
[17:59:09.341] imu_att:-0.008,0.017,-5.357,-175.196,2.070,1.875
[17:59:09.380] imu_att:-0.017,0.012,-5.356,-176.202,1.521,1.897
[17:59:09.420] imu_att:-0.029,0.016,-5.356,-175.050,1.640,1.850
[17:59:09.460] imu_att:-0.020,0.008,-5.357,-175.465,1.786,1.830
[17:59:09.501] imu_att:-0.018,-0.004,-5.357,-175.229,1.949,1.842
[17:59:09.540] imu_att:-0.018,-0.028,-5.357,-175.125,2.170,1.908
[17:59:09.580] imu_att:-0.009,-0.018,-5.359,-175.686,1.550,1.886
[17:59:09.620] imu_att:-0.022,0.001,-5.359,-174.926,1.964,1.810
[17:59:09.661] imu_att:-0.006,-0.016,-5.362,-174.990,2.308,1.877
[17:59:09.701] imu_att:-0.023,-0.013,-5.362,-175.550,2.014,1.936
[17:59:09.740] imu_att:-0.023,-0.006,-5.363,-175.524,1.731,1.911
[17:59:09.780] imu_att:-0.029,0.004,-5.363,-174.999,1.994,1.921
[17:59:09.821] imu_att:-0.024,-0.012,-5.362,-175.946,1.784,1.945
[17:59:09.861] imu_att:-0.018,0.000,-5.364,-175.509,1.631,1.899
[17:59:09.900] imu_att:-0.015,0.009,-5.365,-175.663,1.748,1.890
[17:59:09.940] imu_att:-0.008,0.005,-5.366,-174.891,2.149,1.879
[17:59:09.980] imu_att:-0.011,0.021,-5.367,-174.777,2.282,1.933
[17:59:10.021] imu_att:-0.028,0.015,-5.369,-175.535,1.781,1.939
[17:59:10.060] imu_att:-0.030,0.004,-5.370,-175.871,1.542,1.922
[17:59:10.100] imu_att:-0.010,-0.006,-5.370,-175.069,2.177,1.957
[17:59:10.140] imu_att:-0.010,-0.005,-5.371,-175.487,1.879,1.954
[17:59:10.181] imu_att:-0.027,0.008,-5.372,-175.008,2.235,1.991
[17:59:10.221] imu_att:-0.025,0.006,-5.372,-175.705,1.632,1.982
[17:59:10.260] imu_att:-0.019,0.017,-5.374,-175.206,1.993,1.948
[17:59:10.300] imu_att:-0.018,0.028,-5.376,-175.673,1.632,1.933
[17:59:10.341] imu_att:-0.018,0.004,-5.377,-175.122,2.175,1.939
[17:59:10.381] imu_att:-0.007,0.001,-5.377,-175.509,1.722,1.930
[17:59:10.420] imu_att:-0.020,0.004,-5.378,-175.856,1.652,1.914
[17:59:10.460] imu_att:-0.021,-0.004,-5.379,-174.946,2.432,1.953
[17:59:10.500] imu_att:-0.022,-0.013,-5.378,-175.726,1.668,1.958
[17:59:10.541] imu_att:-0.018,-0.000,-5.379,-175.863,1.575,1.919
[17:59:10.580] imu_att:-0.017,0.000,-5.381,-174.766,1.987,1.837
[17:59:10.620] imu_att:-0.023,-0.011,-5.381,-175.347,2.218,1.935
[17:59:10.660] imu_att:-0.026,-0.016,-5.381,-175.040,2.523,2.021
[17:59:10.701] imu_att:-0.016,-0.009,-5.382,-175.115,2.129,2.053
[17:59:10.740] imu_att:-0.011,-0.006,-5.383,-175.183,2.083,2.064
[17:59:10.780] imu_att:-0.025,-0.003,-5.384,-175.175,2.100,2.054
[17:59:10.820] imu_att:-0.031,0.003,-5.385,-175.344,2.266,2.134
[17:59:10.861] imu_att:-0.021,0.009,-5.386,-174.873,2.154,2.138
[17:59:10.901] imu_att:-0.011,0.016,-5.388,-175.202,2.103,2.157
[17:59:10.940] imu_att:-0.030,-0.001,-5.389,-175.007,2.280,2.178
[17:59:10.980] imu_att:-0.021,-0.006,-5.390,-175.370,1.774,2.177
[17:59:11.019] imu_att:-0.013,-0.015,-5.389,-175.269,2.221,2.162
[17:59:11.061] imu_att:-0.019,-0.005,-5.391,-174.896,2.140,2.088
[17:59:11.100] imu_att:-0.001,0.004,-5.391,-174.814,2.243,2.084
[17:59:11.140] imu_att:-0.018,0.010,-5.392,-175.967,1.778,2.095
[17:59:11.180] imu_att:-0.003,0.009,-5.394,-174.953,2.296,2.105
[17:59:11.221] imu_att:-0.023,-0.001,-5.394,-175.205,2.125,2.132
[17:59:11.260] imu_att:-0.013,0.000,-5.395,-174.919,2.479,2.169
[17:59:11.300] imu_att:-0.021,-0.006,-5.396,-175.912,1.980,2.191
[17:59:11.340] imu_att:-0.019,0.004,-5.397,-174.933,2.170,2.169
[17:59:11.379] imu_att:-0.016,0.020,-5.400,-175.926,1.630,2.182
[17:59:11.421] imu_att:-0.022,0.015,-5.400,-174.928,2.128,2.069
[17:59:11.460] imu_att:-0.009,0.007,-5.402,-175.329,1.937,2.082
[17:59:11.500] imu_att:-0.006,0.010,-5.402,-175.325,1.806,2.062
[17:59:11.540] imu_att:-0.012,0.006,-5.402,-175.506,1.740,1.996
[17:59:11.581] imu_att:-0.013,-0.007,-5.403,-175.385,1.782,1.952
[17:59:11.620] imu_att:-0.024,-0.023,-5.403,-176.222,1.521,1.909
[17:59:11.660] imu_att:-0.025,-0.004,-5.403,-175.231,1.688,1.811
[17:59:11.700] imu_att:-0.028,-0.004,-5.404,-175.218,2.039,1.841
[17:59:11.741] imu_att:-0.022,0.009,-5.405,-174.505,2.649,1.919
[17:59:11.781] imu_att:-0.005,-0.004,-5.406,-175.997,2.108,2.013
[17:59:11.820] imu_att:-0.006,-0.003,-5.406,-174.488,2.462,2.023
[17:59:11.860] imu_att:-0.019,-0.009,-5.406,-175.227,2.079,2.059
[17:59:11.899] imu_att:-0.018,-0.017,-5.407,-175.254,2.051,2.070
[17:59:11.941] imu_att:-0.018,-0.015,-5.407,-175.368,1.849,2.037
[17:59:11.980] imu_att:-0.017,-0.010,-5.408,-176.027,1.543,1.958
[17:59:12.020] imu_att:-0.014,-0.011,-5.409,-175.741,1.573,1.892
[17:59:12.060] imu_att:-0.022,0.010,-5.409,-175.008,2.081,1.878
[17:59:12.101] imu_att:-0.008,0.014,-5.408,-175.060,2.143,1.951
[17:59:12.141] imu_att:-0.010,0.002,-5.408,-175.213,2.039,1.973
[17:59:12.180] imu_att:-0.017,0.006,-5.408,-174.721,2.516,2.052
[17:59:12.220] imu_att:-0.019,-0.011,-5.410,-174.851,2.320,2.104
[17:59:12.261] imu_att:-0.013,-0.003,-5.412,-175.910,1.494,2.048
[17:59:12.301] imu_att:-0.014,-0.002,-5.412,-175.991,1.445,1.963
[17:59:12.340] imu_att:-0.017,0.006,-5.414,-175.668,1.479,1.865
[17:59:12.380] imu_att:-0.009,0.001,-5.416,-175.402,1.651,1.774
[17:59:12.420] imu_att:-0.016,0.003,-5.418,-175.167,2.263,1.856
[17:59:12.461] imu_att:-0.022,0.014,-5.418,-175.954,1.740,1.879
[17:59:12.501] imu_att:-0.026,-0.002,-5.417,-175.344,1.702,1.821
[17:59:12.540] imu_att:-0.031,0.007,-5.416,-174.741,2.124,1.824
[17:59:12.580] imu_att:-0.023,0.005,-5.417,-175.213,1.441,1.778
[17:59:12.621] imu_att:-0.003,0.014,-5.417,-175.313,1.976,1.798
[17:59:12.661] imu_att:0.001,0.014,-5.416,-175.090,2.171,1.862
[17:59:12.700] imu_att:-0.011,0.001,-5.417,-175.882,1.502,1.865
[17:59:12.740] imu_att:-0.023,0.002,-5.417,-174.949,2.405,1.990
[17:59:12.781] imu_att:-0.026,0.002,-5.419,-175.327,1.937,2.030
[17:59:12.821] imu_att:-0.026,-0.001,-5.418,-174.692,2.538,2.088
[17:59:12.860] imu_att:-0.021,0.011,-5.418,-175.027,2.172,2.122
[17:59:12.900] imu_att:-0.007,0.012,-5.417,-175.009,2.199,2.130
[17:59:12.939] imu_att:-0.008,0.003,-5.417,-175.299,1.689,2.102
[17:59:12.981] imu_att:-0.009,-0.001,-5.418,-174.902,2.109,2.044
[17:59:13.020] imu_att:-0.010,-0.012,-5.419,-175.344,2.030,2.075
[17:59:13.060] imu_att:0.001,0.000,-5.422,-175.027,1.959,1.992
[17:59:13.100] imu_att:-0.011,0.007,-5.424,-173.783,2.832,2.071
[17:59:13.141] imu_att:-0.011,0.008,-5.424,-175.203,2.195,2.196
[17:59:13.181] imu_att:-0.011,-0.012,-5.425,-174.743,2.401,2.195
[17:59:13.220] imu_att:-0.007,0.001,-5.425,-175.332,2.135,2.231
[17:59:13.260] imu_att:-0.020,0.012,-5.425,-175.004,2.014,2.212
[17:59:13.299] imu_att:-0.014,0.018,-5.426,-175.029,2.161,2.204
[17:59:13.341] imu_att:-0.013,0.011,-5.426,-174.888,2.270,2.244
[17:59:13.380] imu_att:-0.021,0.014,-5.428,-174.864,2.160,2.229
[17:59:13.420] imu_att:-0.010,0.008,-5.427,-174.974,1.997,2.157
[17:59:13.460] imu_att:-0.004,0.008,-5.429,-174.887,2.296,2.164
[17:59:13.501] imu_att:-0.012,0.002,-5.429,-174.750,2.577,2.206
[17:59:13.541] imu_att:-0.013,0.009,-5.429,-175.465,1.723,2.171
[17:59:13.580] imu_att:-0.009,0.009,-5.432,-174.983,2.035,2.064
[17:59:13.620] imu_att:-0.012,0.009,-5.433,-175.478,1.733,2.021
[17:59:13.659] imu_att:-0.017,0.003,-5.434,-175.488,1.765,1.976
[17:59:13.701] imu_att:-0.015,0.002,-5.435,-174.623,2.537,2.016
[17:59:13.740] imu_att:-0.010,-0.001,-5.434,-174.766,2.159,2.043
[17:59:13.780] imu_att:-0.013,-0.016,-5.434,-175.338,1.872,2.031
[17:59:13.820] imu_att:-0.007,0.007,-5.436,-175.302,1.959,2.022
[17:59:13.861] imu_att:-0.012,0.011,-5.437,-175.283,1.740,1.972
[17:59:13.901] imu_att:-0.009,0.006,-5.438,-175.724,1.585,1.943
[17:59:13.940] imu_att:-0.016,0.013,-5.437,-175.318,2.048,1.946
[17:59:13.980] imu_att:-0.010,-0.009,-5.437,-174.985,2.153,1.973
[17:59:14.021] imu_att:-0.006,0.000,-5.438,-175.236,1.842,1.947
[17:59:14.061] imu_att:-0.010,-0.011,-5.437,-176.611,1.326,1.917
[17:59:14.100] imu_att:-0.019,-0.009,-5.438,-175.641,1.629,1.805
[17:59:14.140] imu_att:-0.027,-0.018,-5.436,-175.654,1.601,1.774
[17:59:14.179] imu_att:-0.017,-0.002,-5.437,-175.915,1.584,1.765
[17:59:14.221] imu_att:-0.019,-0.002,-5.437,-174.669,2.200,1.786
[17:59:14.260] imu_att:-0.017,0.007,-5.439,-175.204,2.086,1.855
[17:59:14.300] imu_att:-0.029,0.002,-5.440,-175.022,2.143,1.888
[17:59:14.340] imu_att:-0.015,0.002,-5.440,-175.182,2.271,1.970
[17:59:14.381] imu_att:-0.021,0.002,-5.441,-175.388,2.035,2.002
[17:59:14.420] imu_att:-0.005,0.010,-5.441,-175.573,1.750,1.968
[17:59:14.460] imu_att:-0.014,0.006,-5.443,-175.869,1.520,1.895
[17:59:14.500] imu_att:-0.020,0.005,-5.444,-175.007,2.112,1.855
[17:59:14.539] imu_att:-0.023,0.011,-5.446,-175.366,1.815,1.828
[17:59:14.581] imu_att:-0.019,0.009,-5.447,-174.927,2.196,1.853
[17:59:14.620] imu_att:-0.007,0.008,-5.448,-174.972,2.277,1.936
[17:59:14.660] imu_att:-0.008,0.006,-5.449,-174.964,2.177,1.980
[17:59:14.699] imu_att:-0.012,0.006,-5.449,-175.323,1.947,1.989
[17:59:14.741] imu_att:-0.002,0.004,-5.451,-175.368,1.628,1.878
[17:59:14.780] imu_att:0.002,-0.007,-5.453,-175.576,1.569,1.823
[17:59:14.820] imu_att:-0.004,0.010,-5.455,-175.719,1.783,1.820
[17:59:14.860] imu_att:-0.002,0.006,-5.456,-175.908,1.664,1.817
[17:59:14.901] imu_att:-0.011,0.004,-5.456,-174.385,2.359,1.824
[17:59:14.940] imu_att:-0.010,0.015,-5.457,-175.764,1.950,1.891
[17:59:14.980] imu_att:-0.015,0.014,-5.458,-175.663,1.672,1.892
[17:59:15.020] imu_att:0.004,0.017,-5.459,-175.182,2.037,1.905
[17:59:15.061] imu_att:0.004,0.010,-5.462,-175.700,1.687,1.879
[17:59:15.101] imu_att:0.002,0.006,-5.461,-175.697,1.559,1.825
[17:59:15.140] imu_att:0.001,-0.002,-5.462,-175.024,2.064,1.804
[17:59:15.180] imu_att:-0.009,0.009,-5.462,-175.189,2.655,1.878
[17:59:15.220] imu_att:-0.006,0.018,-5.462,-175.304,1.769,1.872
[17:59:15.261] imu_att:-0.006,0.010,-5.464,-175.495,1.405,1.829
[17:59:15.300] imu_att:0.007,0.007,-5.465,-174.922,1.987,1.815
[17:59:15.340] imu_att:0.005,0.020,-5.465,-175.504,1.829,1.843
[17:59:15.380] imu_att:0.006,0.019,-5.467,-175.125,2.043,1.865
[17:59:15.421] imu_att:0.003,0.008,-5.469,-175.314,1.844,1.820
[17:59:15.461] imu_att:0.006,0.010,-5.471,-174.908,2.431,1.924
[17:59:15.500] imu_att:0.001,0.006,-5.472,-175.187,2.018,1.962
[17:59:15.540] imu_att:-0.012,0.004,-5.472,-175.293,1.807,1.964
[17:59:15.580] imu_att:-0.022,0.009,-5.471,-175.156,2.045,1.960
[17:59:15.621] imu_att:-0.027,0.007,-5.470,-175.146,2.098,1.984
[17:59:15.660] imu_att:-0.022,0.013,-5.470,-174.064,2.757,2.030
[17:59:15.700] imu_att:-0.025,0.002,-5.469,-175.336,1.960,2.055
[17:59:15.739] imu_att:-0.009,0.006,-5.470,-174.985,2.063,2.038
[17:59:15.781] imu_att:-0.001,0.018,-5.471,-176.142,1.840,2.058
[17:59:15.820] imu_att:0.002,0.008,-5.471,-175.708,1.717,2.002
[17:59:15.860] imu_att:-0.002,0.009,-5.472,-175.216,1.883,1.990
[17:59:15.900] imu_att:-0.005,0.002,-5.473,-176.186,1.171,1.839
[17:59:15.941] imu_att:0.003,0.006,-5.475,-175.711,1.984,1.829
[17:59:15.981] imu_att:-0.003,-0.003,-5.475,-175.953,1.526,1.805
[17:59:16.020] imu_att:0.001,0.002,-5.475,-175.856,1.760,1.793
[17:59:16.060] imu_att:-0.011,-0.003,-5.475,-175.233,2.000,1.813
[17:59:16.101] imu_att:-0.017,0.005,-5.474,-175.219,2.029,1.852
[17:59:16.141] imu_att:-0.008,0.006,-5.475,-174.621,2.455,1.924
[17:59:16.180] imu_att:-0.007,0.005,-5.476,-175.065,2.234,1.995
[17:59:16.220] imu_att:0.002,0.023,-5.479,-175.289,1.762,1.985
[17:59:16.260] imu_att:-0.011,0.015,-5.480,-174.711,2.151,1.957
[17:59:16.301] imu_att:-0.008,-0.010,-5.479,-175.211,1.708,1.941
[17:59:16.340] imu_att:-0.016,0.000,-5.480,-176.274,1.616,1.878
[17:59:16.380] imu_att:-0.016,0.020,-5.482,-174.775,2.377,1.907
[17:59:16.419] imu_att:-0.012,0.010,-5.482,-174.960,2.136,1.956
[17:59:16.460] imu_att:-0.018,-0.000,-5.483,-175.333,1.841,1.949
[17:59:16.500] imu_att:-0.022,0.011,-5.484,-176.143,1.234,1.857
[17:59:16.540] imu_att:-0.013,0.010,-5.486,-176.106,1.225,1.756
[17:59:16.579] imu_att:-0.015,0.002,-5.487,-175.161,2.068,1.783
[17:59:16.621] imu_att:-0.014,-0.008,-5.486,-174.696,2.509,1.879
[17:59:16.660] imu_att:-0.012,-0.004,-5.488,-175.538,1.906,1.899
[17:59:16.700] imu_att:-0.011,-0.012,-5.488,-176.482,1.456,1.856
[17:59:16.740] imu_att:-0.015,-0.005,-5.490,-175.524,1.882,1.867
[17:59:16.781] imu_att:-0.012,-0.005,-5.491,-175.508,1.764,1.830
[17:59:16.820] imu_att:-0.018,-0.009,-5.493,-176.104,1.556,1.821
[17:59:16.860] imu_att:-0.024,-0.008,-5.494,-175.908,1.446,1.741
[17:59:16.900] imu_att:-0.010,-0.002,-5.497,-174.779,2.086,1.752
[17:59:16.939] imu_att:-0.008,0.012,-5.499,-175.472,1.880,1.810
[17:59:16.981] imu_att:-0.025,0.001,-5.499,-174.316,2.787,1.923
[17:59:17.020] imu_att:-0.014,0.006,-5.499,-174.441,2.454,2.001
[17:59:17.060] imu_att:-0.007,0.010,-5.499,-174.893,2.384,2.095
[17:59:17.099] imu_att:0.005,0.005,-5.498,-174.507,2.549,2.147
[17:59:17.140] imu_att:-0.008,0.008,-5.499,-175.349,2.182,2.198
[17:59:17.180] imu_att:-0.007,0.005,-5.499,-175.031,2.132,2.176
[17:59:17.220] imu_att:-0.008,0.010,-5.500,-175.200,2.005,2.141
[17:59:17.260] imu_att:-0.018,0.006,-5.501,-175.520,1.719,2.099
[17:59:17.301] imu_att:-0.013,-0.002,-5.502,-175.348,2.001,2.079
[17:59:17.340] imu_att:-0.028,0.004,-5.502,-174.708,2.134,2.049
[17:59:17.380] imu_att:-0.030,0.007,-5.504,-176.243,1.758,2.029
[17:59:17.420] imu_att:-0.023,0.007,-5.506,-175.171,1.630,1.919
[17:59:17.461] imu_att:-0.027,0.013,-5.508,-175.863,1.518,1.847
[17:59:17.501] imu_att:-0.022,0.019,-5.509,-175.004,2.095,1.836
[17:59:17.540] imu_att:-0.020,0.011,-5.510,-175.217,1.976,1.847
[17:59:17.580] imu_att:-0.014,0.003,-5.511,-175.328,1.971,1.877
[17:59:17.621] imu_att:-0.018,-0.005,-5.514,-174.905,2.042,1.906
[17:59:17.661] imu_att:-0.020,-0.003,-5.515,-175.667,1.708,1.898
[17:59:17.700] imu_att:0.004,0.015,-5.515,-174.791,1.960,1.885
[17:59:17.740] imu_att:0.002,0.010,-5.516,-175.870,1.643,1.873
[17:59:17.780] imu_att:0.002,-0.001,-5.518,-174.417,2.195,1.832
[17:59:17.821] imu_att:-0.002,0.010,-5.519,-175.985,1.728,1.860
[17:59:17.861] imu_att:-0.005,-0.007,-5.522,-175.228,1.578,1.785
[17:59:17.900] imu_att:-0.022,-0.004,-5.522,-175.680,1.616,1.753
[17:59:17.940] imu_att:-0.022,-0.005,-5.522,-174.361,2.604,1.808
[17:59:17.979] imu_att:-0.022,-0.003,-5.522,-175.495,2.190,1.896
[17:59:18.021] imu_att:-0.022,-0.004,-5.521,-175.022,2.276,1.944
[17:59:18.060] imu_att:-0.015,-0.002,-5.522,-175.020,2.233,1.999
[17:59:18.100] imu_att:-0.011,0.002,-5.522,-174.465,2.501,2.072
[17:59:18.139] imu_att:-0.015,0.013,-5.522,-175.289,1.874,2.078
[17:59:18.181] imu_att:-0.004,0.003,-5.523,-175.352,1.796,2.029
[17:59:18.220] imu_att:-0.005,0.012,-5.524,-175.890,1.614,1.987
[17:59:18.260] imu_att:-0.003,0.023,-5.525,-175.305,1.913,1.958
[17:59:18.299] imu_att:-0.028,0.019,-5.525,-175.476,2.327,2.036
[17:59:18.341] imu_att:-0.025,-0.007,-5.527,-175.925,1.561,1.988
[17:59:18.381] imu_att:-0.018,-0.003,-5.527,-175.219,2.234,1.997
[17:59:18.420] imu_att:-0.007,-0.003,-5.528,-175.317,1.836,1.972
[17:59:18.460] imu_att:0.001,-0.011,-5.530,-174.761,2.136,1.940
[17:59:18.500] imu_att:-0.004,-0.011,-5.531,-175.256,1.902,1.912
[17:59:18.541] imu_att:-0.006,0.014,-5.532,-174.791,2.441,1.997
[17:59:18.580] imu_att:-0.011,0.001,-5.532,-176.139,1.511,1.995
[17:59:18.620] imu_att:-0.004,-0.005,-5.533,-175.918,1.546,1.897
[17:59:18.660] imu_att:0.001,0.021,-5.534,-175.240,1.954,1.865
[17:59:18.701] imu_att:-0.022,0.014,-5.535,-175.504,1.846,1.878
[17:59:18.740] imu_att:-0.016,0.003,-5.535,-174.499,2.531,1.956
[17:59:18.780] imu_att:-0.024,0.003,-5.536,-175.898,1.614,1.962
[17:59:18.820] imu_att:-0.018,0.007,-5.536,-175.558,1.784,1.929
[17:59:18.861] imu_att:-0.008,0.005,-5.539,-175.425,1.840,1.915
[17:59:18.901] imu_att:-0.035,-0.022,-5.540,-175.740,1.764,1.909
[17:59:18.940] imu_att:-0.032,-0.001,-5.541,-175.536,1.814,1.923
[17:59:18.980] imu_att:0.007,-0.006,-5.543,-175.269,1.838,1.909
[17:59:19.019] imu_att:-0.007,0.001,-5.545,-175.072,2.160,1.936
[17:59:19.061] imu_att:-0.027,0.025,-5.547,-174.983,2.121,1.967
[17:59:19.100] imu_att:-0.030,0.004,-5.547,-175.634,2.044,2.021
[17:59:19.140] imu_att:-0.003,-0.009,-5.549,-175.265,1.857,1.966
[17:59:19.180] imu_att:-0.004,-0.002,-5.550,-175.957,1.308,1.835
[17:59:19.221] imu_att:-0.022,0.022,-5.552,-175.347,1.990,1.839
[17:59:19.260] imu_att:0.005,0.023,-5.553,-175.222,2.025,1.878
[17:59:19.300] imu_att:0.006,0.007,-5.555,-175.358,1.892,1.910
[17:59:19.340] imu_att:-0.007,0.009,-5.557,-175.024,1.997,1.892
[17:59:19.381] imu_att:-0.011,0.001,-5.558,-175.283,2.134,1.953
[17:59:19.421] imu_att:-0.012,-0.003,-5.558,-175.298,1.985,1.968
[17:59:19.460] imu_att:-0.009,0.003,-5.560,-174.767,2.194,1.956
[17:59:19.500] imu_att:-0.005,0.010,-5.560,-175.853,1.419,1.883
[17:59:19.541] imu_att:-0.008,0.024,-5.562,-175.176,1.918,1.824
[17:59:19.581] imu_att:-0.011,0.001,-5.562,-175.682,1.981,1.895
[17:59:19.620] imu_att:-0.002,0.008,-5.562,-174.930,2.182,1.909
[17:59:19.660] imu_att:0.003,0.009,-5.562,-175.244,1.984,1.919
[17:59:19.700] imu_att:-0.008,0.003,-5.562,-175.734,1.736,1.931
[17:59:19.741] imu_att:-0.010,-0.002,-5.564,-176.023,1.606,1.925
[17:59:19.780] imu_att:-0.007,-0.012,-5.567,-175.380,1.965,1.914
[17:59:19.820] imu_att:0.002,0.013,-5.569,-175.197,1.968,1.884
[17:59:19.860] imu_att:-0.004,0.030,-5.569,-175.417,2.097,1.939
[17:59:19.901] imu_att:-0.010,0.018,-5.570,-174.893,1.929,1.915
[17:59:19.941] imu_att:-0.013,0.019,-5.570,-176.189,1.245,1.867
[17:59:19.980] imu_att:0.011,0.042,-5.570,-175.397,1.565,1.766
[17:59:20.020] imu_att:-0.030,-0.021,-5.572,-175.101,1.916,1.770
[17:59:20.059] imu_att:-0.012,0.012,-5.571,-175.225,1.974,1.798
[17:59:20.101] imu_att:-0.012,0.029,-5.571,-175.710,1.666,1.800
[17:59:20.140] imu_att:-0.015,0.023,-5.572,-176.435,1.094,1.755
[17:59:20.180] imu_att:-0.011,0.003,-5.574,-176.217,1.393,1.645
[17:59:20.220] imu_att:-0.019,0.001,-5.574,-174.650,1.792,1.581
[17:59:20.261] imu_att:-0.020,0.002,-5.575,-175.182,2.398,1.724
[17:59:20.301] imu_att:-0.006,-0.003,-5.576,-175.736,1.623,1.766
[17:59:20.340] imu_att:-0.019,-0.003,-5.577,-175.550,1.367,1.711
[17:59:20.380] imu_att:-0.031,0.004,-5.579,-174.777,2.321,1.758
[17:59:20.421] imu_att:-0.013,-0.010,-5.580,-174.999,2.251,1.866
[17:59:20.461] imu_att:-0.008,-0.030,-5.581,-175.067,1.841,1.869
[17:59:20.500] imu_att:0.018,-0.016,-5.581,-175.051,2.192,1.915
[17:59:20.540] imu_att:-0.014,-0.008,-5.582,-175.508,2.120,1.977
[17:59:20.579] imu_att:-0.018,-0.016,-5.581,-175.882,1.748,1.977
[17:59:20.621] imu_att:-0.033,-0.009,-5.582,-175.195,1.937,1.924
[17:59:20.660] imu_att:-0.039,0.005,-5.581,-175.037,2.089,1.938
[17:59:20.700] imu_att:-0.020,0.009,-5.582,-175.043,2.016,1.933
[17:59:20.739] imu_att:-0.021,0.015,-5.583,-175.912,1.230,1.846
[17:59:20.780] imu_att:-0.019,0.022,-5.583,-174.504,2.576,1.892
[17:59:20.820] imu_att:-0.016,0.038,-5.584,-175.673,1.767,1.934
[17:59:20.860] imu_att:-0.027,0.005,-5.585,-175.446,1.903,1.959
[17:59:20.900] imu_att:-0.030,0.012,-5.586,-175.679,1.522,1.875
[17:59:20.939] imu_att:-0.009,0.024,-5.588,-175.475,1.999,1.898
[17:59:20.981] imu_att:-0.020,-0.004,-5.587,-175.287,1.973,1.912
[17:59:21.020] imu_att:-0.017,-0.002,-5.587,-175.005,2.208,1.946
[17:59:21.060] imu_att:0.002,0.004,-5.588,-175.459,1.855,1.947
[17:59:21.099] imu_att:-0.012,-0.010,-5.588,-175.232,2.042,1.961
[17:59:21.141] imu_att:-0.011,-0.005,-5.589,-175.215,1.610,1.879
[17:59:21.180] imu_att:-0.012,0.000,-5.589,-175.214,1.919,1.874
[17:59:21.220] imu_att:-0.013,0.017,-5.590,-176.318,1.219,1.807
[17:59:21.260] imu_att:-0.003,0.005,-5.591,-176.102,1.542,1.750
[17:59:21.301] imu_att:-0.003,-0.010,-5.590,-174.917,2.141,1.753
[17:59:21.341] imu_att:0.002,-0.005,-5.591,-175.336,2.012,1.834
[17:59:21.380] imu_att:-0.004,-0.001,-5.594,-175.680,1.616,1.815
[17:59:21.420] imu_att:0.001,-0.012,-5.593,-175.703,2.214,1.869
[17:59:21.459] imu_att:-0.013,-0.005,-5.593,-175.636,1.664,1.852
[17:59:21.501] imu_att:-0.027,0.004,-5.594,-174.999,2.029,1.832
[17:59:21.540] imu_att:-0.032,0.008,-5.594,-175.656,2.011,1.927
[17:59:21.580] imu_att:-0.022,0.010,-5.596,-176.214,1.183,1.856
[17:59:21.619] imu_att:0.002,0.018,-5.597,-174.698,2.091,1.822
[17:59:21.661] imu_att:-0.062,-0.001,-5.597,-174.634,2.292,1.874
[17:59:21.700] imu_att:-0.019,-0.013,-5.596,-174.970,2.174,1.976
[17:59:21.740] imu_att:-0.010,0.012,-5.597,-175.321,1.935,1.991
[17:59:21.780] imu_att:-0.025,0.019,-5.598,-174.908,2.250,2.010
[17:59:21.821] imu_att:-0.021,-0.013,-5.600,-174.461,2.581,2.057
[17:59:21.860] imu_att:-0.034,0.017,-5.602,-175.008,1.908,2.030
[17:59:21.900] imu_att:-0.020,0.013,-5.602,-175.233,1.606,1.988
[17:59:21.940] imu_att:-0.001,0.017,-5.602,-175.127,1.689,1.876
[17:59:21.981] imu_att:-0.010,0.048,-5.602,-174.844,2.242,1.906
[17:59:22.020] imu_att:-0.031,0.005,-5.601,-174.725,2.698,2.003
[17:59:22.060] imu_att:-0.026,0.009,-5.601,-175.291,1.966,2.030
[17:59:22.100] imu_att:-0.015,0.004,-5.601,-175.040,2.076,2.044
[17:59:22.139] imu_att:-0.007,0.020,-5.602,-175.384,1.837,2.034
[17:59:22.180] imu_att:-0.006,0.008,-5.604,-175.557,1.827,2.032
[17:59:22.220] imu_att:-0.016,0.013,-5.604,-175.302,1.984,2.011
[17:59:22.260] imu_att:-0.027,0.013,-5.605,-174.925,1.901,2.005
[17:59:22.299] imu_att:-0.018,0.012,-5.606,-174.881,2.097,2.007
[17:59:22.341] imu_att:-0.011,0.013,-5.608,-175.153,1.667,1.998
[17:59:22.381] imu_att:-0.006,0.007,-5.609,-175.150,2.063,1.994
[17:59:22.420] imu_att:-0.020,0.018,-5.608,-175.220,2.032,2.001
[17:59:22.460] imu_att:-0.025,0.017,-5.610,-174.877,2.357,2.049
[17:59:22.501] imu_att:-0.009,0.009,-5.611,-175.665,1.719,2.035
[17:59:22.541] imu_att:-0.012,0.020,-5.611,-175.309,2.313,2.085
[17:59:22.580] imu_att:-0.017,0.004,-5.613,-175.228,2.156,2.106
[17:59:22.620] imu_att:-0.025,-0.001,-5.614,-175.698,1.769,2.074
[17:59:22.659] imu_att:-0.004,0.008,-5.616,-175.322,1.903,2.000
[17:59:22.700] imu_att:0.002,0.004,-5.619,-175.369,1.679,1.938
[17:59:22.740] imu_att:-0.003,-0.016,-5.619,-175.347,1.921,1.930
[17:59:22.780] imu_att:-0.024,-0.017,-5.619,-176.789,1.030,1.896
[17:59:22.819] imu_att:-0.032,0.007,-5.622,-175.013,1.987,1.811
[17:59:22.861] imu_att:-0.017,-0.014,-5.622,-175.736,1.802,1.867
[17:59:22.900] imu_att:0.002,-0.027,-5.624,-175.926,1.337,1.790
[17:59:22.940] imu_att:-0.011,-0.008,-5.625,-175.216,1.931,1.742
[17:59:22.980] imu_att:-0.020,0.012,-5.626,-175.488,1.800,1.776
[17:59:23.021] imu_att:-0.017,0.003,-5.627,-174.915,2.570,1.863
[17:59:23.061] imu_att:-0.012,0.003,-5.628,-176.616,1.514,1.922
[17:59:23.100] imu_att:-0.013,0.007,-5.630,-175.018,1.624,1.826
[17:59:23.140] imu_att:-0.022,0.000,-5.630,-175.471,2.069,1.866
[17:59:23.179] imu_att:-0.023,-0.006,-5.631,-175.532,1.904,1.896
[17:59:23.221] imu_att:-0.022,0.004,-5.630,-176.180,1.439,1.897
[17:59:23.260] imu_att:-0.027,0.012,-5.632,-175.464,1.946,1.901
[17:59:23.300] imu_att:-0.022,-0.003,-5.632,-175.584,1.817,1.881
[17:59:23.339] imu_att:-0.013,0.010,-5.632,-175.826,1.608,1.868
[17:59:23.380] imu_att:0.003,0.008,-5.632,-174.713,2.471,1.895
[17:59:23.420] imu_att:-0.068,0.073,-5.635,-174.158,2.896,2.015
[17:59:23.460] imu_att:-0.043,0.039,-5.635,-174.968,2.394,2.149
[17:59:23.500] imu_att:-0.018,0.032,-5.637,-175.536,1.916,2.136
[17:59:23.541] imu_att:-0.020,-0.001,-5.638,-175.194,1.799,2.067
[17:59:23.580] imu_att:-0.036,-0.003,-5.639,-174.517,2.546,2.094
[17:59:23.620] imu_att:-0.032,0.009,-5.639,-175.491,1.475,2.034
[17:59:23.660] imu_att:-0.037,0.019,-5.640,-175.044,2.015,1.948
[17:59:23.699] imu_att:-0.022,0.017,-5.641,-175.164,2.234,1.995
[17:59:23.740] imu_att:-0.023,0.006,-5.642,-175.321,1.795,1.950
[17:59:23.780] imu_att:-0.043,-0.001,-5.643,-175.230,2.010,1.931
[17:59:23.820] imu_att:-0.026,-0.027,-5.644,-175.163,2.094,1.964
[17:59:23.859] imu_att:0.002,-0.012,-5.646,-174.789,2.062,1.965
[17:59:23.901] imu_att:-0.003,0.022,-5.644,-176.091,1.597,1.958
[17:59:23.940] imu_att:-0.034,0.032,-5.645,-175.188,1.776,1.856
[17:59:23.980] imu_att:-0.031,0.012,-5.645,-175.506,1.765,1.865
[17:59:24.019] imu_att:-0.029,0.046,-5.647,-175.950,1.478,1.818
[17:59:24.060] imu_att:0.002,0.077,-5.647,-174.725,2.278,1.818
[17:59:24.100] imu_att:-0.038,0.095,-5.648,-175.173,2.199,1.903
[17:59:24.140] imu_att:-0.006,0.079,-5.642,-174.629,2.376,1.937
[17:59:24.180] imu_att:-0.039,0.238,-5.641,-174.611,2.395,1.985
[17:59:24.221] imu_att:-0.093,0.417,-5.644,-174.543,2.711,2.081
[17:59:24.260] imu_att:-0.158,0.608,-5.659,-173.239,3.789,2.267
[17:59:24.300] imu_att:-0.160,0.721,-5.686,-173.582,3.633,2.476
[17:59:24.340] imu_att:-0.456,0.599,-5.768,-174.421,3.236,2.624
[17:59:24.381] imu_att:0.012,0.037,-5.821,-174.986,2.339,2.613
[17:59:24.420] imu_att:0.188,0.287,-5.845,-174.445,2.650,2.572
[17:59:24.460] imu_att:0.111,1.370,-5.865,-172.235,4.522,2.726
[17:59:24.500] imu_att:-0.223,2.700,-5.920,-170.902,5.695,3.138
[17:59:24.539] imu_att:-0.022,3.962,-5.981,-170.459,6.938,3.683
[17:59:24.581] imu_att:0.463,4.908,-5.976,-168.644,8.270,4.299
[17:59:24.620] imu_att:0.445,5.956,-5.928,-167.765,9.344,4.900
[17:59:24.660] imu_att:-0.247,7.445,-5.920,-165.825,10.687,5.585
[17:59:24.699] imu_att:0.065,8.618,-5.924,-165.464,11.593,6.199
[17:59:24.741] imu_att:0.262,9.680,-5.900,-165.281,12.273,6.845
[17:59:24.780] imu_att:0.039,10.877,-5.885,-163.959,13.087,7.482
[17:59:24.820] imu_att:0.256,11.863,-5.858,-163.733,13.700,8.136
[17:59:24.860] imu_att:0.476,12.542,-5.785,-164.349,12.921,8.773
[17:59:24.901] imu_att:0.411,13.765,-5.654,-163.062,13.924,9.597
[17:59:24.941] imu_att:-0.411,14.783,-5.620,-160.986,15.701,10.200
[17:59:24.980] imu_att:-0.245,15.197,-5.638,-162.029,15.174,10.881
[17:59:25.020] imu_att:-0.080,15.900,-5.670,-162.061,15.065,11.486
[17:59:25.059] imu_att:-0.323,16.640,-5.745,-161.890,15.432,11.987
[17:59:25.101] imu_att:-0.025,17.239,-5.861,-162.135,15.079,12.539
[17:59:25.140] imu_att:0.491,17.363,-5.906,-163.014,14.703,12.977
[17:59:25.180] imu_att:0.333,17.862,-5.930,-163.287,14.180,13.260
[17:59:25.219] imu_att:0.425,18.473,-5.931,-162.683,14.679,13.521
[17:59:25.261] imu_att:0.287,19.126,-5.913,-162.284,14.871,13.807
[17:59:25.300] imu_att:0.155,19.156,-5.903,-162.138,15.169,14.088
[17:59:25.340] imu_att:0.063,19.272,-5.905,-162.204,14.896,14.247
[17:59:25.380] imu_att:0.720,19.698,-5.838,-162.789,14.505,14.448
[17:59:25.421] imu_att:0.441,19.798,-5.747,-162.592,14.704,14.598
[17:59:25.460] imu_att:-0.445,20.105,-5.776,-162.992,14.897,14.668
[17:59:25.500] imu_att:0.164,20.229,-5.822,-162.590,14.601,14.669
[17:59:25.540] imu_att:0.632,20.452,-5.783,-162.710,14.337,14.692
[17:59:25.581] imu_att:-0.248,21.045,-5.814,-162.110,14.889,14.671
[17:59:25.621] imu_att:-0.021,21.350,-5.888,-162.697,14.664,14.711
[17:59:25.660] imu_att:0.579,21.770,-5.898,-162.804,14.186,14.685
[17:59:25.700] imu_att:0.478,22.503,-5.878,-162.945,14.330,14.698
[17:59:25.739] imu_att:0.406,22.683,-5.845,-162.488,14.625,14.718
[17:59:25.781] imu_att:0.505,22.475,-5.786,-163.702,13.869,14.731
[17:59:25.820] imu_att:0.249,22.341,-5.734,-162.568,14.571,14.709
[17:59:25.860] imu_att:0.116,22.160,-5.711,-162.710,14.577,14.755
[17:59:25.899] imu_att:0.282,22.055,-5.681,-163.358,14.022,14.748
[17:59:25.941] imu_att:-0.015,22.340,-5.680,-162.986,14.184,14.659
[17:59:25.980] imu_att:-0.029,22.745,-5.730,-163.384,13.691,14.494
[17:59:26.020] imu_att:0.330,23.415,-5.773,-163.747,13.690,14.374
[17:59:26.059] imu_att:0.427,24.255,-5.788,-163.584,13.628,14.266
[17:59:26.101] imu_att:0.444,25.018,-5.777,-163.433,13.813,14.216
[17:59:26.140] imu_att:0.205,25.136,-5.799,-163.941,13.641,14.164
[17:59:26.180] imu_att:0.102,25.516,-5.848,-163.496,13.435,14.030
[17:59:26.220] imu_att:0.517,26.262,-5.867,-163.667,13.643,13.982
[17:59:26.261] imu_att:0.415,26.626,-5.867,-163.686,13.555,13.944
[17:59:26.300] imu_att:0.432,26.304,-5.864,-164.257,13.141,13.895
[17:59:26.340] imu_att:0.497,26.396,-5.844,-164.085,13.025,13.769
[17:59:26.380] imu_att:0.316,26.676,-5.832,-163.642,13.404,13.716
[17:59:26.419] imu_att:0.317,26.785,-5.825,-163.743,13.651,13.747
[17:59:26.461] imu_att:0.677,26.860,-5.774,-164.416,13.037,13.747
[17:59:26.500] imu_att:0.620,26.813,-5.679,-163.211,13.709,13.780
[17:59:26.540] imu_att:0.247,26.738,-5.618,-163.111,14.048,13.864
[17:59:26.579] imu_att:0.147,26.103,-5.578,-162.878,14.205,13.967
[17:59:26.621] imu_att:0.073,25.477,-5.561,-162.759,14.227,14.043
[17:59:26.660] imu_att:-0.042,24.908,-5.584,-162.752,14.522,14.136
[17:59:26.700] imu_att:0.045,24.114,-5.637,-162.665,14.611,14.202
[17:59:26.740] imu_att:0.125,23.428,-5.696,-162.043,15.152,14.303
[17:59:26.781] imu_att:0.278,22.518,-5.752,-163.082,14.487,14.398
[17:59:26.820] imu_att:0.358,21.928,-5.777,-162.871,14.431,14.425
[17:59:26.860] imu_att:0.310,20.923,-5.799,-162.637,14.711,14.521
[17:59:26.900] imu_att:0.223,20.248,-5.813,-162.114,15.128,14.606
[17:59:26.941] imu_att:0.222,19.253,-5.822,-161.892,15.305,14.760
[17:59:26.981] imu_att:0.023,18.272,-5.851,-162.024,15.201,14.856
[17:59:27.020] imu_att:0.398,17.389,-5.851,-161.978,15.331,14.984
[17:59:27.060] imu_att:0.373,16.206,-5.815,-161.994,15.073,15.077
[17:59:27.099] imu_att:0.258,15.104,-5.777,-162.162,15.204,15.174
[17:59:27.141] imu_att:0.318,13.786,-5.711,-162.592,14.638,15.186
[17:59:27.180] imu_att:-0.096,12.802,-5.669,-161.777,15.127,15.194
[17:59:27.220] imu_att:-0.018,11.477,-5.645,-163.551,14.037,15.150
[17:59:27.260] imu_att:-0.189,10.284,-5.642,-163.102,13.988,14.971
[17:59:27.301] imu_att:-0.094,9.108,-5.651,-163.643,13.700,14.792
[17:59:27.340] imu_att:-0.050,8.169,-5.661,-164.627,12.889,14.563
[17:59:27.380] imu_att:0.318,7.027,-5.628,-165.247,12.024,14.174
[17:59:27.420] imu_att:0.603,5.837,-5.515,-166.321,10.857,13.771
[17:59:27.461] imu_att:0.385,5.105,-5.364,-166.774,10.412,13.355
[17:59:27.501] imu_att:-0.430,3.612,-5.277,-168.516,8.733,12.873
[17:59:27.540] imu_att:-0.659,2.529,-5.274,-169.004,8.143,12.303
[17:59:27.580] imu_att:-0.226,2.269,-5.277,-170.230,7.366,11.726
[17:59:27.621] imu_att:0.010,2.014,-5.251,-170.461,6.719,11.176
[17:59:27.660] imu_att:-0.211,1.475,-5.246,-171.384,5.982,10.601
[17:59:27.700] imu_att:-0.100,1.562,-5.248,-171.445,5.834,10.018
[17:59:27.740] imu_att:-0.103,1.977,-5.249,-170.366,6.683,9.438
[17:59:27.779] imu_att:-0.163,1.960,-5.253,-170.700,6.557,8.929
[17:59:27.820] imu_att:-0.080,1.711,-5.253,-170.717,6.584,8.545
[17:59:27.860] imu_att:0.002,1.506,-5.234,-171.050,6.243,8.140
[17:59:27.900] imu_att:-0.121,1.380,-5.227,-171.215,6.012,7.780
[17:59:27.939] imu_att:0.060,1.106,-5.199,-173.049,4.597,7.393
[17:59:27.980] imu_att:0.115,0.994,-5.127,-171.580,5.377,7.015
[17:59:28.020] imu_att:-0.176,0.871,-5.079,-172.473,5.164,6.765
[17:59:28.060] imu_att:-0.613,0.537,-5.097,-172.211,5.065,6.454
[17:59:28.100] imu_att:-0.203,0.616,-5.127,-172.874,4.469,6.102
[17:59:28.141] imu_att:-0.030,1.116,-5.139,-171.439,5.421,5.871
[17:59:28.180] imu_att:0.059,0.959,-5.139,-171.781,5.669,5.877
[17:59:28.220] imu_att:0.007,0.709,-5.125,-172.746,4.762,5.759
[17:59:28.260] imu_att:-0.190,0.623,-5.126,-172.045,5.131,5.578
[17:59:28.301] imu_att:-0.090,0.573,-5.125,-173.158,4.088,5.387
[17:59:28.340] imu_att:-0.058,0.637,-5.111,-172.038,4.694,5.185
[17:59:28.380] imu_att:-0.173,0.570,-5.106,-172.121,5.058,5.167
[17:59:28.420] imu_att:-0.128,0.532,-5.102,-172.870,4.342,5.058
[17:59:28.459] imu_att:-0.102,0.536,-5.093,-172.542,4.669,4.979
[17:59:28.501] imu_att:-0.091,0.534,-5.082,-171.948,4.871,4.957
[17:59:28.540] imu_att:-0.153,0.514,-5.075,-172.792,4.634,4.909
[17:59:28.580] imu_att:-0.231,0.467,-5.083,-172.531,4.545,4.835
[17:59:28.619] imu_att:-0.139,0.438,-5.097,-172.466,4.519,4.753
[17:59:28.660] imu_att:-0.066,0.437,-5.103,-173.141,4.216,4.675
[17:59:28.700] imu_att:-0.218,0.253,-5.125,-172.680,4.189,4.554
[17:59:28.740] imu_att:-0.006,0.296,-5.138,-173.889,3.441,4.418
[17:59:28.780] imu_att:0.050,0.402,-5.140,-173.362,4.040,4.295
[17:59:28.820] imu_att:0.147,0.384,-5.117,-173.253,3.966,4.244
[17:59:28.860] imu_att:-0.136,0.020,-5.111,-173.243,4.015,4.209
[17:59:28.900] imu_att:-0.124,-0.473,-5.112,-174.532,2.930,4.063
[17:59:28.940] imu_att:-0.091,-0.405,-5.118,-174.045,2.493,3.781
[17:59:28.981] imu_att:-0.013,-0.238,-5.117,-174.883,2.772,3.622
[17:59:29.020] imu_att:-0.059,0.238,-5.116,-173.705,3.109,3.446
[17:59:29.060] imu_att:-0.056,0.437,-5.112,-172.938,4.197,3.545
[17:59:29.100] imu_att:-0.057,-0.025,-5.113,-173.968,3.480,3.572
[17:59:29.139] imu_att:-0.057,0.007,-5.112,-174.497,3.060,3.524
[17:59:29.180] imu_att:-0.054,0.129,-5.113,-173.762,3.443,3.466
[17:59:29.220] imu_att:-0.081,0.037,-5.113,-173.787,3.494,3.475
[17:59:29.260] imu_att:-0.074,0.065,-5.114,-173.513,3.626,3.465
[17:59:29.299] imu_att:-0.067,0.030,-5.114,-174.397,2.914,3.411
[17:59:29.341] imu_att:-0.057,0.031,-5.116,-173.759,3.439,3.362
[17:59:29.380] imu_att:-0.069,0.021,-5.117,-174.685,2.960,3.347
[17:59:29.420] imu_att:-0.061,0.018,-5.117,-173.966,3.313,3.268
[17:59:29.459] imu_att:-0.071,0.030,-5.119,-173.599,3.416,3.218
[17:59:29.500] imu_att:-0.062,0.039,-5.120,-173.577,3.625,3.253
[17:59:29.540] imu_att:-0.061,0.059,-5.121,-173.819,3.612,3.316
[17:59:29.580] imu_att:-0.079,0.041,-5.121,-173.630,3.440,3.305
[17:59:29.620] imu_att:-0.072,0.031,-5.121,-173.606,3.517,3.300
[17:59:29.661] imu_att:-0.071,0.025,-5.121,-174.384,3.483,3.356
[17:59:29.700] imu_att:-0.053,0.033,-5.121,-174.175,3.195,3.346
[17:59:29.740] imu_att:-0.052,0.023,-5.122,-174.442,2.964,3.272
[17:59:29.780] imu_att:-0.055,0.035,-5.122,-173.744,3.560,3.269
[17:59:29.819] imu_att:-0.054,0.043,-5.121,-174.040,3.288,3.297
[17:59:29.860] imu_att:-0.065,0.023,-5.122,-173.510,3.510,3.284
[17:59:29.900] imu_att:-0.067,0.021,-5.122,-173.866,3.539,3.303
[17:59:29.940] imu_att:-0.053,0.031,-5.124,-173.567,3.415,3.310
[17:59:29.979] imu_att:-0.051,0.013,-5.122,-174.640,2.670,3.247
[17:59:30.021] imu_att:-0.057,0.016,-5.121,-173.008,3.850,3.256
[17:59:30.060] imu_att:-0.061,-0.000,-5.125,-173.439,3.620,3.316
[17:59:30.100] imu_att:-0.048,0.054,-5.124,-173.671,3.653,3.337
[17:59:30.139] imu_att:-0.061,0.026,-5.123,-173.573,3.484,3.313
[17:59:30.181] imu_att:-0.054,0.031,-5.124,-173.772,3.121,3.290
[17:59:30.220] imu_att:-0.040,0.016,-5.124,-175.082,2.472,3.223
[17:59:30.260] imu_att:-0.047,0.025,-5.125,-174.056,3.218,3.167
[17:59:30.299] imu_att:-0.069,0.028,-5.126,-173.756,3.314,3.146
[17:59:30.340] imu_att:-0.079,0.030,-5.125,-174.272,3.148,3.182
[17:59:30.380] imu_att:-0.069,0.022,-5.126,-173.339,3.564,3.214
[17:59:30.420] imu_att:-0.061,0.026,-5.126,-173.938,3.132,3.248
[17:59:30.460] imu_att:-0.048,0.015,-5.127,-174.026,3.224,3.243
[17:59:30.501] imu_att:-0.041,0.026,-5.127,-174.271,3.111,3.254
[17:59:30.541] imu_att:-0.059,0.023,-5.127,-174.047,3.268,3.266
[17:59:30.580] imu_att:-0.060,0.027,-5.127,-173.985,2.839,3.206
[17:59:30.620] imu_att:-0.062,0.022,-5.128,-174.721,3.133,3.185
[17:59:30.659] imu_att:-0.073,0.024,-5.129,-174.777,3.083,3.200
[17:59:30.700] imu_att:-0.077,0.014,-5.130,-173.592,3.247,3.177
[17:59:30.740] imu_att:-0.049,0.022,-5.130,-172.986,3.660,3.127
[17:59:30.780] imu_att:-0.065,0.007,-5.132,-173.532,3.727,3.227
[17:59:30.820] imu_att:-0.043,0.018,-5.134,-173.861,3.729,3.330
[17:59:30.860] imu_att:-0.060,0.013,-5.136,-174.276,3.038,3.320
[17:59:30.900] imu_att:-0.043,0.003,-5.138,-174.643,3.039,3.271
[17:59:30.940] imu_att:-0.143,-0.044,-5.148,-174.345,2.962,3.188
[17:59:30.980] imu_att:-0.011,-0.011,-5.152,-174.101,2.908,3.126
[17:59:31.021] imu_att:-0.027,-0.038,-5.156,-173.639,3.430,3.136
[17:59:31.060] imu_att:-0.032,-0.055,-5.159,-173.901,3.080,3.116
[17:59:31.100] imu_att:-0.048,-0.065,-5.161,-174.206,3.260,3.131
[17:59:31.140] imu_att:-0.069,-0.046,-5.164,-174.055,3.201,3.126
[17:59:31.179] imu_att:-0.070,0.098,-5.168,-173.896,2.955,3.061
[17:59:31.220] imu_att:-0.063,0.398,-5.175,-173.790,3.505,3.138
[17:59:31.260] imu_att:-0.098,-0.169,-5.189,-175.245,2.433,3.095
[17:59:31.300] imu_att:0.008,-0.528,-5.193,-175.269,1.990,2.898
[17:59:31.339] imu_att:-0.047,-0.321,-5.194,-174.044,2.952,2.812
[17:59:31.381] imu_att:-0.017,-0.240,-5.194,-174.699,2.546,2.763
[17:59:31.420] imu_att:-0.045,-0.124,-5.203,-173.982,2.985,2.769
[17:59:31.460] imu_att:-0.016,-0.023,-5.253,-174.253,2.810,2.754
[17:59:31.499] imu_att:0.059,-0.214,-5.345,-174.653,2.656,2.687
[17:59:31.539] imu_att:0.386,-0.078,-5.482,-174.520,2.740,2.552
[17:59:31.580] imu_att:-0.366,-0.580,-5.513,-175.326,2.117,2.473
[17:59:31.620] imu_att:-0.344,-0.797,-5.338,-175.498,1.699,2.478
[17:59:31.660] imu_att:0.094,-0.619,-5.273,-174.893,2.526,2.507
[17:59:31.699] imu_att:0.095,-1.378,-5.267,-176.644,1.178,2.406
[17:59:31.741] imu_att:-0.167,-2.655,-5.177,-176.664,0.371,2.073
[17:59:31.780] imu_att:0.158,-2.746,-5.132,-177.919,-0.610,1.698
[17:59:31.820] imu_att:0.183,-3.218,-5.193,-176.837,-0.448,1.198
[17:59:31.859] imu_att:-0.304,-4.623,-5.104,179.043,-2.754,0.839
[17:59:31.900] imu_att:-0.092,-5.678,-4.918,176.737,-5.323,0.406
[17:59:31.940] imu_att:0.334,-7.147,-4.852,173.600,-8.338,-0.210
[17:59:31.980] imu_att:0.159,-8.998,-4.805,169.516,-12.760,-0.786
[17:59:32.019] imu_att:0.019,-10.497,-4.724,164.463,-17.120,-1.329
[17:59:32.061] imu_att:0.143,-11.370,-4.688,161.401,-20.519,-1.922
[17:59:32.100] imu_att:0.087,-12.305,-4.675,158.419,-23.453,-2.538
[17:59:32.140] imu_att:0.005,-13.226,-4.637,154.355,-27.442,-3.068
[17:59:32.179] imu_att:-0.006,-14.188,-4.589,150.368,-31.607,-3.719
[17:59:32.221] imu_att:0.144,-15.597,-4.556,144.005,-36.881,-4.322
[17:59:32.260] imu_att:0.066,-16.689,-4.514,141.727,-40.254,-4.855
[17:59:32.300] imu_att:0.095,-17.030,-4.492,141.083,-41.677,-5.538
[17:59:32.340] imu_att:0.241,-16.896,-4.527,141.443,-41.288,-6.217
[17:59:32.381] imu_att:-0.002,-16.708,-4.556,141.517,-41.359,-6.892
[17:59:32.420] imu_att:-0.189,-16.648,-4.547,139.389,-42.861,-7.467
[17:59:32.460] imu_att:-0.068,-16.323,-4.520,142.099,-41.319,-8.155
[17:59:32.500] imu_att:-0.042,-16.198,-4.489,141.536,-40.756,-8.777
[17:59:32.539] imu_att:0.094,-16.127,-4.466,143.124,-40.026,-9.409
[17:59:32.581] imu_att:0.124,-16.044,-4.462,144.323,-38.916,-10.063
[17:59:32.620] imu_att:-0.007,-16.088,-4.447,143.872,-39.214,-10.641
[17:59:32.660] imu_att:0.080,-16.197,-4.434,142.239,-40.283,-11.357
[17:59:32.699] imu_att:0.102,-16.229,-4.442,143.005,-39.704,-12.030
[17:59:32.741] imu_att:-0.001,-16.272,-4.441,142.280,-40.467,-12.628
[17:59:32.780] imu_att:-0.008,-16.305,-4.438,142.547,-40.255,-13.361
[17:59:32.820] imu_att:0.067,-16.297,-4.444,142.882,-39.531,-14.039
[17:59:32.859] imu_att:-0.077,-16.289,-4.435,141.468,-40.864,-14.703
[17:59:32.899] imu_att:0.009,-16.313,-4.428,142.094,-40.689,-15.305
[17:59:32.940] imu_att:0.024,-16.270,-4.429,142.263,-40.477,-16.052
[17:59:32.980] imu_att:-0.057,-16.283,-4.410,142.288,-41.369,-16.714
[17:59:33.020] imu_att:0.010,-16.269,-4.394,143.791,-39.440,-17.381
[17:59:33.061] imu_att:-0.027,-16.278,-4.372,142.913,-39.832,-18.044
[17:59:33.100] imu_att:0.021,-16.358,-4.357,142.650,-40.255,-18.717
[17:59:33.140] imu_att:-0.005,-16.368,-4.342,142.099,-40.716,-19.322
[17:59:33.180] imu_att:0.003,-16.246,-4.318,142.665,-39.713,-20.061
[17:59:33.219] imu_att:0.037,-16.269,-4.306,141.684,-40.861,-20.743
[17:59:33.261] imu_att:0.022,-16.319,-4.294,141.281,-41.433,-21.428
[17:59:33.300] imu_att:0.010,-16.203,-4.282,143.102,-39.818,-22.115
[17:59:33.340] imu_att:-0.000,-16.166,-4.268,142.725,-39.887,-22.803
[17:59:33.379] imu_att:-0.003,-16.289,-4.250,141.168,-40.719,-23.418
[17:59:33.421] imu_att:0.008,-16.406,-4.233,141.115,-40.805,-24.178
[17:59:33.460] imu_att:0.034,-16.472,-4.219,141.742,-40.960,-24.873
[17:59:33.500] imu_att:-0.007,-16.500,-4.197,140.905,-41.993,-25.562
[17:59:33.540] imu_att:-0.024,-16.457,-4.168,141.336,-41.705,-26.246
[17:59:33.579] imu_att:0.014,-16.413,-4.148,141.759,-40.991,-26.870
[17:59:33.620] imu_att:0.059,-16.375,-4.134,142.022,-40.991,-27.573
[17:59:33.660] imu_att:0.051,-16.372,-4.123,140.511,-41.796,-28.355
[17:59:33.700] imu_att:0.031,-16.385,-4.117,142.836,-40.207,-28.999
[17:59:33.741] imu_att:0.017,-16.401,-4.111,141.658,-41.183,-29.790
[17:59:33.781] imu_att:-0.028,-16.377,-4.100,144.098,-39.829,-30.506
[17:59:33.820] imu_att:0.001,-16.426,-4.090,142.210,-39.548,-31.153
[17:59:33.860] imu_att:0.025,-16.496,-4.081,141.377,-41.428,-31.949
[17:59:33.899] imu_att:-0.074,-16.491,-4.067,140.239,-42.253,-32.670
[17:59:33.941] imu_att:0.011,-16.481,-4.054,142.074,-41.499,-33.393
[17:59:33.980] imu_att:-0.027,-16.527,-4.042,141.198,-41.273,-34.119
[17:59:34.020] imu_att:0.022,-16.518,-4.039,142.976,-40.898,-34.784
[17:59:34.060] imu_att:0.011,-16.440,-4.043,141.022,-40.960,-35.605
[17:59:34.101] imu_att:-0.025,-16.402,-4.040,140.905,-41.637,-36.348
[17:59:34.140] imu_att:-0.029,-16.418,-4.033,141.105,-40.851,-37.015
[17:59:34.180] imu_att:-0.044,-16.375,-4.023,143.845,-39.954,-37.807
[17:59:34.220] imu_att:-0.002,-16.298,-4.012,142.138,-40.807,-38.483
[17:59:34.261] imu_att:-0.041,-16.284,-4.000,141.962,-40.717,-39.014
[17:59:34.300] imu_att:0.008,-16.248,-3.988,143.846,-39.356,-39.389
[17:59:34.340] imu_att:0.032,-16.255,-3.983,140.739,-41.245,-39.661
[17:59:34.380] imu_att:0.003,-16.281,-3.977,142.104,-40.237,-39.980
[17:59:34.421] imu_att:0.044,-16.235,-3.978,141.603,-40.695,-40.227
[17:59:34.461] imu_att:0.012,-16.208,-3.983,142.056,-40.129,-40.332
[17:59:34.500] imu_att:-0.023,-16.194,-3.979,142.301,-40.473,-40.463
[17:59:34.540] imu_att:0.009,-16.173,-3.976,142.327,-40.498,-40.623
[17:59:34.579] imu_att:-0.042,-16.170,-3.967,142.191,-40.479,-40.656
[17:59:34.621] imu_att:-0.049,-16.094,-3.953,143.851,-39.421,-40.711
[17:59:34.660] imu_att:-0.010,-16.030,-3.939,142.042,-40.211,-40.666
[17:59:34.700] imu_att:-0.010,-16.044,-3.926,142.503,-40.515,-40.788
[17:59:34.739] imu_att:0.022,-16.027,-3.923,142.611,-40.190,-40.826
[17:59:34.781] imu_att:0.055,-15.989,-3.922,144.138,-38.892,-40.647
[17:59:34.820] imu_att:-0.074,-15.929,-3.910,143.732,-39.515,-40.529
[17:59:34.860] imu_att:-0.012,-15.934,-3.897,142.721,-39.743,-40.451
[17:59:34.900] imu_att:-0.001,-15.998,-3.887,145.331,-38.815,-40.332
[17:59:34.941] imu_att:0.033,-16.049,-3.883,142.153,-39.334,-40.102
[17:59:34.980] imu_att:0.003,-16.032,-3.880,142.307,-39.395,-40.040
[17:59:35.020] imu_att:-0.054,-15.947,-3.869,142.431,-40.282,-40.134
[17:59:35.060] imu_att:0.002,-15.845,-3.865,143.803,-38.896,-40.142
[17:59:35.099] imu_att:-0.032,-15.875,-3.855,143.240,-39.883,-40.048
[17:59:35.141] imu_att:0.022,-15.863,-3.850,144.112,-38.970,-40.077
[17:59:35.180] imu_att:0.040,-15.779,-3.858,143.193,-39.438,-40.028
[17:59:35.220] imu_att:-0.005,-15.639,-3.862,144.941,-37.941,-39.861
[17:59:35.260] imu_att:-0.007,-15.452,-3.864,146.705,-36.484,-39.489
[17:59:35.301] imu_att:-0.062,-15.345,-3.857,146.723,-36.164,-39.036
[17:59:35.340] imu_att:0.020,-15.234,-3.849,146.476,-36.546,-38.667
[17:59:35.380] imu_att:-0.044,-15.160,-3.839,146.109,-36.233,-38.285
[17:59:35.420] imu_att:-0.084,-15.199,-3.792,146.613,-35.917,-37.883
[17:59:35.459] imu_att:0.043,-15.161,-3.735,146.252,-36.742,-37.661
[17:59:35.500] imu_att:0.181,-14.851,-3.762,148.113,-34.814,-37.399
[17:59:35.540] imu_att:0.262,-14.491,-3.852,150.868,-32.424,-37.031
[17:59:35.580] imu_att:0.124,-13.752,-3.927,154.828,-29.716,-36.632
[17:59:35.619] imu_att:0.044,-12.578,-3.998,157.284,-26.388,-36.227
[17:59:35.661] imu_att:-0.094,-11.441,-4.054,159.957,-23.542,-35.804
[17:59:35.700] imu_att:-0.137,-10.624,-4.109,163.761,-19.618,-35.378
[17:59:35.740] imu_att:0.083,-9.857,-4.182,166.980,-16.558,-34.968
[17:59:35.779] imu_att:0.053,-9.236,-4.265,168.424,-14.711,-34.613
[17:59:35.821] imu_att:0.025,-7.859,-4.337,171.755,-11.708,-34.149
[17:59:35.860] imu_att:-0.099,-6.463,-4.373,174.351,-8.974,-33.694
[17:59:35.900] imu_att:-0.095,-5.302,-4.347,178.469,-5.005,-33.176
[17:59:35.940] imu_att:-0.140,-4.304,-4.287,179.057,-3.971,-32.621
[17:59:35.979] imu_att:0.078,-3.769,-4.260,-179.708,-2.842,-32.096
[17:59:36.021] imu_att:0.186,-3.268,-4.290,-179.086,-1.907,-31.627
[17:59:36.060] imu_att:0.101,-2.991,-4.361,-179.510,-2.066,-31.196
[17:59:36.100] imu_att:0.002,-2.743,-4.442,-179.523,-2.202,-30.773
[17:59:36.139] imu_att:-0.071,-1.847,-4.499,-177.149,-0.273,-30.322
[17:59:36.181] imu_att:-0.106,-0.930,-4.519,-175.900,0.986,-29.834
[17:59:36.220] imu_att:-0.013,-0.427,-4.531,-175.840,1.415,-29.385
[17:59:36.260] imu_att:-0.018,-0.341,-4.497,-175.052,2.533,-28.787
[17:59:36.299] imu_att:0.088,-0.723,-4.485,-175.903,2.040,-28.258
[17:59:36.341] imu_att:-0.071,-0.183,-4.485,-175.852,1.526,-27.740
[17:59:36.380] imu_att:-0.006,-0.476,-4.489,-175.048,2.006,-27.223
[17:59:36.420] imu_att:-0.029,-0.425,-4.489,-175.481,1.926,-26.700
[17:59:36.460] imu_att:-0.079,-0.249,-4.500,-174.661,2.491,-26.186
[17:59:36.499] imu_att:-0.103,-0.129,-4.524,-174.755,2.784,-25.682
[17:59:36.540] imu_att:0.183,0.387,-4.518,-174.417,2.751,-25.145
[17:59:36.580] imu_att:-0.081,-0.084,-4.519,-173.753,3.547,-24.614
[17:59:36.620] imu_att:-0.086,-0.655,-4.515,-175.552,1.778,-24.075
[17:59:36.659] imu_att:-0.032,-0.297,-4.516,-174.375,2.557,-23.539
[17:59:36.701] imu_att:-0.040,0.015,-4.518,-174.373,2.911,-23.001
[17:59:36.740] imu_att:-0.055,-0.111,-4.520,-174.122,3.119,-22.462
[17:59:36.780] imu_att:-0.059,-0.172,-4.512,-174.088,3.160,-21.909
[17:59:36.820] imu_att:-0.011,0.042,-4.509,-174.291,3.167,-21.415
[17:59:36.859] imu_att:-0.037,-0.132,-4.512,-174.248,3.059,-20.814
[17:59:36.900] imu_att:-0.069,-0.059,-4.512,-174.431,2.650,-20.318
[17:59:36.940] imu_att:-0.065,-0.007,-4.514,-173.919,3.607,-19.712
[17:59:36.980] imu_att:-0.046,-0.180,-4.518,-174.132,3.076,-19.159
[17:59:37.019] imu_att:-0.051,-0.060,-4.517,-173.988,2.931,-18.600
[17:59:37.061] imu_att:-0.054,-0.042,-4.516,-173.551,3.298,-18.039
[17:59:37.100] imu_att:-0.061,-0.026,-4.517,-174.709,3.206,-17.533
[17:59:37.140] imu_att:-0.054,-0.026,-4.520,-174.455,2.840,-16.914
[17:59:37.179] imu_att:-0.057,-0.057,-4.523,-174.482,3.348,-16.350
[17:59:37.221] imu_att:-0.094,-0.055,-4.532,-173.602,3.579,-15.789
[17:59:37.260] imu_att:0.022,-0.555,-4.528,-174.871,2.588,-15.212
[17:59:37.300] imu_att:-0.159,-0.741,-4.542,-175.247,1.795,-14.652
[17:59:37.340] imu_att:-0.033,0.755,-4.539,-172.807,4.092,-14.072
[17:59:37.379] imu_att:-0.181,0.347,-4.559,-172.730,4.764,-13.512
[17:59:37.421] imu_att:-0.052,-0.542,-4.577,-175.450,2.055,-12.949
[17:59:37.460] imu_att:0.149,-0.129,-4.572,-173.489,3.036,-12.360
[17:59:37.500] imu_att:0.053,0.258,-4.571,-174.170,3.234,-11.772
[17:59:37.540] imu_att:0.060,0.001,-4.566,-174.396,3.030,-11.178
[17:59:37.580] imu_att:-0.049,0.129,-4.568,-174.533,2.706,-10.590
[17:59:37.620] imu_att:0.096,0.063,-4.571,-174.894,2.741,-9.999
[17:59:37.660] imu_att:-0.021,-0.021,-4.585,-174.349,2.934,-9.417
[17:59:37.700] imu_att:-0.009,0.046,-4.594,-174.669,3.201,-8.828
[17:59:37.739] imu_att:0.087,0.069,-4.602,-174.606,2.769,-8.236
[17:59:37.780] imu_att:0.023,0.130,-4.610,-173.868,3.328,-7.641
[17:59:37.820] imu_att:0.089,-0.063,-4.624,-174.790,3.090,-7.051
[17:59:37.860] imu_att:0.092,-0.009,-4.638,-175.008,2.446,-6.457
[17:59:37.899] imu_att:0.101,0.101,-4.654,-173.864,3.402,-5.863
[17:59:37.941] imu_att:0.052,-0.085,-4.667,-175.427,2.721,-5.263
[17:59:37.980] imu_att:0.123,-0.184,-4.673,-175.071,2.071,-4.717
[17:59:38.020] imu_att:0.396,-0.046,-4.652,-175.074,1.804,-4.079
[17:59:38.059] imu_att:0.205,0.403,-4.647,-174.348,2.510,-3.393
[17:59:38.100] imu_att:0.598,0.192,-4.644,-175.392,2.016,-2.769
[17:59:38.140] imu_att:1.302,0.288,-4.642,-175.917,1.386,-2.143
[17:59:38.180] imu_att:1.756,0.095,-4.646,-177.153,0.561,-1.613
[17:59:38.220] imu_att:2.001,0.140,-4.659,-177.865,-0.677,-1.360
[17:59:38.259] imu_att:2.304,0.530,-4.672,-178.623,-1.372,-1.309
[17:59:38.300] imu_att:2.960,0.286,-4.696,-179.337,-1.934,-1.377
[17:59:38.340] imu_att:3.860,0.263,-4.720,179.230,-3.526,-1.723
[17:59:38.380] imu_att:4.636,0.115,-4.720,177.894,-5.079,-2.220
[17:59:38.419] imu_att:5.345,0.277,-4.714,177.493,-5.334,-2.705
[17:59:38.460] imu_att:5.833,0.437,-4.693,176.672,-5.953,-3.288
[17:59:38.500] imu_att:5.966,0.115,-4.666,175.774,-6.683,-3.820
[17:59:38.540] imu_att:6.060,0.350,-4.650,176.810,-6.084,-4.206
[17:59:38.580] imu_att:6.027,0.314,-4.642,176.192,-6.395,-4.587
[17:59:38.621] imu_att:6.049,0.517,-4.647,176.124,-6.728,-4.976
[17:59:38.660] imu_att:6.439,0.362,-4.660,174.800,-7.849,-5.363
[17:59:38.700] imu_att:6.808,0.319,-4.676,173.436,-8.865,-5.917
[17:59:38.740] imu_att:7.902,0.319,-4.706,171.820,-10.639,-6.542
[17:59:38.779] imu_att:9.284,0.362,-4.732,171.711,-11.061,-7.164
[17:59:38.820] imu_att:9.809,0.373,-4.749,170.312,-11.919,-7.781
[17:59:38.860] imu_att:10.454,0.433,-4.758,169.833,-12.682,-8.331
[17:59:38.900] imu_att:11.141,0.424,-4.762,168.078,-14.191,-8.999
[17:59:38.939] imu_att:12.211,0.801,-4.774,167.476,-14.850,-9.617
[17:59:38.981] imu_att:13.295,0.690,-4.783,166.277,-16.207,-10.234
[17:59:39.020] imu_att:14.520,0.531,-4.803,165.222,-17.301,-10.865
[17:59:39.061] imu_att:16.033,0.465,-4.816,162.672,-19.194,-11.492
[17:59:39.100] imu_att:17.198,0.331,-4.811,162.921,-19.789,-12.041
[17:59:39.141] imu_att:18.071,0.093,-4.805,162.260,-20.154,-12.714
[17:59:39.180] imu_att:18.656,0.313,-4.805,161.922,-20.772,-13.334
[17:59:39.220] imu_att:19.091,0.391,-4.804,161.607,-21.307,-13.956
[17:59:39.260] imu_att:19.594,0.161,-4.804,160.680,-22.063,-14.581
[17:59:39.299] imu_att:20.337,0.015,-4.795,159.805,-22.781,-15.136
[17:59:39.341] imu_att:20.878,0.137,-4.779,159.024,-23.579,-15.812
[17:59:39.380] imu_att:21.773,0.279,-4.776,158.590,-23.997,-16.441
[17:59:39.420] imu_att:22.827,0.315,-4.766,157.990,-24.403,-17.002
[17:59:39.460] imu_att:23.247,0.255,-4.755,156.976,-25.537,-17.692
[17:59:39.501] imu_att:23.863,0.207,-4.751,156.426,-26.241,-18.326
[17:59:39.540] imu_att:25.129,0.210,-4.742,155.848,-26.357,-18.958
[17:59:39.580] imu_att:26.009,0.046,-4.717,155.486,-27.260,-19.578
[17:59:39.620] imu_att:26.656,0.203,-4.699,156.074,-26.720,-20.206
[17:59:39.659] imu_att:27.261,0.116,-4.690,155.541,-27.194,-20.845
[17:59:39.701] imu_att:27.902,0.065,-4.689,154.776,-27.964,-21.494
[17:59:39.740] imu_att:28.577,-0.078,-4.688,154.251,-28.263,-22.147
[17:59:39.780] imu_att:29.101,-0.136,-4.684,154.697,-28.209,-22.732
[17:59:39.819] imu_att:28.144,-0.246,-4.665,154.235,-28.450,-23.436
[17:59:39.859] imu_att:27.510,-0.270,-4.646,154.396,-28.363,-24.012
[17:59:39.901] imu_att:27.756,-0.114,-4.642,154.213,-28.553,-24.735
[17:59:39.940] imu_att:28.149,-0.012,-4.630,153.759,-28.817,-25.322
[17:59:39.979] imu_att:28.557,-0.311,-4.619,154.182,-28.923,-25.977
[17:59:40.019] imu_att:29.085,-0.238,-4.620,153.795,-28.774,-26.558
[17:59:40.060] imu_att:28.731,-0.054,-4.619,154.071,-28.977,-27.095
[17:59:40.100] imu_att:28.137,-0.167,-4.616,153.978,-28.772,-27.437
[17:59:40.140] imu_att:27.762,-0.139,-4.616,154.176,-28.666,-27.770
[17:59:40.180] imu_att:28.206,-0.139,-4.610,154.119,-28.548,-27.963
[17:59:40.219] imu_att:28.650,-0.216,-4.615,154.457,-28.416,-28.122
[17:59:40.260] imu_att:28.419,-0.037,-4.619,154.550,-28.389,-28.282
[17:59:40.300] imu_att:27.222,0.294,-4.613,154.601,-28.082,-28.312
[17:59:40.340] imu_att:26.605,-0.379,-4.606,154.587,-28.223,-28.337
[17:59:40.379] imu_att:26.837,0.019,-4.599,154.382,-28.384,-28.393
[17:59:40.420] imu_att:27.583,0.084,-4.608,154.848,-28.045,-28.428
[17:59:40.460] imu_att:27.887,-0.167,-4.600,154.679,-28.051,-28.402
[17:59:40.500] imu_att:27.712,-0.269,-4.587,154.678,-27.905,-28.368
[17:59:40.539] imu_att:27.029,-0.084,-4.575,154.664,-27.905,-28.351
[17:59:40.581] imu_att:26.645,-0.079,-4.571,154.898,-27.956,-28.370
[17:59:40.620] imu_att:26.692,-0.119,-4.572,155.312,-27.659,-28.340
[17:59:40.660] imu_att:26.892,-0.076,-4.566,155.061,-27.671,-28.296
[17:59:40.699] imu_att:26.909,-0.127,-4.559,154.836,-27.940,-28.271
[17:59:40.741] imu_att:26.839,-0.105,-4.553,154.586,-27.903,-28.261
[17:59:40.780] imu_att:26.703,-0.139,-4.551,155.215,-27.706,-28.257
[17:59:40.820] imu_att:26.733,-0.097,-4.550,154.530,-27.886,-28.200
[17:59:40.860] imu_att:26.783,-0.171,-4.549,155.443,-27.510,-28.159
[17:59:40.899] imu_att:26.608,-0.147,-4.547,155.659,-27.013,-28.030
[17:59:40.941] imu_att:26.337,-0.129,-4.549,155.662,-27.111,-27.921
[17:59:40.980] imu_att:26.065,-0.127,-4.550,155.660,-27.278,-27.865
[17:59:41.020] imu_att:25.980,-0.056,-4.558,155.811,-27.018,-27.801
[17:59:41.060] imu_att:26.073,-0.010,-4.576,155.769,-26.871,-27.707
[17:59:41.101] imu_att:25.856,0.001,-4.600,155.739,-27.000,-27.651
[17:59:41.140] imu_att:25.161,0.026,-4.611,156.540,-26.143,-27.461
[17:59:41.180] imu_att:24.325,0.036,-4.609,156.629,-25.953,-27.239
[17:59:41.220] imu_att:24.018,0.019,-4.606,157.444,-25.680,-27.053
[17:59:41.260] imu_att:23.854,0.099,-4.593,157.301,-25.340,-26.788
[17:59:41.301] imu_att:23.772,0.205,-4.563,157.816,-24.956,-26.508
[17:59:41.340] imu_att:23.287,0.035,-4.518,158.402,-24.190,-26.130
[17:59:41.380] imu_att:22.402,-0.005,-4.466,158.778,-23.953,-25.748
[17:59:41.419] imu_att:22.044,0.166,-4.415,159.943,-23.143,-25.349
[17:59:41.461] imu_att:21.021,-0.101,-4.362,160.041,-22.498,-24.861
[17:59:41.500] imu_att:19.738,0.101,-4.320,161.358,-21.929,-24.391
[17:59:41.540] imu_att:18.565,0.260,-4.298,161.975,-20.832,-23.826
[17:59:41.579] imu_att:16.913,0.172,-4.295,162.943,-19.788,-23.270
[17:59:41.619] imu_att:15.612,0.250,-4.303,164.821,-18.171,-22.723
[17:59:41.660] imu_att:14.366,0.337,-4.304,165.181,-17.515,-22.166
[17:59:41.700] imu_att:13.056,0.336,-4.314,166.923,-16.222,-21.615
[17:59:41.740] imu_att:12.516,0.313,-4.316,168.724,-14.821,-21.056
[17:59:41.779] imu_att:10.709,0.094,-4.305,169.600,-13.430,-20.480
[17:59:41.820] imu_att:9.614,0.058,-4.298,170.862,-12.296,-19.905
[17:59:41.860] imu_att:8.630,0.283,-4.286,173.307,-9.995,-19.324
[17:59:41.900] imu_att:7.134,0.054,-4.271,173.918,-8.884,-18.795
[17:59:41.939] imu_att:6.405,0.216,-4.289,175.786,-7.449,-18.182
[17:59:41.981] imu_att:5.553,0.164,-4.317,176.945,-6.039,-17.632
[17:59:42.020] imu_att:4.389,0.290,-4.355,179.396,-3.718,-17.092
[17:59:42.060] imu_att:3.306,0.025,-4.366,178.996,-3.651,-16.522
[17:59:42.100] imu_att:2.320,-0.192,-4.331,-179.329,-2.342,-15.904
[17:59:42.139] imu_att:1.380,-0.153,-4.316,-176.952,-0.056,-15.362
[17:59:42.180] imu_att:0.546,-0.049,-4.314,-175.909,1.319,-14.773
[17:59:42.220] imu_att:-0.903,-0.253,-4.270,-174.156,3.526,-14.138
[17:59:42.260] imu_att:-0.165,0.639,-4.271,-172.696,3.972,-13.547
[17:59:42.299] imu_att:0.058,0.057,-4.264,-174.207,3.028,-12.886
[17:59:42.340] imu_att:0.122,0.059,-4.246,-174.493,2.760,-12.271
[17:59:42.380] imu_att:0.046,0.146,-4.226,-174.355,3.139,-11.652
[17:59:42.420] imu_att:-0.031,-0.343,-4.212,-174.229,2.767,-11.036
[17:59:42.459] imu_att:0.067,-0.106,-4.180,-175.124,2.069,-10.460
[17:59:42.499] imu_att:-0.109,1.317,-4.177,-171.593,5.296,-9.851
[17:59:42.540] imu_att:-0.515,0.995,-4.265,-171.802,6.035,-9.270
[17:59:42.580] imu_att:0.052,-1.396,-4.328,-175.780,2.271,-8.722
[17:59:42.620] imu_att:0.128,-1.656,-4.309,-176.987,0.280,-8.089
[17:59:42.659] imu_att:0.058,-0.308,-4.299,-174.809,2.023,-7.464
[17:59:42.700] imu_att:-0.075,0.279,-4.303,-172.944,3.963,-6.850
[17:59:42.740] imu_att:-0.077,-0.053,-4.307,-174.545,3.559,-6.296
[17:59:42.780] imu_att:-0.041,-0.251,-4.305,-174.332,2.853,-5.609
[17:59:42.819] imu_att:-0.058,-0.041,-4.305,-173.959,3.060,-5.047
[17:59:42.859] imu_att:-0.052,-0.056,-4.306,-173.822,2.979,-4.421
[17:59:42.900] imu_att:-0.056,-0.098,-4.307,-174.453,2.779,-3.730
[17:59:42.940] imu_att:-0.048,-0.064,-4.306,-173.068,3.693,-3.097
[17:59:42.979] imu_att:-0.092,0.119,-4.313,-173.936,3.002,-2.533
[17:59:43.019] imu_att:-0.034,-0.092,-4.319,-175.329,2.245,-1.840
[17:59:43.060] imu_att:0.000,-0.522,-4.314,-176.062,1.291,-1.216
[17:59:43.100] imu_att:-0.012,-0.131,-4.309,-174.814,2.267,-0.579
[17:59:43.139] imu_att:-0.072,0.207,-4.309,-174.015,2.903,0.056
[17:59:43.179] imu_att:-0.048,-0.070,-4.310,-175.007,2.570,0.643
[17:59:43.220] imu_att:-0.040,-0.073,-4.309,-174.708,2.513,1.037
[17:59:43.260] imu_att:-0.087,0.448,-4.316,-173.325,3.800,1.485
[17:59:43.300] imu_att:-0.019,-0.528,-4.316,-175.348,1.962,1.780
[17:59:43.339] imu_att:-0.041,-0.248,-4.313,-174.499,2.595,1.914
[17:59:43.380] imu_att:-0.028,-0.505,-4.311,-175.416,2.429,2.074
[17:59:43.420] imu_att:-0.063,-0.324,-4.309,-174.202,2.276,2.096
[17:59:43.460] imu_att:-0.105,0.598,-4.313,-173.559,3.498,2.303
[17:59:43.499] imu_att:0.017,0.065,-4.315,-174.197,3.378,2.630
[17:59:43.541] imu_att:-0.013,-0.591,-4.302,-175.512,1.853,2.630
[17:59:43.580] imu_att:-0.013,0.149,-4.294,-174.523,2.585,2.612
[17:59:43.620] imu_att:-0.107,0.247,-4.293,-173.698,3.344,2.758
[17:59:43.660] imu_att:-0.106,-0.150,-4.288,-175.188,2.529,2.885
[17:59:43.699] imu_att:-0.085,-0.207,-4.288,-174.546,2.535,2.881
[17:59:43.740] imu_att:-0.075,-0.193,-4.292,-174.170,3.041,2.954
[17:59:43.780] imu_att:-0.073,-0.150,-4.284,-174.597,2.827,2.978
[17:59:43.820] imu_att:-0.270,0.076,-4.300,-174.410,2.886,2.997
[17:59:43.859] imu_att:-0.019,-0.256,-4.278,-174.047,3.253,3.076
[17:59:43.900] imu_att:-0.143,-0.255,-4.261,-174.679,3.016,3.160
[17:59:43.940] imu_att:-0.275,-0.180,-4.260,-173.812,3.357,3.222
[17:59:43.980] imu_att:-0.251,-0.003,-4.252,-174.194,3.260,3.318
[17:59:44.019] imu_att:-0.240,0.034,-4.252,-173.018,4.071,3.416
[17:59:44.059] imu_att:-0.227,-0.246,-4.250,-173.680,3.803,3.567
[17:59:44.100] imu_att:-0.182,-0.258,-4.226,-173.155,3.970,3.710
[17:59:44.140] imu_att:-0.761,0.184,-4.202,-172.314,5.030,3.976
[17:59:44.179] imu_att:-0.881,-0.028,-4.197,-171.505,5.343,4.281
[17:59:44.219] imu_att:-0.914,0.374,-4.178,-170.679,6.254,4.630
[17:59:44.261] imu_att:-1.330,0.402,-4.155,-168.479,8.266,5.200
[17:59:44.300] imu_att:-1.680,0.467,-4.120,-166.504,10.099,5.895
[17:59:44.340] imu_att:-2.923,0.381,-4.094,-163.789,12.636,6.582
[17:59:44.379] imu_att:-4.359,0.323,-4.064,-160.430,15.886,7.276
[17:59:44.421] imu_att:-5.447,0.391,-4.045,-157.672,18.727,7.961
[17:59:44.460] imu_att:-5.985,0.504,-3.993,-154.707,21.874,8.682
[17:59:44.500] imu_att:-6.596,0.235,-3.941,-153.613,23.223,9.405
[17:59:44.539] imu_att:-7.792,0.070,-3.919,-150.745,25.735,10.100
[17:59:44.579] imu_att:-8.482,0.207,-3.882,-147.379,29.476,10.745
[17:59:44.620] imu_att:-10.135,0.233,-3.848,-141.997,34.165,11.524
[17:59:44.660] imu_att:-11.162,0.160,-3.806,-138.634,37.387,12.179
[17:59:44.700] imu_att:-13.057,0.061,-3.763,-134.631,41.830,12.972
[17:59:44.739] imu_att:-14.399,0.061,-3.740,-131.370,44.973,13.680
[17:59:44.780] imu_att:-15.479,-0.060,-3.721,-128.499,48.152,14.317
[17:59:44.820] imu_att:-16.517,-0.094,-3.689,-124.950,50.964,15.038
[17:59:44.860] imu_att:-18.126,-0.072,-3.665,-120.934,55.306,15.822
[17:59:44.899] imu_att:-19.152,-0.042,-3.656,-119.085,57.460,16.525
[17:59:44.941] imu_att:-19.945,0.216,-3.611,-117.119,59.754,17.266
[17:59:44.980] imu_att:-21.155,0.036,-3.557,-114.409,61.959,18.018
[17:59:45.020] imu_att:-22.078,0.031,-3.510,-112.381,64.661,18.765
[17:59:45.060] imu_att:-23.111,0.060,-3.476,-110.099,66.423,19.501
[17:59:45.099] imu_att:-24.083,0.172,-3.427,-108.950,68.233,20.256
[17:59:45.140] imu_att:-24.840,0.391,-3.378,-107.433,69.783,21.011
[17:59:45.180] imu_att:-26.481,0.165,-3.361,-103.926,72.796,21.738
[17:59:45.220] imu_att:-27.121,0.192,-3.372,-102.743,74.211,22.438
[17:59:45.259] imu_att:-27.795,0.315,-3.361,-102.093,74.839,23.162
[17:59:45.301] imu_att:-28.671,0.367,-3.341,-100.505,76.614,23.899
[17:59:45.331] imu_att:-29.396,0.186,-3.325,-99.322,77.552,24.632
[17:59:45.422] imu_att:-29.935,0.068,-3.307,-97.957,78.976,25.371
[17:59:45.429] imu_att:-30.675,0.087,-3.280,-97.233,79.698,26.121
[17:59:45.458] imu_att:-31.009,0.102,-3.263,-96.830,80.153,26.862
[17:59:45.514] imu_att:-31.057,-0.069,-3.242,-96.514,80.708,27.537
[17:59:45.533] imu_att:-31.439,-0.042,-3.229,-96.162,80.980,28.352
[17:59:45.581] imu_att:-31.810,0.155,-3.221,-95.351,81.522,29.091
[17:59:45.619] imu_att:-32.180,0.113,-3.211,-94.804,82.216,29.834
[17:59:45.660] imu_att:-32.296,0.002,-3.184,-95.666,82.177,30.597
[17:59:45.700] imu_att:-32.068,-0.000,-3.189,-95.338,81.897,31.330
[17:59:45.740] imu_att:-31.781,-0.172,-3.181,-95.754,81.124,32.078
[17:59:45.779] imu_att:-31.918,-0.027,-3.178,-95.261,81.568,32.823
[17:59:45.820] imu_att:-32.263,0.028,-3.179,-95.396,81.719,33.567
[17:59:45.860] imu_att:-32.499,-0.134,-3.177,-94.306,82.748,34.316
[17:59:45.900] imu_att:-32.890,-0.152,-3.171,-94.218,82.803,35.070
[17:59:45.939] imu_att:-32.966,-0.114,-3.160,-95.221,82.480,35.833
[17:59:45.981] imu_att:-33.026,-0.039,-3.161,-94.368,83.297,36.585
[17:59:46.020] imu_att:-32.979,0.002,-3.159,-93.838,83.404,37.342
[17:59:46.060] imu_att:-32.996,-0.025,-3.160,-94.697,83.109,38.023
[17:59:46.100] imu_att:-33.011,-0.127,-3.163,-94.195,82.920,38.856
[17:59:46.141] imu_att:-32.976,-0.147,-3.170,-94.591,82.723,39.612
[17:59:46.180] imu_att:-33.035,-0.145,-3.165,-94.323,82.872,40.382
[17:59:46.220] imu_att:-33.275,-0.121,-3.168,-93.168,83.899,41.068
[17:59:46.260] imu_att:-33.352,0.014,-3.172,-93.628,83.574,41.910
[17:59:46.300] imu_att:-33.528,-0.135,-3.167,-94.084,83.324,42.686
[17:59:46.340] imu_att:-33.851,-0.025,-3.162,-93.156,83.715,43.465
[17:59:46.380] imu_att:-34.070,-0.088,-3.163,-92.111,84.797,44.162
[17:59:46.420] imu_att:-34.087,-0.024,-3.154,-93.048,84.592,45.027
[17:59:46.459] imu_att:-34.076,-0.022,-3.142,-92.176,84.717,45.819
[17:59:46.501] imu_att:-34.130,-0.227,-3.142,-92.696,84.638,46.601
[17:59:46.540] imu_att:-34.330,-0.185,-3.155,-92.015,84.984,47.373
[17:59:46.580] imu_att:-34.303,-0.057,-3.155,-92.889,84.407,48.160
[17:59:46.619] imu_att:-34.265,-0.096,-3.144,-92.183,85.296,48.960
[17:59:46.661] imu_att:-34.534,-0.198,-3.135,-92.193,85.080,49.760
[17:59:46.700] imu_att:-34.518,-0.178,-3.117,-91.688,85.262,50.571
[17:59:46.740] imu_att:-34.669,-0.096,-3.091,-91.547,85.857,51.394
[17:59:46.780] imu_att:-34.587,-0.185,-3.076,-91.744,85.448,52.207
[17:59:46.819] imu_att:-34.392,-0.228,-3.076,-91.921,85.435,53.007
[17:59:46.860] imu_att:-34.324,-0.340,-3.074,-92.658,84.815,53.812
[17:59:46.901] imu_att:-34.659,-0.242,-3.093,-92.292,85.272,54.597
[17:59:46.941] imu_att:-34.732,-0.176,-3.093,-91.991,85.380,55.404
[17:59:46.979] imu_att:-34.564,-0.283,-3.080,-91.700,85.500,56.227
[17:59:47.019] imu_att:-34.389,-0.202,-3.078,-91.957,85.359,56.959
[17:59:47.061] imu_att:-34.580,-0.228,-3.086,-92.190,85.147,57.845
[17:59:47.100] imu_att:-34.581,-0.330,-3.086,-91.434,85.749,58.580
[17:59:47.140] imu_att:-34.319,-0.195,-3.085,-92.184,85.066,59.400
[17:59:47.179] imu_att:-33.957,-0.301,-3.093,-92.901,85.006,60.211
[17:59:47.220] imu_att:-33.680,-0.158,-3.092,-92.587,84.069,61.035
[17:59:47.261] imu_att:-33.182,-0.223,-3.098,-93.160,83.754,61.937
[17:59:47.300] imu_att:-32.769,-0.316,-3.107,-93.902,83.585,62.756
[17:59:47.340] imu_att:-32.961,-0.191,-3.129,-93.201,83.919,63.563
[17:59:47.381] imu_att:-32.889,-0.124,-3.127,-93.772,83.549,64.313
[17:59:47.421] imu_att:-32.158,-0.289,-3.159,-95.212,82.767,65.199
[17:59:47.460] imu_att:-31.109,-0.152,-3.199,-96.416,81.167,65.995
[17:59:47.500] imu_att:-30.108,-0.136,-3.219,-97.822,79.774,66.814
[17:59:47.539] imu_att:-29.185,-0.118,-3.212,-99.777,77.935,67.662
[17:59:47.581] imu_att:-28.326,-0.104,-3.210,-101.413,76.344,68.506
[17:59:47.620] imu_att:-27.779,-0.215,-3.236,-101.809,75.714,69.241
[17:59:47.659] imu_att:-26.739,-0.121,-3.280,-103.419,74.170,70.130
[17:59:47.699] imu_att:-25.662,0.064,-3.308,-105.739,72.173,70.864
[17:59:47.740] imu_att:-24.310,0.048,-3.325,-108.299,69.570,71.038
[17:59:47.780] imu_att:-23.191,-0.046,-3.338,-110.517,67.487,70.731
[17:59:47.820] imu_att:-22.037,0.180,-3.350,-113.657,64.630,70.364
[17:59:47.860] imu_att:-20.645,0.490,-3.349,-116.184,61.569,70.008
[17:59:47.901] imu_att:-19.218,0.377,-3.349,-119.545,58.701,69.649
[17:59:47.940] imu_att:-18.132,0.429,-3.365,-122.504,54.972,69.272
[17:59:47.980] imu_att:-16.609,0.356,-3.386,-126.097,51.928,68.888
[17:59:48.019] imu_att:-14.600,0.413,-3.385,-131.730,47.064,68.522
[17:59:48.059] imu_att:-13.559,0.331,-3.388,-134.803,43.141,68.188
[17:59:48.100] imu_att:-11.849,0.491,-3.433,-139.077,38.541,67.737
[17:59:48.140] imu_att:-10.805,0.727,-3.481,-141.951,36.222,67.316
[17:59:48.180] imu_att:-9.515,0.443,-3.507,-144.993,32.810,66.915
[17:59:48.219] imu_att:-8.822,0.389,-3.540,-147.665,29.906,66.505
[17:59:48.260] imu_att:-7.818,0.272,-3.580,-151.102,26.712,66.086
[17:59:48.300] imu_att:-7.092,0.588,-3.600,-152.189,25.121,65.684
[17:59:48.340] imu_att:-6.311,0.654,-3.623,-155.008,23.041,65.278
[17:59:48.379] imu_att:-5.333,0.757,-3.651,-157.127,21.089,64.902
[17:59:48.420] imu_att:-5.323,1.213,-3.674,-155.710,21.519,64.453
[17:59:48.460] imu_att:-6.072,0.625,-3.698,-156.056,21.226,64.039
[17:59:48.500] imu_att:-6.235,0.951,-3.689,-154.910,22.225,63.695
[17:59:48.540] imu_att:-6.148,1.001,-3.677,-155.829,21.773,63.272
[17:59:48.581] imu_att:-5.809,1.027,-3.634,-156.827,20.231,62.919
[17:59:48.620] imu_att:-5.457,1.383,-3.538,-156.302,20.855,62.616
[17:59:48.660] imu_att:-5.252,2.080,-3.408,-155.607,21.466,62.345
[17:59:48.699] imu_att:-4.801,2.361,-3.299,-156.626,21.049,62.091
[17:59:48.739] imu_att:-4.180,2.764,-2.991,-157.771,19.705,61.952
[17:59:48.781] imu_att:-4.849,2.668,-2.567,-158.829,18.956,61.968
[17:59:48.820] imu_att:-7.650,-0.987,-2.243,-170.310,11.181,61.882
[17:59:48.860] imu_att:3.047,-9.000,-2.379,174.630,-2.448,61.333
[17:59:48.899] imu_att:-1.278,-4.320,-2.602,-179.287,-3.658,60.737
[17:59:48.941] imu_att:0.896,-0.100,-2.585,-171.820,4.550,60.296
[17:59:48.980] imu_att:0.338,0.310,-2.569,-171.050,5.797,59.893
[17:59:49.020] imu_att:-0.062,0.083,-2.537,-171.292,5.791,59.547
[17:59:49.060] imu_att:-0.264,-0.089,-2.513,-172.492,5.104,59.106
[17:59:49.099] imu_att:-0.269,-0.065,-2.512,-171.098,5.752,58.724
[17:59:49.140] imu_att:-0.086,0.037,-2.508,-171.289,6.043,58.257
[17:59:49.180] imu_att:-0.240,-0.078,-2.513,-171.336,5.674,57.822
[17:59:49.220] imu_att:-0.166,-0.271,-2.517,-172.013,4.980,57.386
[17:59:49.259] imu_att:-0.130,-0.368,-2.515,-171.662,5.503,56.998
[17:59:49.299] imu_att:-0.144,-0.195,-2.512,-171.520,5.541,56.564
[17:59:49.340] imu_att:-0.098,-0.139,-2.503,-170.544,6.239,56.091
[17:59:49.380] imu_att:-0.171,-0.223,-2.493,-172.581,5.384,55.660
[17:59:49.419] imu_att:-0.112,-0.312,-2.477,-172.547,4.827,55.233
[17:59:49.459] imu_att:-0.202,-0.596,-2.461,-172.673,4.784,54.849
[17:59:49.500] imu_att:-0.163,0.140,-2.452,-171.273,5.562,54.366
[17:59:49.540] imu_att:-0.284,0.371,-2.454,-170.288,7.212,53.914
[17:59:49.580] imu_att:-0.177,0.012,-2.453,-171.534,5.910,53.463
[17:59:49.619] imu_att:-0.157,-0.068,-2.452,-171.372,5.449,53.056
[17:59:49.660] imu_att:-0.165,-0.066,-2.451,-171.355,5.742,52.555
[17:59:49.700] imu_att:-0.161,-0.082,-2.451,-171.960,5.866,52.097
[17:59:49.740] imu_att:-0.150,-0.083,-2.452,-171.268,5.870,51.635
[17:59:49.780] imu_att:-0.153,-0.091,-2.451,-171.442,5.587,51.220
[17:59:49.821] imu_att:-0.157,-0.102,-2.451,-170.981,6.056,50.708
[17:59:49.860] imu_att:-0.145,-0.101,-2.451,-171.408,5.690,50.241
[17:59:49.901] imu_att:-0.140,-0.093,-2.450,-171.678,5.600,49.773
[17:59:49.939] imu_att:-0.166,-0.092,-2.450,-171.936,5.679,49.301
[17:59:49.979] imu_att:-0.162,-0.106,-2.451,-170.984,6.164,48.826
[17:59:50.020] imu_att:-0.142,-0.107,-2.451,-171.832,5.708,48.350
[17:59:50.060] imu_att:-0.147,-0.080,-2.452,-171.503,5.515,47.871
[17:59:50.100] imu_att:-0.153,-0.068,-2.452,-171.944,5.271,47.439
[17:59:50.139] imu_att:-0.153,-0.097,-2.452,-172.031,5.203,46.907
[17:59:50.180] imu_att:-0.138,-0.091,-2.453,-172.102,5.266,46.422
[17:59:50.220] imu_att:-0.153,-0.067,-2.453,-171.579,5.940,45.934
[17:59:50.260] imu_att:-0.150,-0.049,-2.453,-170.820,6.137,45.445
[17:59:50.299] imu_att:-0.148,-0.091,-2.451,-171.434,5.882,44.955
[17:59:50.340] imu_att:-0.154,-0.093,-2.451,-171.801,5.664,44.462
[17:59:50.380] imu_att:-0.146,-0.122,-2.452,-171.647,5.803,43.965
[17:59:50.420] imu_att:-0.111,-0.146,-2.452,-172.426,5.218,43.466
[17:59:50.459] imu_att:-0.110,-0.112,-2.451,-172.300,5.178,43.017
[17:59:50.499] imu_att:-0.132,-0.068,-2.450,-171.173,5.573,42.465
[17:59:50.540] imu_att:-0.138,-0.100,-2.449,-171.361,6.053,41.961
[17:59:50.580] imu_att:-0.147,-0.101,-2.449,-171.409,5.784,41.454
[17:59:50.619] imu_att:-0.135,-0.101,-2.449,-172.073,5.417,40.945
[17:59:50.659] imu_att:-0.121,-0.092,-2.448,-171.310,5.789,40.485
[17:59:50.700] imu_att:-0.118,-0.101,-2.448,-171.603,5.670,39.920
[17:59:50.740] imu_att:-0.122,-0.083,-2.447,-171.420,5.902,39.404
[17:59:50.780] imu_att:-0.142,-0.084,-2.446,-170.777,6.405,38.887
[17:59:50.819] imu_att:-0.151,-0.094,-2.445,-171.375,5.898,38.367
[17:59:50.860] imu_att:-0.138,-0.094,-2.444,-171.519,5.820,37.845
[17:59:50.900] imu_att:-0.129,-0.088,-2.444,-171.012,5.732,37.321
[17:59:50.940] imu_att:-0.143,-0.089,-2.443,-172.118,5.597,36.794
[17:59:50.979] imu_att:-0.117,-0.092,-2.444,-171.779,5.474,36.263
[17:59:51.019] imu_att:-0.131,-0.090,-2.443,-171.093,5.943,35.732
[17:59:51.060] imu_att:-0.128,-0.094,-2.444,-171.884,5.543,35.198
[17:59:51.100] imu_att:-0.135,-0.096,-2.443,-171.535,5.531,34.662
[17:59:51.140] imu_att:-0.133,-0.081,-2.443,-171.956,5.562,34.123
[17:59:51.179] imu_att:-0.135,-0.078,-2.443,-171.503,5.663,33.637
[17:59:51.220] imu_att:-0.139,-0.087,-2.442,-171.060,6.210,33.041
[17:59:51.260] imu_att:-0.130,-0.089,-2.442,-171.524,5.962,32.495
[17:59:51.300] imu_att:-0.141,-0.084,-2.441,-170.993,6.078,31.949
[17:59:51.340] imu_att:-0.134,-0.095,-2.441,-171.705,6.073,31.399
[17:59:51.381] imu_att:-0.131,-0.102,-2.441,-170.872,6.171,30.848
[17:59:51.420] imu_att:-0.126,-0.095,-2.441,-171.435,5.899,30.293
[17:59:51.460] imu_att:-0.163,-0.084,-2.440,-171.358,5.908,29.737
[17:59:51.499] imu_att:-0.148,-0.096,-2.438,-171.794,5.511,29.236
[17:59:51.539] imu_att:-0.141,-0.095,-2.438,-171.937,5.358,28.620
[17:59:51.580] imu_att:-0.139,-0.095,-2.438,-171.446,5.671,28.057
[17:59:51.620] imu_att:-0.146,-0.095,-2.437,-171.704,5.643,27.548
[17:59:51.660] imu_att:-0.154,-0.097,-2.437,-170.363,6.627,26.924
[17:59:51.699] imu_att:-0.134,-0.111,-2.437,-171.834,5.881,26.411
[17:59:51.741] imu_att:-0.136,-0.102,-2.437,-171.720,5.594,25.782
[17:59:51.780] imu_att:-0.139,-0.103,-2.437,-171.206,5.881,25.207
[17:59:51.820] imu_att:-0.145,-0.098,-2.437,-171.825,5.753,24.630
[17:59:51.859] imu_att:-0.152,-0.085,-2.438,-172.135,5.229,24.108
[17:59:51.900] imu_att:-0.141,-0.089,-2.438,-171.825,5.369,23.469
[17:59:51.940] imu_att:-0.132,-0.093,-2.438,-171.799,5.661,22.885
[17:59:51.980] imu_att:-0.128,-0.088,-2.438,-171.310,5.867,22.299
[17:59:52.019] imu_att:-0.131,-0.083,-2.439,-171.861,5.450,21.710
[17:59:52.059] imu_att:-0.134,-0.088,-2.438,-171.483,5.990,21.121
[17:59:52.100] imu_att:-0.135,-0.089,-2.439,-170.992,6.521,20.527
[17:59:52.140] imu_att:-0.136,-0.106,-2.439,-171.861,5.736,19.932
[17:59:52.180] imu_att:-0.130,-0.082,-2.438,-171.477,5.749,19.336
[17:59:52.220] imu_att:-0.133,-0.086,-2.437,-172.253,5.355,18.738
[17:59:52.260] imu_att:-0.137,-0.078,-2.438,-172.105,5.186,18.195
[17:59:52.300] imu_att:-0.126,-0.091,-2.439,-171.734,5.321,17.531
[17:59:52.340] imu_att:-0.129,-0.085,-2.438,-171.342,5.773,16.986
[17:59:52.379] imu_att:-0.126,-0.079,-2.438,-171.436,5.624,16.317
[17:59:52.421] imu_att:-0.135,-0.087,-2.441,-171.977,5.221,15.703
[17:59:52.460] imu_att:-0.128,-0.087,-2.440,-171.303,5.393,15.090
[17:59:52.500] imu_att:-0.133,-0.090,-2.439,-171.471,5.860,14.477
[17:59:52.540] imu_att:-0.125,-0.084,-2.439,-172.261,5.442,13.859
[17:59:52.579] imu_att:-0.131,-0.086,-2.439,-171.431,5.520,13.239
[17:59:52.620] imu_att:-0.138,-0.095,-2.438,-171.696,5.617,12.617
[17:59:52.660] imu_att:-0.138,-0.091,-2.437,-171.884,5.532,12.057
[17:59:52.700] imu_att:-0.145,-0.094,-2.437,-171.840,5.509,11.368
[17:59:52.739] imu_att:-0.142,-0.098,-2.437,-172.042,5.203,10.802
[17:59:52.781] imu_att:-0.142,-0.080,-2.437,-172.598,4.763,10.107
[17:59:52.820] imu_att:-0.136,-0.083,-2.436,-171.502,6.295,9.475
[17:59:52.859] imu_att:-0.128,-0.088,-2.435,-171.407,5.651,8.840
[17:59:52.899] imu_att:-0.136,-0.090,-2.435,-171.812,4.986,8.201
[17:59:52.940] imu_att:-0.146,-0.115,-2.435,-172.504,4.893,7.616
[17:59:52.980] imu_att:-0.148,-0.103,-2.435,-171.683,5.651,7.194
[17:59:53.020] imu_att:-0.148,-0.110,-2.436,-171.584,5.475,6.856
[17:59:53.059] imu_att:-0.152,-0.101,-2.436,-171.656,5.546,6.591
[17:59:53.100] imu_att:-0.124,-0.087,-2.435,-171.490,5.818,6.371
[17:59:53.140] imu_att:-0.119,-0.091,-2.433,-171.536,5.558,6.185
[17:59:53.180] imu_att:-0.129,-0.097,-2.433,-171.611,5.584,6.058
[17:59:53.219] imu_att:-0.122,-0.105,-2.432,-171.512,5.578,5.928
[17:59:53.259] imu_att:-0.126,-0.090,-2.432,-171.729,5.946,5.849
[17:59:53.301] imu_att:-0.136,-0.094,-2.433,-171.759,5.515,5.759
[17:59:53.340] imu_att:-0.146,-0.085,-2.433,-172.107,5.378,5.678
[17:59:53.380] imu_att:-0.146,-0.080,-2.433,-171.451,5.822,5.656
[17:59:53.419] imu_att:-0.130,-0.094,-2.432,-172.478,4.955,5.540
[17:59:53.461] imu_att:-0.132,-0.094,-2.433,-171.292,5.865,5.490
[17:59:53.500] imu_att:-0.131,-0.092,-2.434,-171.249,5.832,5.513
[17:59:53.540] imu_att:-0.128,-0.100,-2.434,-171.709,5.707,5.554
[17:59:53.579] imu_att:-0.137,-0.104,-2.434,-171.250,5.453,5.516
[17:59:53.620] imu_att:-0.136,-0.089,-2.435,-171.735,5.582,5.468
[17:59:53.660] imu_att:-0.137,-0.103,-2.436,-171.599,5.673,5.474
[17:59:53.700] imu_att:-0.135,-0.085,-2.433,-171.441,5.992,5.509
[17:59:53.739] imu_att:-0.122,-0.095,-2.434,-171.692,5.500,5.513
[17:59:53.779] imu_att:-0.126,-0.090,-2.433,-171.794,5.647,5.533
[17:59:53.820] imu_att:-0.144,-0.089,-2.434,-171.577,5.995,5.557
[17:59:53.860] imu_att:-0.139,-0.081,-2.434,-171.029,5.374,5.475
[17:59:53.899] imu_att:-0.134,-0.084,-2.434,-172.707,4.717,5.387
[17:59:53.939] imu_att:-0.118,-0.086,-2.435,-171.522,5.588,5.285
[17:59:53.980] imu_att:-0.125,-0.077,-2.435,-170.741,6.183,5.345
[17:59:54.020] imu_att:-0.130,-0.082,-2.435,-171.286,6.052,5.464
[17:59:54.059] imu_att:-0.155,-0.089,-2.436,-170.740,6.316,5.554
[17:59:54.099] imu_att:-0.151,-0.084,-2.436,-171.860,5.546,5.569
[17:59:54.140] imu_att:-0.134,-0.095,-2.435,-171.596,5.652,5.594
[17:59:54.180] imu_att:-0.135,-0.089,-2.435,-172.014,5.365,5.563
[17:59:54.219] imu_att:-0.126,-0.087,-2.435,-171.644,5.676,5.509
[17:59:54.259] imu_att:-0.128,-0.099,-2.436,-171.784,5.589,5.493
[17:59:54.300] imu_att:-0.134,-0.091,-2.435,-171.581,5.610,5.442
[17:59:54.340] imu_att:-0.142,-0.073,-2.436,-171.663,5.422,5.453
[17:59:54.380] imu_att:-0.128,-0.088,-2.435,-172.321,5.051,5.415
[17:59:54.419] imu_att:-0.131,-0.090,-2.434,-171.415,5.483,5.350
[17:59:54.460] imu_att:-0.136,-0.080,-2.434,-171.346,5.862,5.395
[17:59:54.500] imu_att:-0.134,-0.083,-2.434,-170.822,6.267,5.497
[17:59:54.540] imu_att:-0.122,-0.083,-2.434,-171.604,5.565,5.505
[17:59:54.579] imu_att:-0.134,-0.082,-2.434,-172.102,5.431,5.485
[17:59:54.619] imu_att:-0.139,-0.093,-2.434,-172.000,5.363,5.425
[17:59:54.660] imu_att:-0.137,-0.089,-2.434,-172.168,5.274,5.397
[17:59:54.700] imu_att:-0.128,-0.085,-2.435,-171.364,5.557,5.323
[17:59:54.739] imu_att:-0.120,-0.082,-2.434,-170.916,5.786,5.360
[17:59:54.779] imu_att:-0.128,-0.093,-2.434,-170.628,6.332,5.449
[17:59:54.820] imu_att:-0.129,-0.096,-2.433,-171.939,5.425,5.509
[17:59:54.860] imu_att:-0.126,-0.091,-2.434,-171.958,5.411,5.428
[17:59:54.899] imu_att:-0.113,-0.077,-2.434,-172.078,5.554,5.398
[17:59:54.939] imu_att:-0.123,-0.095,-2.434,-172.106,5.161,5.333
[17:59:54.980] imu_att:-0.125,-0.090,-2.435,-171.584,5.681,5.319
[17:59:55.020] imu_att:-0.131,-0.094,-2.435,-171.414,5.799,5.370
[17:59:55.060] imu_att:-0.125,-0.095,-2.434,-172.015,5.443,5.415
[17:59:55.099] imu_att:-0.127,-0.090,-2.435,-171.440,5.652,5.392
[17:59:55.139] imu_att:-0.132,-0.107,-2.435,-171.642,5.594,5.385
[17:59:55.180] imu_att:-0.132,-0.104,-2.433,-171.884,5.470,5.402
[17:59:55.220] imu_att:-0.126,-0.091,-2.434,-171.391,6.220,5.451
[17:59:55.259] imu_att:-0.141,-0.083,-2.433,-171.165,5.982,5.529
[17:59:55.299] imu_att:-0.141,-0.094,-2.433,-170.949,6.135,5.556
[17:59:55.340] imu_att:-0.132,-0.095,-2.432,-170.969,5.660,5.580
[17:59:55.380] imu_att:-0.129,-0.105,-2.432,-171.042,6.043,5.605
[17:59:55.420] imu_att:-0.135,-0.094,-2.432,-172.164,5.137,5.542
[17:59:55.459] imu_att:-0.138,-0.091,-2.432,-170.774,6.111,5.498
[17:59:55.500] imu_att:-0.142,-0.089,-2.432,-171.654,5.731,5.558
[17:59:55.540] imu_att:-0.130,-0.094,-2.431,-171.683,5.721,5.551
[17:59:55.580] imu_att:-0.116,-0.096,-2.431,-171.497,5.483,5.508
[17:59:55.619] imu_att:-0.121,-0.097,-2.430,-172.014,5.233,5.447
[17:59:55.659] imu_att:-0.138,-0.090,-2.430,-171.267,5.969,5.459
[17:59:55.700] imu_att:-0.128,-0.088,-2.430,-170.871,6.048,5.515
[17:59:55.740] imu_att:-0.134,-0.084,-2.430,-171.473,6.057,5.605
[17:59:55.779] imu_att:-0.118,-0.086,-2.430,-171.529,5.511,5.537
[17:59:55.819] imu_att:-0.125,-0.098,-2.427,-171.209,6.154,5.636
[17:59:55.860] imu_att:-0.130,-0.106,-2.426,-172.739,4.888,5.551
[17:59:55.900] imu_att:-0.130,-0.087,-2.427,-171.727,5.412,5.430
[17:59:55.939] imu_att:-0.132,-0.091,-2.427,-171.841,5.437,5.403
[17:59:55.979] imu_att:-0.135,-0.095,-2.425,-171.390,5.799,5.447
[17:59:56.020] imu_att:-0.146,-0.092,-2.423,-171.516,5.709,5.488
[17:59:56.060] imu_att:-0.155,-0.100,-2.424,-172.348,5.112,5.461
[17:59:56.100] imu_att:-0.145,-0.099,-2.424,-171.983,4.908,5.346
