# Serial Log - 2026-04-18T17:16:18.179974
# Port: COM36 @ 115200bps
#============================================================
[17:16:20.745] imu_att:-1.647,-3.331,0.001,172.514,-0.583,-0.403
[17:16:20.784] imu_att:-1.635,-3.365,0.002,171.778,-0.919,-0.530
[17:16:20.824] imu_att:-1.702,-3.435,0.006,171.392,-1.641,-0.822
[17:16:20.865] imu_att:-1.751,-3.247,0.017,171.750,-1.501,-1.149
[17:16:20.905] imu_att:-1.421,-3.506,0.017,172.572,-0.928,-1.160
[17:16:20.945] imu_att:-1.763,-3.532,0.019,170.902,-2.174,-1.346
[17:16:20.984] imu_att:-1.372,-3.517,0.024,171.715,-1.485,-1.600
[17:16:21.024] imu_att:-1.657,-3.412,0.026,171.764,-1.485,-1.651
[17:16:21.065] imu_att:-1.604,-3.358,0.024,171.626,-1.479,-1.637
[17:16:21.105] imu_att:-1.694,-3.359,0.023,171.434,-1.804,-1.694
[17:16:21.144] imu_att:-1.668,-3.367,0.023,171.327,-1.597,-1.766
[17:16:21.184] imu_att:-1.632,-3.360,0.024,171.680,-1.398,-1.685
[17:16:21.225] imu_att:-1.655,-3.343,0.022,171.544,-1.693,-1.737
[17:16:21.265] imu_att:-1.668,-3.376,0.020,172.568,-0.583,-1.585
[17:16:21.305] imu_att:-1.671,-3.390,0.018,171.424,-1.426,-1.479
[17:16:21.344] imu_att:-1.672,-3.365,0.015,171.898,-1.743,-1.562
[17:16:21.384] imu_att:-1.658,-3.381,0.013,170.603,-1.907,-1.687
[17:16:21.425] imu_att:-1.656,-3.385,0.009,171.875,-1.307,-1.716
[17:16:21.465] imu_att:-1.650,-3.377,0.008,172.513,-1.047,-1.662
[17:16:21.504] imu_att:-1.633,-3.354,0.006,171.903,-1.312,-1.613
[17:16:21.544] imu_att:-1.690,-3.347,0.007,172.138,-0.916,-1.459
[17:16:21.584] imu_att:-1.691,-3.400,0.008,170.782,-1.649,-1.421
[17:16:21.625] imu_att:-1.657,-3.385,0.009,171.294,-1.588,-1.412
[17:16:21.665] imu_att:-1.661,-3.389,0.011,171.733,-1.516,-1.508
[17:16:21.704] imu_att:-1.660,-3.382,0.017,170.365,-2.108,-1.513
[17:16:21.744] imu_att:-1.767,-3.345,0.010,171.230,-1.889,-1.584
[17:16:21.784] imu_att:-1.422,-3.475,0.005,171.636,-1.312,-1.580
[17:16:21.825] imu_att:-1.656,-3.347,0.006,171.719,-1.858,-1.660
[17:16:21.865] imu_att:-1.738,-3.345,0.007,171.273,-1.845,-1.700
[17:16:21.904] imu_att:-1.739,-3.330,0.003,172.021,-1.624,-1.746
[17:16:21.944] imu_att:-1.748,-3.358,0.001,170.868,-1.614,-1.700
[17:16:21.985] imu_att:-1.607,-3.379,0.001,171.969,-1.468,-1.694
[17:16:22.025] imu_att:-1.630,-3.342,-0.001,172.213,-1.120,-1.700
[17:16:22.065] imu_att:-1.706,-3.324,-0.001,171.317,-1.453,-1.585
[17:16:22.104] imu_att:-1.706,-3.348,-0.004,171.121,-1.795,-1.583
[17:16:22.144] imu_att:-1.699,-3.370,-0.005,171.760,-1.573,-1.631
[17:16:22.185] imu_att:-1.702,-3.303,-0.012,172.057,-1.027,-1.569
[17:16:22.225] imu_att:-1.829,-3.204,-0.018,171.846,-1.247,-1.486
[17:16:22.264] imu_att:-1.776,-3.348,-0.028,171.941,-1.039,-1.410
[17:16:22.304] imu_att:-1.494,-3.223,-0.032,171.435,-1.720,-1.445
[17:16:22.345] imu_att:-1.764,-3.322,-0.031,170.924,-2.381,-1.562
[17:16:22.385] imu_att:-1.622,-3.312,-0.019,171.316,-1.637,-1.595
[17:16:22.425] imu_att:-1.652,-3.276,-0.021,170.579,-1.999,-1.643
[17:16:22.464] imu_att:-1.728,-3.308,-0.023,171.473,-1.719,-1.740
[17:16:22.504] imu_att:-1.625,-3.374,-0.028,171.187,-1.615,-1.717
[17:16:22.545] imu_att:-1.720,-3.421,-0.026,171.302,-1.639,-1.655
[17:16:22.585] imu_att:-1.767,-3.288,-0.031,170.945,-2.026,-1.731
[17:16:22.625] imu_att:-1.837,-3.268,-0.037,171.921,-0.961,-1.642
[17:16:22.664] imu_att:-1.959,-3.252,-0.050,170.455,-2.112,-1.612
[17:16:22.704] imu_att:-1.987,-3.386,-0.055,170.929,-2.003,-1.689
[17:16:22.745] imu_att:-1.539,-3.471,-0.043,172.038,-1.560,-1.770
[17:16:22.785] imu_att:-1.044,-3.215,-0.032,172.576,-0.281,-1.531
[17:16:22.824] imu_att:-1.868,-3.157,-0.034,171.686,-1.009,-1.344
[17:16:22.864] imu_att:-2.059,-3.300,-0.033,171.409,-1.788,-1.442
[17:16:22.905] imu_att:-1.697,-3.365,-0.030,171.187,-2.555,-1.658
[17:16:22.945] imu_att:-1.875,-3.060,-0.032,171.568,-1.609,-1.731
[17:16:22.985] imu_att:-2.031,-3.256,-0.038,170.345,-2.467,-1.827
[17:16:23.024] imu_att:-1.622,-3.432,-0.036,170.772,-2.654,-2.011
[17:16:23.064] imu_att:-1.588,-3.343,-0.038,172.568,-0.620,-1.921
[17:16:23.105] imu_att:-1.600,-3.315,-0.038,170.995,-1.672,-1.813
[17:16:23.145] imu_att:-1.577,-3.326,-0.038,172.125,-1.323,-1.825
[17:16:23.185] imu_att:-1.696,-3.289,-0.038,170.764,-2.170,-1.813
[17:16:23.224] imu_att:-1.877,-3.305,-0.039,170.866,-2.144,-1.889
[17:16:23.264] imu_att:-1.792,-3.292,-0.047,170.728,-2.062,-1.926
[17:16:23.305] imu_att:-1.754,-3.279,-0.055,170.913,-2.059,-1.999
[17:16:23.345] imu_att:-1.669,-3.337,-0.066,170.903,-1.842,-1.997
[17:16:23.385] imu_att:-1.742,-3.497,-0.057,171.642,-1.665,-2.008
[17:16:23.424] imu_att:-1.866,-3.362,-0.045,171.432,-1.776,-1.960
[17:16:23.464] imu_att:-1.752,-3.163,-0.043,171.004,-1.857,-1.935
[17:16:23.505] imu_att:-1.754,-3.260,-0.046,171.474,-1.682,-1.920
[17:16:23.545] imu_att:-1.738,-3.319,-0.049,170.668,-2.136,-1.920
[17:16:23.585] imu_att:-1.734,-3.314,-0.048,171.036,-1.537,-1.864
[17:16:23.624] imu_att:-1.745,-3.315,-0.048,170.770,-2.205,-1.887
[17:16:23.665] imu_att:-1.742,-3.299,-0.048,170.266,-2.651,-1.970
[17:16:23.705] imu_att:-1.740,-3.296,-0.047,171.195,-1.847,-2.009
[17:16:23.745] imu_att:-1.744,-3.297,-0.047,171.125,-1.893,-1.992
[17:16:23.784] imu_att:-1.744,-3.307,-0.047,171.047,-2.051,-2.070
[17:16:23.824] imu_att:-1.748,-3.319,-0.048,170.560,-2.036,-2.057
[17:16:23.865] imu_att:-1.734,-3.310,-0.049,171.053,-2.145,-2.088
[17:16:23.905] imu_att:-1.710,-3.301,-0.050,170.690,-1.937,-2.061
[17:16:23.945] imu_att:-1.757,-3.292,-0.051,171.003,-2.308,-2.128
[17:16:23.984] imu_att:-1.740,-3.317,-0.051,171.690,-1.683,-2.094
[17:16:24.024] imu_att:-1.771,-3.294,-0.052,170.674,-2.063,-2.086
[17:16:24.065] imu_att:-1.778,-3.341,-0.052,171.195,-1.774,-2.063
[17:16:24.105] imu_att:-1.740,-3.304,-0.054,170.678,-1.839,-2.073
[17:16:24.144] imu_att:-1.764,-3.306,-0.055,171.050,-1.667,-1.976
[17:16:24.184] imu_att:-1.738,-3.302,-0.058,170.981,-1.709,-1.945
[17:16:24.224] imu_att:-1.728,-3.309,-0.060,171.159,-1.897,-1.949
[17:16:24.265] imu_att:-1.747,-3.315,-0.061,170.742,-2.194,-1.962
[17:16:24.305] imu_att:-1.740,-3.318,-0.062,170.239,-2.223,-1.973
[17:16:24.344] imu_att:-1.737,-3.321,-0.062,171.676,-1.174,-1.820
[17:16:24.384] imu_att:-1.761,-3.305,-0.063,172.083,-1.167,-1.751
[17:16:24.425] imu_att:-1.770,-3.327,-0.063,171.534,-1.514,-1.697
[17:16:24.465] imu_att:-1.757,-3.295,-0.063,171.145,-1.900,-1.768
[17:16:24.505] imu_att:-1.750,-3.299,-0.064,171.796,-1.804,-1.795
[17:16:24.544] imu_att:-1.740,-3.298,-0.067,170.986,-1.716,-1.752
[17:16:24.584] imu_att:-1.739,-3.313,-0.068,171.424,-1.585,-1.751
[17:16:24.625] imu_att:-1.755,-3.305,-0.068,171.158,-1.873,-1.766
[17:16:24.665] imu_att:-1.752,-3.304,-0.069,171.126,-2.066,-1.846
[17:16:24.704] imu_att:-1.753,-3.314,-0.070,170.907,-2.189,-1.915
[17:16:24.744] imu_att:-1.761,-3.307,-0.072,171.111,-2.185,-1.978
[17:16:24.785] imu_att:-1.757,-3.297,-0.072,171.443,-2.178,-2.036
[17:16:24.825] imu_att:-1.752,-3.300,-0.074,171.586,-1.406,-1.969
[17:16:24.865] imu_att:-1.768,-3.293,-0.074,171.644,-1.427,-1.874
[17:16:24.904] imu_att:-1.778,-3.317,-0.076,170.556,-2.086,-1.818
[17:16:24.944] imu_att:-1.768,-3.318,-0.075,171.057,-1.883,-1.863
[17:16:24.985] imu_att:-1.745,-3.313,-0.076,170.955,-1.781,-1.864
[17:16:25.025] imu_att:-1.752,-3.309,-0.078,171.809,-1.066,-1.774
[17:16:25.065] imu_att:-1.755,-3.315,-0.079,172.011,-1.333,-1.735
[17:16:25.104] imu_att:-1.745,-3.298,-0.080,172.088,-1.534,-1.710
[17:16:25.144] imu_att:-1.744,-3.293,-0.081,171.628,-1.697,-1.671
[17:16:25.184] imu_att:-1.736,-3.292,-0.081,171.772,-1.298,-1.640
[17:16:25.225] imu_att:-1.726,-3.287,-0.082,171.636,-1.956,-1.723
[17:16:25.265] imu_att:-1.734,-3.278,-0.081,170.759,-2.076,-1.733
[17:16:25.304] imu_att:-1.756,-3.285,-0.084,170.662,-1.857,-1.770
[17:16:25.344] imu_att:-1.749,-3.296,-0.085,170.534,-2.167,-1.846
[17:16:25.385] imu_att:-1.735,-3.303,-0.087,171.146,-1.850,-1.901
[17:16:25.425] imu_att:-1.744,-3.302,-0.089,171.174,-1.862,-1.863
[17:16:25.464] imu_att:-1.747,-3.287,-0.089,171.060,-1.621,-1.824
[17:16:25.504] imu_att:-1.711,-3.282,-0.091,172.139,-0.870,-1.718
[17:16:25.544] imu_att:-1.722,-3.287,-0.093,170.795,-1.689,-1.630
[17:16:25.585] imu_att:-1.741,-3.298,-0.094,170.443,-2.295,-1.672
[17:16:25.625] imu_att:-1.691,-3.294,-0.094,170.646,-2.509,-1.833
[17:16:25.664] imu_att:-1.723,-3.326,-0.094,171.854,-0.952,-1.660
[17:16:25.704] imu_att:-1.807,-3.253,-0.097,170.834,-2.122,-1.670
[17:16:25.745] imu_att:-1.775,-3.312,-0.101,171.605,-1.669,-1.761
[17:16:25.785] imu_att:-1.728,-3.328,-0.103,170.773,-1.687,-1.697
[17:16:25.825] imu_att:-1.729,-3.263,-0.103,171.982,-1.464,-1.752
[17:16:25.865] imu_att:-1.816,-3.335,-0.103,171.087,-1.783,-1.745
[17:16:25.904] imu_att:-1.762,-3.284,-0.108,170.330,-2.470,-1.804
[17:16:25.945] imu_att:-1.593,-3.262,-0.110,172.624,-0.907,-1.796
[17:16:25.985] imu_att:-1.754,-3.330,-0.106,171.930,-1.246,-1.672
[17:16:26.025] imu_att:-1.928,-3.310,-0.097,170.635,-1.985,-1.657
[17:16:26.064] imu_att:-1.937,-3.232,-0.104,171.176,-2.302,-1.797
[17:16:26.104] imu_att:-1.416,-3.279,-0.106,172.206,-1.008,-1.736
[17:16:26.145] imu_att:-1.569,-3.255,-0.108,172.042,-0.874,-1.571
[17:16:26.185] imu_att:-1.764,-3.280,-0.110,171.256,-1.660,-1.495
[17:16:26.224] imu_att:-1.867,-3.288,-0.111,170.636,-2.243,-1.584
[17:16:26.264] imu_att:-1.764,-3.269,-0.113,171.162,-1.928,-1.716
[17:16:26.304] imu_att:-1.707,-3.281,-0.112,171.888,-1.242,-1.666
[17:16:26.345] imu_att:-1.779,-3.287,-0.115,170.636,-2.278,-1.727
[17:16:26.385] imu_att:-1.724,-3.295,-0.117,171.647,-1.569,-1.764
[17:16:26.424] imu_att:-1.738,-3.280,-0.116,172.096,-1.273,-1.746
[17:16:26.464] imu_att:-1.769,-3.286,-0.118,171.221,-1.673,-1.686
[17:16:26.504] imu_att:-1.747,-3.290,-0.119,171.292,-1.605,-1.658
[17:16:26.545] imu_att:-1.762,-3.299,-0.119,170.042,-2.245,-1.667
[17:16:26.585] imu_att:-1.682,-3.283,-0.121,170.885,-1.983,-1.723
[17:16:26.624] imu_att:-1.730,-3.298,-0.122,170.863,-2.242,-1.809
[17:16:26.664] imu_att:-1.843,-3.291,-0.121,170.832,-2.098,-1.806
[17:16:26.705] imu_att:-1.825,-3.296,-0.123,170.986,-2.320,-1.902
[17:16:26.745] imu_att:-1.552,-3.306,-0.125,171.324,-1.876,-1.951
[17:16:26.784] imu_att:-1.813,-3.291,-0.127,171.384,-1.633,-1.890
[17:16:26.824] imu_att:-1.779,-3.317,-0.128,170.543,-2.247,-1.903
[17:16:26.864] imu_att:-1.803,-3.310,-0.128,170.803,-2.050,-1.946
[17:16:26.905] imu_att:-1.802,-3.312,-0.125,170.967,-1.961,-1.947
[17:16:26.945] imu_att:-1.743,-3.323,-0.124,171.609,-1.712,-1.892
[17:16:26.984] imu_att:-1.864,-3.284,-0.125,170.853,-2.088,-1.884
[17:16:27.024] imu_att:-1.428,-3.272,-0.128,171.275,-1.724,-1.872
[17:16:27.064] imu_att:-1.226,-3.323,-0.124,172.674,-0.530,-1.718
[17:16:27.105] imu_att:-1.022,-3.300,-0.123,172.620,-0.086,-1.433
[17:16:27.145] imu_att:-1.479,-3.182,-0.134,171.937,-1.634,-1.356
[17:16:27.184] imu_att:-1.936,-3.255,-0.145,170.959,-1.845,-1.404
[17:16:27.224] imu_att:-2.754,-3.326,-0.136,168.310,-4.264,-1.769
[17:16:27.264] imu_att:-2.196,-3.301,-0.145,169.965,-3.891,-2.205
[17:16:27.305] imu_att:-1.587,-3.380,-0.157,171.121,-1.970,-2.304
[17:16:27.345] imu_att:-1.902,-3.282,-0.159,170.414,-2.240,-2.277
[17:16:27.384] imu_att:-1.820,-3.255,-0.156,170.546,-2.337,-2.351
[17:16:27.424] imu_att:-1.756,-3.288,-0.155,169.996,-3.022,-2.413
[17:16:27.465] imu_att:-1.686,-3.316,-0.155,170.719,-2.411,-2.455
[17:16:27.505] imu_att:-1.709,-3.282,-0.159,170.476,-2.317,-2.460
[17:16:27.545] imu_att:-1.706,-3.291,-0.158,170.559,-2.413,-2.417
[17:16:27.584] imu_att:-1.765,-3.293,-0.157,171.119,-1.969,-2.363
[17:16:27.624] imu_att:-1.678,-3.271,-0.161,171.201,-1.992,-2.348
[17:16:27.665] imu_att:-1.644,-3.278,-0.162,170.443,-2.542,-2.357
[17:16:27.705] imu_att:-2.041,-3.296,-0.175,170.313,-2.812,-2.424
[17:16:27.744] imu_att:-1.369,-3.305,-0.168,171.614,-1.885,-2.429
[17:16:27.784] imu_att:-1.835,-3.268,-0.168,170.627,-2.417,-2.390
[17:16:27.824] imu_att:-1.802,-3.249,-0.171,170.616,-2.081,-2.359
[17:16:27.865] imu_att:-1.603,-3.276,-0.171,171.291,-1.953,-2.330
[17:16:27.905] imu_att:-1.870,-3.266,-0.170,170.200,-2.947,-2.353
[17:16:27.945] imu_att:-2.315,-3.303,-0.185,169.140,-3.483,-2.479
[17:16:27.984] imu_att:-1.612,-3.265,-0.191,171.032,-2.405,-2.600
[17:16:28.024] imu_att:-1.428,-3.280,-0.195,171.842,-1.531,-2.518
[17:16:28.065] imu_att:-1.614,-3.298,-0.208,171.827,-1.526,-2.403
[17:16:28.105] imu_att:-1.940,-3.406,-0.171,169.994,-2.754,-2.328
[17:16:28.145] imu_att:-2.619,-3.079,-0.148,168.824,-3.846,-2.504
[17:16:28.184] imu_att:-1.785,-3.063,-0.183,170.436,-2.405,-2.673
[17:16:28.225] imu_att:-0.866,-3.158,-0.193,173.215,0.182,-2.253
[17:16:28.265] imu_att:-1.342,-3.222,-0.196,171.470,-1.372,-1.983
[17:16:28.305] imu_att:-1.592,-3.090,-0.201,171.705,-1.141,-1.824
[17:16:28.344] imu_att:-2.338,-2.992,-0.227,170.988,-2.220,-1.815
[17:16:28.384] imu_att:-2.622,-2.774,-0.243,171.122,-1.961,-1.869
[17:16:28.425] imu_att:-2.200,-2.136,-0.251,174.028,0.247,-1.707
[17:16:28.465] imu_att:-1.653,-1.468,-0.232,176.153,2.825,-1.177
[17:16:28.505] imu_att:-1.574,-0.651,-0.229,177.703,4.486,-0.500
[17:16:28.544] imu_att:-2.155,-0.464,-0.244,177.391,4.175,0.101
[17:16:28.584] imu_att:-2.119,-0.201,-0.266,178.279,5.187,0.637
[17:16:28.625] imu_att:-1.926,0.537,-0.293,179.449,6.278,1.233
[17:16:28.665] imu_att:-2.258,1.440,-0.327,-178.924,7.491,1.888
[17:16:28.704] imu_att:-2.179,2.271,-0.331,-177.932,8.598,2.516
[17:16:28.744] imu_att:-2.242,3.095,-0.334,-177.170,9.848,3.083
[17:16:28.785] imu_att:-2.251,3.737,-0.341,-175.233,11.253,3.777
[17:16:28.825] imu_att:-2.295,4.033,-0.326,-175.302,11.471,4.435
[17:16:28.865] imu_att:-2.355,4.623,-0.307,-174.625,12.322,5.098
[17:16:28.905] imu_att:-2.336,5.289,-0.311,-173.236,13.229,5.678
[17:16:28.944] imu_att:-2.308,5.585,-0.310,-172.508,14.118,6.396
[17:16:28.984] imu_att:-2.418,6.077,-0.315,-172.023,15.028,6.981
[17:16:29.025] imu_att:-2.428,6.987,-0.327,-170.822,15.671,7.694
[17:16:29.065] imu_att:-2.400,7.541,-0.324,-170.131,16.495,8.294
[17:16:29.104] imu_att:-2.290,8.182,-0.319,-170.046,17.024,8.964
[17:16:29.144] imu_att:-2.252,8.498,-0.321,-169.847,17.038,9.699
[17:16:29.185] imu_att:-2.309,8.790,-0.330,-168.505,18.252,10.363
[17:16:29.225] imu_att:-2.177,8.923,-0.328,-168.005,18.621,10.974
[17:16:29.265] imu_att:-2.339,9.635,-0.328,-167.416,19.148,11.721
[17:16:29.304] imu_att:-2.484,9.942,-0.338,-168.629,18.582,12.326
[17:16:29.344] imu_att:-2.280,10.380,-0.357,-167.930,19.019,13.062
[17:16:29.385] imu_att:-2.161,9.900,-0.358,-168.651,18.368,13.752
[17:16:29.425] imu_att:-2.281,9.189,-0.354,-167.912,19.001,14.380
[17:16:29.464] imu_att:-2.268,9.035,-0.354,-168.191,18.904,15.147
[17:16:29.504] imu_att:-2.152,9.295,-0.358,-167.930,18.820,15.844
[17:16:29.544] imu_att:-2.280,9.409,-0.365,-168.409,18.636,16.413
[17:16:29.585] imu_att:-2.259,9.278,-0.376,-167.714,19.175,16.999
[17:16:29.625] imu_att:-2.323,9.471,-0.384,-168.646,18.394,17.343
[17:16:29.664] imu_att:-2.348,9.251,-0.383,-168.802,18.162,17.600
[17:16:29.704] imu_att:-2.471,9.207,-0.386,-168.379,18.502,17.831
[17:16:29.745] imu_att:-2.274,9.174,-0.386,-168.974,18.248,18.032
[17:16:29.785] imu_att:-2.333,9.185,-0.386,-168.840,17.984,18.121
[17:16:29.824] imu_att:-2.343,8.958,-0.392,-169.253,18.108,18.201
[17:16:29.864] imu_att:-2.307,8.692,-0.399,-169.267,17.828,18.243
[17:16:29.904] imu_att:-2.339,8.443,-0.402,-168.941,17.922,18.239
[17:16:29.945] imu_att:-2.332,8.452,-0.402,-169.677,17.399,18.196
[17:16:29.985] imu_att:-2.281,8.423,-0.401,-169.198,17.414,18.132
[17:16:30.024] imu_att:-2.333,8.294,-0.400,-169.481,17.422,18.104
[17:16:30.064] imu_att:-2.252,8.110,-0.399,-170.396,16.629,17.980
[17:16:30.104] imu_att:-2.299,7.852,-0.401,-170.367,16.596,17.794
[17:16:30.145] imu_att:-2.288,7.507,-0.417,-171.592,15.610,17.578
[17:16:30.185] imu_att:-2.249,6.735,-0.420,-171.779,15.255,17.266
[17:16:30.224] imu_att:-2.337,6.269,-0.411,-172.543,14.662,16.944
[17:16:30.264] imu_att:-2.460,5.840,-0.414,-173.816,13.518,16.512
[17:16:30.305] imu_att:-2.335,5.021,-0.419,-175.061,12.253,15.989
[17:16:30.345] imu_att:-2.420,3.853,-0.423,-176.116,11.017,15.464
[17:16:30.385] imu_att:-2.238,2.959,-0.423,-177.067,9.961,14.939
[17:16:30.424] imu_att:-2.114,2.124,-0.418,-178.072,8.750,14.417
[17:16:30.464] imu_att:-2.285,1.499,-0.412,-179.525,7.801,13.945
[17:16:30.505] imu_att:-2.410,1.043,-0.419,177.682,6.049,13.404
[17:16:30.545] imu_att:-2.271,0.290,-0.427,177.717,5.018,12.806
[17:16:30.584] imu_att:-2.182,0.114,-0.432,177.974,4.919,12.262
[17:16:30.624] imu_att:-2.027,-0.223,-0.441,176.547,3.846,11.709
[17:16:30.664] imu_att:-2.086,-0.945,-0.439,175.102,2.582,11.164
[17:16:30.705] imu_att:-2.221,-1.735,-0.448,173.431,0.593,10.606
[17:16:30.745] imu_att:-1.910,-2.825,-0.427,171.520,-1.037,10.074
[17:16:30.784] imu_att:-1.960,-3.401,-0.389,171.423,-1.689,9.556
[17:16:30.824] imu_att:-2.198,-3.619,-0.390,169.547,-3.131,9.053
[17:16:30.865] imu_att:-1.963,-3.186,-0.392,171.285,-1.872,8.433
[17:16:30.905] imu_att:-1.981,-2.984,-0.406,171.217,-1.999,7.854
[17:16:30.945] imu_att:-2.011,-3.022,-0.435,170.490,-1.878,7.257
[17:16:30.984] imu_att:-1.721,-3.184,-0.451,171.767,-1.676,6.726
[17:16:31.024] imu_att:-1.425,-3.180,-0.458,171.875,-1.057,6.088
[17:16:31.065] imu_att:-1.780,-3.277,-0.454,171.194,-1.584,5.515
[17:16:31.105] imu_att:-2.102,-3.292,-0.458,170.859,-2.199,4.989
[17:16:31.144] imu_att:-1.825,-3.203,-0.454,171.352,-2.085,4.351
[17:16:31.184] imu_att:-2.754,-3.213,-0.422,169.918,-3.736,3.796
[17:16:31.224] imu_att:-1.967,-3.086,-0.428,171.252,-2.722,3.260
[17:16:31.265] imu_att:-0.879,-3.292,-0.417,172.970,0.124,2.649
[17:16:31.305] imu_att:-1.358,-3.034,-0.421,171.968,-0.814,2.086
[17:16:31.345] imu_att:-1.861,-3.256,-0.424,170.884,-1.258,1.569
[17:16:31.384] imu_att:-2.238,-3.240,-0.423,171.487,-1.718,0.982
[17:16:31.425] imu_att:-1.705,-3.131,-0.424,170.997,-1.894,0.434
[17:16:31.465] imu_att:-1.677,-3.252,-0.426,171.759,-1.327,0.053
[17:16:31.505] imu_att:-1.827,-3.176,-0.425,171.616,-1.638,-0.262
[17:16:31.544] imu_att:-1.792,-3.213,-0.424,171.932,-1.106,-0.440
[17:16:31.584] imu_att:-1.793,-3.234,-0.424,170.303,-2.380,-0.694
[17:16:31.625] imu_att:-1.791,-3.225,-0.425,171.263,-2.010,-0.980
[17:16:31.665] imu_att:-1.771,-3.197,-0.426,171.459,-1.277,-1.104
[17:16:31.704] imu_att:-1.767,-3.213,-0.427,171.699,-1.327,-1.143
[17:16:31.744] imu_att:-1.772,-3.205,-0.429,171.549,-1.587,-1.233
[17:16:31.784] imu_att:-1.769,-3.208,-0.429,170.923,-2.114,-1.373
[17:16:31.825] imu_att:-1.782,-3.200,-0.429,172.231,-1.233,-1.390
[17:16:31.865] imu_att:-1.813,-3.085,-0.438,171.087,-1.787,-1.406
[17:16:31.904] imu_att:-1.881,-3.399,-0.433,171.110,-1.895,-1.471
[17:16:31.944] imu_att:-1.634,-3.123,-0.444,172.210,-1.288,-1.547
[17:16:31.984] imu_att:-1.792,-3.036,-0.452,171.132,-1.804,-1.542
[17:16:32.025] imu_att:-1.894,-3.137,-0.445,170.724,-2.223,-1.635
[17:16:32.065] imu_att:-1.960,-3.270,-0.458,170.278,-2.641,-1.816
[17:16:32.104] imu_att:-2.358,-3.237,-0.454,169.861,-2.409,-1.958
[17:16:32.144] imu_att:-1.746,-3.279,-0.432,171.513,-2.035,-2.039
[17:16:32.185] imu_att:-1.232,-3.164,-0.429,171.849,-0.834,-1.905
[17:16:32.225] imu_att:-1.623,-3.262,-0.434,172.175,-0.807,-1.682
[17:16:32.264] imu_att:-1.627,-3.221,-0.427,171.560,-1.774,-1.688
[17:16:32.304] imu_att:-1.845,-3.259,-0.428,170.914,-1.843,-1.687
[17:16:32.344] imu_att:-2.406,-3.163,-0.448,169.552,-3.246,-1.876
[17:16:32.385] imu_att:-0.343,-3.801,-0.331,174.496,-0.177,-1.811
[17:16:32.425] imu_att:-1.869,-2.624,-0.381,170.726,-1.562,-1.549
[17:16:32.464] imu_att:-2.545,-3.287,-0.397,169.217,-3.542,-1.834
[17:16:32.504] imu_att:-1.940,-3.196,-0.416,169.450,-3.767,-2.229
[17:16:32.544] imu_att:-1.611,-3.843,-0.366,168.071,-4.367,-2.491
[17:16:32.585] imu_att:-2.403,-4.212,-0.307,163.633,-7.858,-2.994
[17:16:32.625] imu_att:-2.569,-5.246,-0.282,159.789,-12.123,-3.529
[17:16:32.664] imu_att:-2.670,-6.915,-0.283,155.249,-16.944,-4.217
[17:16:32.704] imu_att:-2.153,-8.078,-0.312,152.652,-19.352,-4.874
[17:16:32.745] imu_att:-2.359,-8.904,-0.312,148.482,-23.545,-5.504
[17:16:32.785] imu_att:-2.315,-9.614,-0.310,147.382,-24.861,-6.072
[17:16:32.825] imu_att:-2.406,-10.787,-0.282,144.513,-28.250,-6.743
[17:16:32.864] imu_att:-2.440,-11.630,-0.232,140.712,-31.491,-7.332
[17:16:32.904] imu_att:-2.574,-11.339,-0.254,140.016,-32.541,-7.995
[17:16:32.945] imu_att:-2.387,-12.326,-0.292,136.934,-35.271,-8.678
[17:16:32.985] imu_att:-2.002,-13.226,-0.321,134.723,-37.628,-9.290
[17:16:33.024] imu_att:-1.769,-13.764,-0.347,134.657,-38.268,-10.031
[17:16:33.064] imu_att:-1.813,-14.887,-0.332,129.990,-41.790,-10.668
[17:16:33.104] imu_att:-2.159,-15.263,-0.321,128.169,-44.271,-11.313
[17:16:33.145] imu_att:-2.263,-15.508,-0.316,127.989,-44.970,-11.967
[17:16:33.185] imu_att:-2.318,-16.001,-0.300,125.656,-47.075,-12.546
[17:16:33.224] imu_att:-2.348,-16.041,-0.297,125.050,-48.028,-13.273
[17:16:33.264] imu_att:-2.458,-16.071,-0.334,125.207,-47.953,-13.977
[17:16:33.304] imu_att:-1.980,-16.779,-0.334,123.064,-49.351,-14.647
[17:16:33.345] imu_att:-2.069,-17.126,-0.319,122.502,-50.323,-15.304
[17:16:33.385] imu_att:-2.321,-17.145,-0.312,121.811,-50.814,-15.972
[17:16:33.424] imu_att:-2.352,-17.485,-0.308,120.597,-52.096,-16.647
[17:16:33.464] imu_att:-2.297,-17.707,-0.297,119.413,-52.651,-17.317
[17:16:33.505] imu_att:-2.249,-17.914,-0.303,120.110,-53.525,-18.006
[17:16:33.545] imu_att:-2.112,-17.625,-0.314,119.888,-52.428,-18.703
[17:16:33.585] imu_att:-2.081,-17.887,-0.313,121.466,-52.045,-19.391
[17:16:33.624] imu_att:-2.208,-17.747,-0.322,120.902,-52.261,-20.023
[17:16:33.664] imu_att:-2.242,-17.610,-0.323,121.345,-51.797,-20.717
[17:16:33.705] imu_att:-2.260,-17.490,-0.309,122.222,-51.528,-21.471
[17:16:33.745] imu_att:-2.407,-17.538,-0.291,120.461,-52.346,-22.153
[17:16:33.785] imu_att:-2.357,-17.644,-0.278,121.194,-51.511,-22.843
[17:16:33.825] imu_att:-2.331,-17.755,-0.271,119.857,-52.991,-23.541
[17:16:33.864] imu_att:-2.295,-17.977,-0.254,119.459,-53.858,-24.232
[17:16:33.903] imu_att:-2.176,-17.722,-0.253,120.167,-53.060,-24.871
[17:16:33.945] imu_att:-2.371,-17.504,-0.273,121.221,-51.958,-25.676
[17:16:33.984] imu_att:-2.293,-17.527,-0.287,120.619,-52.255,-26.407
[17:16:34.024] imu_att:-2.157,-17.838,-0.285,120.805,-52.304,-27.052
[17:16:34.064] imu_att:-2.154,-17.861,-0.278,120.627,-52.083,-27.839
[17:16:34.105] imu_att:-2.330,-17.688,-0.282,119.899,-52.198,-28.495
[17:16:34.145] imu_att:-2.450,-17.620,-0.288,120.224,-52.914,-29.301
[17:16:34.184] imu_att:-2.456,-17.553,-0.294,121.813,-51.833,-30.037
[17:16:34.224] imu_att:-2.109,-17.185,-0.332,122.591,-51.016,-30.808
[17:16:34.264] imu_att:-2.048,-16.933,-0.351,122.695,-50.305,-31.562
[17:16:34.305] imu_att:-1.947,-16.797,-0.328,123.186,-49.393,-32.278
[17:16:34.345] imu_att:-2.164,-16.270,-0.327,124.610,-48.324,-33.018
[17:16:34.384] imu_att:-2.138,-15.824,-0.329,126.933,-46.404,-33.762
[17:16:34.424] imu_att:-2.191,-15.452,-0.317,128.792,-44.680,-34.497
[17:16:34.465] imu_att:-2.323,-14.843,-0.308,130.237,-43.084,-35.237
[17:16:34.505] imu_att:-2.348,-14.449,-0.308,131.245,-42.332,-35.913
[17:16:34.544] imu_att:-2.284,-13.811,-0.312,134.240,-39.718,-36.747
[17:16:34.584] imu_att:-2.133,-13.324,-0.305,134.983,-38.269,-37.264
[17:16:34.624] imu_att:-2.121,-12.708,-0.293,138.425,-35.314,-37.282
[17:16:34.665] imu_att:-2.234,-12.248,-0.280,139.531,-34.054,-36.977
[17:16:34.705] imu_att:-2.389,-11.435,-0.282,143.327,-31.078,-36.481
[17:16:34.744] imu_att:-2.505,-10.214,-0.319,144.509,-29.099,-36.063
[17:16:34.784] imu_att:-2.146,-9.796,-0.338,149.109,-24.883,-35.623
[17:16:34.824] imu_att:-1.798,-8.956,-0.320,152.145,-21.498,-35.144
[17:16:34.865] imu_att:-1.908,-8.282,-0.297,153.399,-19.879,-34.658
[17:16:34.905] imu_att:-2.340,-7.441,-0.274,157.082,-16.223,-34.169
[17:16:34.944] imu_att:-2.458,-6.616,-0.266,158.136,-15.223,-33.739
[17:16:34.984] imu_att:-2.216,-5.939,-0.265,160.621,-12.969,-33.220
[17:16:35.024] imu_att:-2.147,-5.462,-0.262,163.178,-10.149,-32.790
[17:16:35.065] imu_att:-2.302,-4.980,-0.259,163.761,-9.052,-32.264
[17:16:35.104] imu_att:-2.336,-4.704,-0.254,165.675,-7.836,-31.779
[17:16:35.144] imu_att:-2.268,-4.465,-0.256,166.601,-6.909,-31.299
[17:16:35.184] imu_att:-2.215,-4.152,-0.269,169.036,-5.079,-30.827
[17:16:35.225] imu_att:-2.195,-3.529,-0.284,170.105,-3.543,-30.403
[17:16:35.265] imu_att:-1.353,-2.817,-0.273,172.614,-0.636,-29.854
[17:16:35.304] imu_att:-1.749,-3.257,-0.264,171.081,-1.689,-29.402
[17:16:35.344] imu_att:-1.896,-3.323,-0.265,170.614,-2.311,-28.858
[17:16:35.385] imu_att:-1.921,-3.310,-0.275,170.552,-2.320,-28.370
[17:16:35.425] imu_att:-1.845,-3.343,-0.283,171.861,-1.381,-27.928
[17:16:35.465] imu_att:-1.723,-3.136,-0.315,172.688,-0.741,-27.407
[17:16:35.504] imu_att:-1.641,-3.182,-0.329,170.618,-2.319,-26.915
[17:16:35.544] imu_att:-1.924,-3.318,-0.336,172.069,-1.129,-26.465
[17:16:35.585] imu_att:-1.915,-3.245,-0.343,171.329,-2.190,-25.910
[17:16:35.625] imu_att:-1.591,-3.290,-0.349,172.293,-1.094,-25.401
[17:16:35.665] imu_att:-1.519,-3.172,-0.350,171.121,-1.182,-24.887
[17:16:35.704] imu_att:-1.645,-3.221,-0.352,172.074,-1.049,-24.370
[17:16:35.744] imu_att:-2.004,-3.295,-0.352,171.546,-1.468,-23.848
[17:16:35.783] imu_att:-2.085,-3.232,-0.355,170.921,-2.022,-23.380
[17:16:35.825] imu_att:-1.789,-3.291,-0.355,171.781,-1.521,-22.854
[17:16:35.864] imu_att:-1.842,-3.224,-0.358,171.250,-1.426,-22.274
[17:16:35.904] imu_att:-1.786,-3.263,-0.359,171.768,-1.406,-21.797
[17:16:35.944] imu_att:-1.799,-3.219,-0.361,172.300,-0.767,-21.211
[17:16:35.985] imu_att:-1.783,-3.224,-0.362,170.893,-1.693,-20.675
[17:16:36.025] imu_att:-1.780,-3.215,-0.363,170.812,-1.724,-20.136
[17:16:36.064] imu_att:-1.784,-3.236,-0.362,172.117,-1.211,-19.594
[17:16:36.104] imu_att:-1.832,-3.222,-0.364,172.241,-1.285,-19.050
[17:16:36.144] imu_att:-1.736,-3.245,-0.364,172.660,-0.702,-18.557
[17:16:36.185] imu_att:-1.788,-3.218,-0.364,171.895,-1.289,-17.953
[17:16:36.225] imu_att:-1.814,-3.157,-0.364,171.272,-1.600,-17.400
[17:16:36.264] imu_att:-1.807,-3.215,-0.365,172.363,-0.843,-16.901
[17:16:36.304] imu_att:-1.781,-3.246,-0.367,171.928,-1.256,-16.290
[17:16:36.345] imu_att:-1.808,-3.213,-0.370,171.509,-1.995,-15.733
[17:16:36.385] imu_att:-1.804,-3.235,-0.372,171.079,-1.862,-15.172
[17:16:36.424] imu_att:-1.782,-3.225,-0.373,171.723,-1.343,-14.608
[17:16:36.464] imu_att:-1.787,-3.229,-0.374,172.201,-1.345,-14.097
[17:16:36.504] imu_att:-1.783,-3.226,-0.374,170.820,-1.774,-13.527
[17:16:36.545] imu_att:-1.799,-3.213,-0.376,171.739,-1.170,-12.956
[17:16:36.585] imu_att:-1.807,-3.219,-0.378,171.838,-1.331,-12.325
[17:16:36.624] imu_att:-1.802,-3.193,-0.381,173.300,-0.402,-11.807
[17:16:36.664] imu_att:-1.790,-3.213,-0.382,170.861,-1.360,-11.227
[17:16:36.705] imu_att:-1.792,-3.191,-0.383,171.864,-1.143,-10.587
[17:16:36.745] imu_att:-1.850,-3.222,-0.385,171.316,-1.537,-10.003
[17:16:36.785] imu_att:-2.042,-3.233,-0.386,171.055,-1.853,-9.415
[17:16:36.824] imu_att:-2.016,-3.238,-0.385,171.725,-1.492,-8.882
[17:16:36.864] imu_att:-1.904,-3.218,-0.380,170.777,-1.932,-8.284
[17:16:36.905] imu_att:-1.413,-3.162,-0.383,172.949,-0.326,-7.630
[17:16:36.945] imu_att:-1.516,-3.219,-0.388,171.970,-0.949,-7.037
[17:16:36.984] imu_att:-0.957,-3.149,-0.401,173.599,0.282,-6.508
[17:16:37.024] imu_att:-1.597,-3.169,-0.414,171.814,-0.411,-5.917
[17:16:37.064] imu_att:-2.790,-3.296,-0.420,170.002,-2.935,-5.287
[17:16:37.105] imu_att:-2.430,-3.260,-0.420,170.604,-2.518,-4.838
[17:16:37.145] imu_att:-1.962,-3.317,-0.416,170.527,-2.584,-4.425
[17:16:37.184] imu_att:-1.901,-3.205,-0.416,170.616,-2.130,-4.025
[17:16:37.224] imu_att:-1.869,-3.193,-0.421,170.718,-1.947,-3.528
[17:16:37.265] imu_att:-1.714,-3.262,-0.424,171.605,-1.608,-3.165
[17:16:37.305] imu_att:-2.152,-3.215,-0.429,171.183,-1.762,-2.870
[17:16:37.345] imu_att:-2.198,-3.271,-0.429,170.150,-2.689,-2.756
[17:16:37.384] imu_att:-1.711,-3.302,-0.424,171.302,-1.700,-2.584
[17:16:37.424] imu_att:-1.643,-2.763,-0.497,170.800,-1.881,-2.471
[17:16:37.465] imu_att:-1.911,-3.215,-0.585,169.621,-3.130,-2.559
[17:16:37.505] imu_att:-2.577,-3.691,-0.644,168.127,-4.510,-2.828
[17:16:37.544] imu_att:-2.908,-3.557,-0.754,166.722,-6.247,-3.427
[17:16:37.584] imu_att:-2.902,-3.745,-0.829,166.649,-5.983,-3.944
[17:16:37.624] imu_att:-3.450,-4.296,-0.801,165.337,-7.357,-4.485
[17:16:37.664] imu_att:-3.749,-4.087,-0.752,165.251,-7.744,-4.965
[17:16:37.705] imu_att:-4.632,-3.572,-0.699,164.228,-8.919,-5.568
[17:16:37.744] imu_att:-5.441,-3.114,-0.740,162.746,-9.722,-6.207
[17:16:37.784] imu_att:-5.919,-2.592,-0.918,162.559,-9.944,-6.985
[17:16:37.825] imu_att:-7.355,-4.526,-0.966,159.216,-12.804,-7.637
[17:16:37.865] imu_att:-7.707,-4.336,-0.903,159.274,-13.776,-8.180
[17:16:37.904] imu_att:-8.371,-3.623,-0.873,158.788,-14.029,-8.759
[17:16:37.944] imu_att:-9.282,-3.915,-0.801,158.519,-13.828,-9.298
[17:16:37.984] imu_att:-10.198,-3.908,-0.682,158.887,-14.573,-9.793
[17:16:38.023] imu_att:-10.556,-3.243,-0.638,159.316,-13.902,-10.304
[17:16:38.065] imu_att:-11.665,-3.510,-0.602,158.469,-14.395,-10.948
[17:16:38.104] imu_att:-12.693,-3.738,-0.542,157.638,-15.550,-11.511
[17:16:38.144] imu_att:-13.540,-3.407,-0.504,157.439,-15.480,-12.096
[17:16:38.184] imu_att:-14.252,-3.350,-0.495,157.188,-15.803,-12.714
[17:16:38.225] imu_att:-15.153,-3.698,-0.454,157.225,-16.083,-13.299
[17:16:38.265] imu_att:-15.936,-3.629,-0.389,156.729,-16.234,-13.802
[17:16:38.304] imu_att:-16.567,-3.248,-0.368,156.877,-16.105,-14.245
[17:16:38.344] imu_att:-17.530,-3.255,-0.374,156.680,-16.106,-14.559
[17:16:38.384] imu_att:-18.411,-3.368,-0.392,156.367,-16.475,-14.908
[17:16:38.425] imu_att:-19.177,-3.384,-0.417,156.852,-16.349,-15.247
[17:16:38.465] imu_att:-19.961,-3.350,-0.452,156.373,-16.604,-15.505
[17:16:38.504] imu_att:-20.418,-3.525,-0.473,156.307,-16.616,-15.744
[17:16:38.544] imu_att:-20.601,-3.729,-0.447,156.454,-16.391,-15.889
[17:16:38.585] imu_att:-21.214,-3.832,-0.372,156.662,-16.649,-15.998
[17:16:38.625] imu_att:-21.640,-3.347,-0.335,156.588,-16.533,-16.095
[17:16:38.664] imu_att:-21.853,-3.615,-0.267,156.952,-16.274,-16.107
[17:16:38.704] imu_att:-22.195,-3.271,-0.222,157.136,-15.925,-16.091
[17:16:38.744] imu_att:-22.607,-3.253,-0.212,156.981,-15.956,-16.075
[17:16:38.785] imu_att:-22.896,-3.283,-0.206,157.298,-15.709,-16.059
[17:16:38.825] imu_att:-23.031,-3.400,-0.198,157.135,-15.848,-16.046
[17:16:38.864] imu_att:-23.092,-3.404,-0.196,157.447,-15.588,-16.017
[17:16:38.904] imu_att:-23.213,-3.460,-0.182,156.792,-16.399,-16.041
[17:16:38.944] imu_att:-23.274,-3.496,-0.152,157.015,-16.013,-16.058
[17:16:38.985] imu_att:-23.410,-3.562,-0.105,157.150,-15.779,-15.975
[17:16:39.025] imu_att:-23.505,-3.408,-0.051,157.500,-15.467,-15.897
[17:16:39.064] imu_att:-23.457,-3.357,-0.016,157.258,-15.655,-15.850
[17:16:39.104] imu_att:-23.509,-3.282,0.008,157.466,-15.732,-15.854
[17:16:39.145] imu_att:-23.487,-3.331,0.019,157.237,-15.828,-15.851
[17:16:39.185] imu_att:-23.374,-3.329,0.029,157.509,-15.681,-15.861
[17:16:39.225] imu_att:-23.304,-3.467,0.048,157.522,-15.391,-15.792
[17:16:39.264] imu_att:-23.337,-3.412,0.072,157.814,-15.311,-15.735
[17:16:39.304] imu_att:-23.352,-3.306,0.078,157.203,-15.692,-15.738
[17:16:39.343] imu_att:-23.306,-3.382,0.076,157.127,-15.646,-15.707
[17:16:39.385] imu_att:-23.330,-3.494,0.100,157.098,-15.942,-15.759
[17:16:39.425] imu_att:-23.390,-3.489,0.128,157.287,-15.755,-15.781
[17:16:39.464] imu_att:-23.478,-3.389,0.150,157.716,-15.473,-15.765
[17:16:39.504] imu_att:-23.424,-3.244,0.151,157.252,-15.695,-15.766
[17:16:39.545] imu_att:-23.199,-3.306,0.136,157.019,-15.803,-15.798
[17:16:39.585] imu_att:-22.903,-3.516,0.142,157.356,-15.727,-15.818
[17:16:39.624] imu_att:-22.650,-3.382,0.139,157.376,-15.731,-15.850
[17:16:39.664] imu_att:-22.501,-3.260,0.112,157.586,-15.516,-15.855
[17:16:39.704] imu_att:-22.389,-3.363,0.078,157.465,-15.519,-15.882
[17:16:39.745] imu_att:-22.552,-3.386,0.041,157.164,-15.948,-15.941
[17:16:39.785] imu_att:-22.585,-3.425,0.004,156.999,-16.093,-16.024
[17:16:39.824] imu_att:-22.404,-3.527,-0.020,156.707,-16.470,-16.144
[17:16:39.864] imu_att:-22.122,-3.476,-0.045,156.516,-16.217,-16.216
[17:16:39.904] imu_att:-21.887,-3.503,-0.073,155.707,-16.825,-16.326
[17:16:39.945] imu_att:-21.550,-3.535,-0.092,156.523,-16.375,-16.416
[17:16:39.985] imu_att:-20.928,-3.439,-0.127,156.221,-16.763,-16.511
[17:16:40.024] imu_att:-20.255,-3.445,-0.173,156.603,-16.557,-16.618
[17:16:40.064] imu_att:-19.565,-3.608,-0.201,155.924,-16.964,-16.685
[17:16:40.105] imu_att:-18.530,-3.220,-0.279,156.568,-16.589,-16.833
[17:16:40.145] imu_att:-17.526,-3.453,-0.362,156.122,-16.846,-16.908
[17:16:40.185] imu_att:-16.629,-3.506,-0.439,156.172,-16.882,-16.990
[17:16:40.224] imu_att:-15.679,-3.595,-0.508,157.022,-16.544,-17.039
[17:16:40.264] imu_att:-14.700,-3.595,-0.593,156.880,-16.229,-17.023
[17:16:40.305] imu_att:-14.043,-3.457,-0.690,156.731,-15.994,-16.947
[17:16:40.345] imu_att:-13.368,-3.755,-0.784,157.262,-15.844,-16.883
[17:16:40.384] imu_att:-12.663,-3.732,-0.861,156.203,-16.598,-16.878
[17:16:40.424] imu_att:-12.148,-3.831,-0.932,156.673,-16.252,-16.889
[17:16:40.464] imu_att:-11.288,-3.622,-1.024,155.862,-16.683,-16.892
[17:16:40.505] imu_att:-10.017,-3.508,-1.130,157.279,-15.861,-16.897
[17:16:40.545] imu_att:-8.905,-4.054,-1.198,157.969,-15.206,-16.669
[17:16:40.584] imu_att:-7.980,-3.963,-1.218,159.274,-14.381,-16.374
[17:16:40.624] imu_att:-7.213,-3.744,-1.240,159.658,-13.476,-15.981
[17:16:40.665] imu_att:-6.820,-3.714,-1.273,159.458,-13.434,-15.501
[17:16:40.705] imu_att:-6.392,-3.533,-1.339,161.292,-12.270,-15.111
[17:16:40.744] imu_att:-5.953,-3.636,-1.414,160.868,-12.276,-14.666
[17:16:40.784] imu_att:-5.409,-3.616,-1.505,161.316,-11.907,-14.293
[17:16:40.824] imu_att:-5.061,-2.942,-1.692,162.748,-10.554,-13.978
[17:16:40.865] imu_att:-4.525,-3.873,-1.876,162.134,-10.854,-13.583
[17:16:40.905] imu_att:-3.583,-4.151,-1.987,162.551,-10.618,-13.146
[17:16:40.944] imu_att:-3.107,-4.151,-2.039,163.267,-9.369,-12.700
[17:16:40.984] imu_att:-3.360,-4.375,-2.020,163.071,-9.691,-12.109
[17:16:41.026] imu_att:-3.459,-4.173,-1.944,162.173,-10.373,-11.638
[17:16:41.065] imu_att:-3.288,-3.725,-1.919,163.368,-9.557,-11.338
[17:16:41.104] imu_att:-2.493,-3.655,-1.926,166.285,-7.447,-10.816
[17:16:41.144] imu_att:-2.368,-4.044,-1.870,166.342,-6.877,-10.100
[17:16:41.184] imu_att:-2.418,-3.458,-1.857,166.183,-7.033,-9.568
[17:16:41.225] imu_att:-2.422,-3.610,-1.848,166.316,-6.923,-9.136
[17:16:41.265] imu_att:-2.313,-3.708,-1.827,167.280,-6.673,-8.696
[17:16:41.304] imu_att:-2.313,-3.798,-1.785,166.191,-6.683,-8.262
[17:16:41.344] imu_att:-2.331,-3.481,-1.755,166.223,-6.756,-7.958
[17:16:41.384] imu_att:-1.679,-3.452,-1.777,167.469,-5.675,-7.649
[17:16:41.425] imu_att:-1.497,-3.531,-1.802,167.605,-4.906,-7.142
[17:16:41.465] imu_att:-2.012,-3.663,-1.806,166.149,-6.281,-6.816
[17:16:41.504] imu_att:-2.127,-3.655,-1.808,167.315,-6.288,-6.675
[17:16:41.544] imu_att:-1.982,-3.667,-1.810,167.261,-5.872,-6.575
[17:16:41.584] imu_att:-2.049,-3.671,-1.809,166.805,-6.115,-6.469
[17:16:41.625] imu_att:-2.252,-3.611,-1.813,166.661,-6.033,-6.376
[17:16:41.665] imu_att:-2.342,-3.711,-1.808,166.811,-6.422,-6.364
[17:16:41.704] imu_att:-1.665,-3.625,-1.808,168.451,-5.148,-6.292
[17:16:41.744] imu_att:-1.804,-3.666,-1.807,167.276,-5.324,-6.031
[17:16:41.785] imu_att:-1.894,-3.665,-1.808,167.410,-5.773,-5.965
[17:16:41.825] imu_att:-2.067,-3.646,-1.807,166.503,-6.178,-5.923
[17:16:41.864] imu_att:-2.223,-3.700,-1.799,166.629,-6.242,-5.956
[17:16:41.904] imu_att:-2.335,-3.635,-1.797,166.054,-7.050,-6.096
[17:16:41.944] imu_att:-1.601,-3.660,-1.795,168.329,-5.224,-6.128
[17:16:41.985] imu_att:-1.922,-3.668,-1.791,166.935,-5.818,-5.966
[17:16:42.025] imu_att:-1.963,-3.633,-1.798,167.133,-5.933,-5.950
[17:16:42.064] imu_att:-1.998,-3.657,-1.797,167.418,-5.760,-5.943
[17:16:42.104] imu_att:-1.989,-3.673,-1.798,167.457,-5.493,-5.824
[17:16:42.144] imu_att:-2.012,-3.658,-1.800,166.889,-6.200,-5.862
[17:16:42.185] imu_att:-2.012,-3.642,-1.801,168.186,-5.283,-5.850
[17:16:42.225] imu_att:-2.004,-3.643,-1.803,166.633,-6.223,-5.828
[17:16:42.265] imu_att:-2.004,-3.645,-1.804,167.276,-5.914,-5.882
[17:16:42.304] imu_att:-1.996,-3.641,-1.807,167.296,-5.737,-5.852
[17:16:42.345] imu_att:-1.907,-3.645,-1.814,167.728,-5.430,-5.801
[17:16:42.385] imu_att:-1.589,-3.653,-1.821,167.468,-5.254,-5.631
[17:16:42.425] imu_att:-1.531,-3.565,-1.833,167.286,-5.452,-5.539
[17:16:42.464] imu_att:-2.481,-3.670,-1.837,166.568,-6.983,-5.720
[17:16:42.503] imu_att:-2.275,-3.690,-1.853,166.780,-6.416,-5.869
[17:16:42.545] imu_att:-2.287,-3.614,-1.848,166.356,-6.371,-5.955
[17:16:42.585] imu_att:-2.879,-3.792,-1.870,164.590,-8.184,-6.241
[17:16:42.625] imu_att:-2.934,-3.754,-1.925,164.558,-8.749,-6.755
[17:16:42.664] imu_att:-1.818,-3.783,-2.138,166.723,-7.235,-7.196
[17:16:42.703] imu_att:-0.905,-3.577,-2.282,168.162,-4.968,-7.065
[17:16:42.745] imu_att:-0.374,-2.936,-2.216,168.973,-4.261,-6.517
[17:16:42.785] imu_att:1.074,-3.325,-2.080,171.841,-1.913,-5.805
[17:16:42.824] imu_att:2.537,-3.328,-1.953,174.557,0.772,-5.059
[17:16:42.864] imu_att:3.587,-3.384,-1.823,178.538,4.159,-4.372
[17:16:42.903] imu_att:4.580,-3.386,-1.621,-178.978,6.600,-3.546
[17:16:42.945] imu_att:5.929,-3.437,-1.401,-175.293,10.330,-2.639
[17:16:42.984] imu_att:6.873,-3.521,-1.267,-169.278,16.354,-1.940
[17:16:43.024] imu_att:7.855,-3.496,-1.107,-166.195,20.039,-1.087
[17:16:43.064] imu_att:8.853,-3.490,-0.950,-157.836,27.173,-0.298
[17:16:43.105] imu_att:9.676,-3.396,-0.742,-153.944,31.770,0.546
[17:16:43.145] imu_att:10.406,-3.553,-0.596,-150.488,36.109,1.264
[17:16:43.184] imu_att:11.089,-3.511,-0.459,-147.822,38.980,2.040
[17:16:43.224] imu_att:11.944,-3.452,-0.313,-139.096,46.694,2.892
[17:16:43.264] imu_att:12.883,-3.547,-0.249,-135.835,50.271,3.535
[17:16:43.305] imu_att:13.782,-3.469,-0.240,-129.101,55.993,4.190
[17:16:43.344] imu_att:13.559,-3.585,-0.296,-128.923,58.102,4.847
[17:16:43.384] imu_att:14.483,-3.476,-0.318,-125.280,60.036,5.476
[17:16:43.424] imu_att:14.838,-3.399,-0.314,-120.837,65.242,6.133
[17:16:43.465] imu_att:14.843,-3.482,-0.297,-124.806,62.940,6.805
[17:16:43.505] imu_att:14.650,-3.574,-0.305,-124.937,62.522,7.455
[17:16:43.545] imu_att:14.357,-3.466,-0.191,-124.173,61.602,8.228
[17:16:43.584] imu_att:14.526,-3.418,-0.176,-124.652,62.639,8.905
[17:16:43.624] imu_att:14.387,-3.180,-0.184,-126.098,60.192,9.561
[17:16:43.665] imu_att:14.425,-3.266,-0.165,-125.948,60.452,10.247
[17:16:43.704] imu_att:14.490,-3.377,-0.166,-124.673,61.624,10.915
[17:16:43.744] imu_att:14.434,-3.257,-0.163,-126.097,61.339,11.521
[17:16:43.784] imu_att:14.392,-3.245,-0.127,-126.434,59.977,12.298
[17:16:43.825] imu_att:14.424,-3.369,-0.110,-124.368,62.142,12.990
[17:16:43.865] imu_att:14.475,-3.483,-0.125,-123.113,61.954,13.585
[17:16:43.905] imu_att:14.525,-3.257,-0.121,-124.485,61.938,14.337
[17:16:43.944] imu_att:14.565,-3.274,-0.103,-125.177,61.438,15.038
[17:16:43.984] imu_att:14.583,-3.440,-0.103,-125.320,62.333,15.722
[17:16:44.025] imu_att:14.538,-3.420,-0.123,-124.442,62.247,16.389
[17:16:44.065] imu_att:14.533,-3.318,-0.135,-125.784,61.075,17.066
[17:16:44.105] imu_att:14.484,-3.269,-0.135,-124.369,61.983,17.757
[17:16:44.144] imu_att:14.484,-3.330,-0.140,-124.924,61.529,18.446
[17:16:44.184] imu_att:14.465,-3.286,-0.138,-123.286,62.685,19.145
[17:16:44.225] imu_att:14.277,-3.210,-0.108,-126.847,61.590,19.873
[17:16:44.265] imu_att:14.159,-3.442,-0.102,-127.279,59.320,20.580
[17:16:44.304] imu_att:14.212,-3.381,-0.117,-127.884,59.094,21.267
[17:16:44.344] imu_att:14.246,-3.330,-0.127,-125.390,60.091,21.962
[17:16:44.385] imu_att:14.309,-3.400,-0.155,-127.631,58.758,22.642
[17:16:44.425] imu_att:14.255,-3.333,-0.187,-128.636,58.915,23.319
[17:16:44.464] imu_att:13.950,-3.265,-0.197,-129.478,57.772,24.022
[17:16:44.504] imu_att:13.735,-3.330,-0.244,-132.657,55.059,24.688
[17:16:44.544] imu_att:13.463,-3.342,-0.321,-132.686,54.645,25.328
[17:16:44.585] imu_att:13.180,-3.244,-0.357,-134.681,52.886,26.011
[17:16:44.625] imu_att:13.157,-3.233,-0.363,-137.139,51.310,26.726
[17:16:44.664] imu_att:13.007,-3.279,-0.371,-136.426,50.881,27.441
[17:16:44.704] imu_att:12.684,-3.264,-0.365,-137.601,49.657,28.100
[17:16:44.744] imu_att:12.214,-3.288,-0.346,-140.949,46.498,28.920
[17:16:44.785] imu_att:11.783,-3.343,-0.336,-141.683,46.096,29.660
[17:16:44.824] imu_att:11.390,-3.423,-0.371,-144.499,42.730,30.358
[17:16:44.864] imu_att:10.922,-3.407,-0.431,-146.602,40.690,31.033
[17:16:44.904] imu_att:10.519,-3.428,-0.485,-149.603,38.424,31.642
[17:16:44.945] imu_att:9.873,-3.350,-0.538,-152.886,34.562,32.373
[17:16:44.985] imu_att:9.333,-3.304,-0.538,-158.878,29.110,32.303
[17:16:45.024] imu_att:9.030,-3.362,-0.546,-158.877,28.748,31.850
[17:16:45.064] imu_att:8.643,-3.487,-0.592,-159.924,27.463,31.338
[17:16:45.104] imu_att:8.111,-3.315,-0.622,-160.835,24.986,30.841
[17:16:45.145] imu_att:7.675,-3.300,-0.622,-163.842,23.440,30.370
[17:16:45.185] imu_att:7.344,-3.375,-0.615,-166.224,20.979,29.904
[17:16:45.224] imu_att:7.014,-3.428,-0.631,-168.920,18.895,29.461
[17:16:45.264] imu_att:6.600,-3.362,-0.652,-171.188,16.358,28.963
[17:16:45.304] imu_att:6.092,-3.314,-0.658,-171.722,14.686,28.430
[17:16:45.345] imu_att:5.583,-3.454,-0.683,-174.723,13.543,27.923
[17:16:45.385] imu_att:4.946,-3.435,-0.702,-176.014,11.229,27.419
[17:16:45.424] imu_att:4.301,-3.284,-0.682,-179.126,9.594,27.002
[17:16:45.464] imu_att:3.553,-3.335,-0.642,179.726,7.081,26.505
[17:16:45.505] imu_att:3.112,-3.661,-0.680,178.514,5.161,25.975
[17:16:45.545] imu_att:2.376,-3.550,-0.762,175.102,3.370,25.400
[17:16:45.585] imu_att:1.917,-3.426,-0.816,175.321,2.358,24.900
[17:16:45.624] imu_att:1.484,-3.339,-0.875,174.681,1.979,24.293
[17:16:45.664] imu_att:1.088,-3.419,-0.921,173.547,0.752,23.747
[17:16:45.705] imu_att:0.692,-3.439,-0.956,172.841,0.024,23.210
[17:16:45.744] imu_att:0.091,-3.339,-0.946,171.085,-1.519,22.715
[17:16:45.784] imu_att:-0.345,-3.492,-0.954,170.287,-2.474,22.199
[17:16:45.824] imu_att:-0.941,-3.451,-0.963,169.672,-3.148,21.733
[17:16:45.863] imu_att:-1.376,-3.410,-0.956,169.656,-3.223,21.177
[17:16:45.905] imu_att:-1.784,-3.436,-0.970,168.867,-3.706,20.700
[17:16:45.945] imu_att:-2.054,-3.448,-0.969,167.762,-5.502,20.133
[17:16:45.984] imu_att:-1.538,-3.382,-0.990,168.588,-4.669,19.593
[17:16:46.024] imu_att:-1.977,-3.437,-0.971,168.180,-4.709,19.144
[17:16:46.065] imu_att:-2.091,-3.534,-0.969,167.918,-5.430,18.570
[17:16:46.105] imu_att:-1.912,-3.556,-0.970,168.378,-4.850,18.044
[17:16:46.144] imu_att:-1.964,-3.471,-0.972,168.107,-5.029,17.514
[17:16:46.184] imu_att:-2.039,-3.475,-0.976,167.780,-5.163,16.979
[17:16:46.225] imu_att:-2.072,-3.478,-0.977,168.071,-5.484,16.446
[17:16:46.265] imu_att:-1.870,-3.492,-0.975,168.276,-4.956,15.914
[17:16:46.305] imu_att:-1.677,-3.479,-0.973,168.893,-4.310,15.378
[17:16:46.344] imu_att:-1.840,-3.506,-0.965,168.772,-4.365,14.847
[17:16:46.384] imu_att:-1.909,-3.483,-0.964,170.204,-3.584,14.306
[17:16:46.425] imu_att:-2.267,-3.466,-0.969,167.984,-4.723,13.758
[17:16:46.464] imu_att:-1.979,-3.502,-0.970,168.697,-4.721,13.265
[17:16:46.504] imu_att:-1.975,-3.487,-0.969,167.855,-5.048,12.662
[17:16:46.544] imu_att:-1.995,-3.513,-0.971,168.767,-4.467,12.110
[17:16:46.585] imu_att:-2.023,-3.489,-0.970,168.412,-4.698,11.557
[17:16:46.625] imu_att:-1.982,-3.502,-0.970,167.369,-5.279,11.002
[17:16:46.664] imu_att:-2.024,-3.509,-0.971,167.276,-5.712,10.443
[17:16:46.704] imu_att:-2.000,-3.489,-0.972,168.017,-5.494,9.882
[17:16:46.744] imu_att:-1.983,-3.488,-0.973,168.382,-4.904,9.318
[17:16:46.785] imu_att:-1.989,-3.514,-0.975,168.207,-4.666,8.752
[17:16:46.825] imu_att:-2.014,-3.505,-0.974,167.819,-4.653,8.243
[17:16:46.864] imu_att:-2.017,-3.497,-0.973,168.630,-4.851,7.674
[17:16:46.904] imu_att:-1.987,-3.483,-0.972,168.230,-4.716,7.046
[17:16:46.945] imu_att:-1.990,-3.475,-0.973,168.621,-4.347,6.472
[17:16:46.985] imu_att:-2.016,-3.483,-0.973,167.918,-4.894,5.895
[17:16:47.025] imu_att:-1.949,-3.444,-0.974,167.856,-5.164,5.316
[17:16:47.064] imu_att:-1.984,-3.576,-0.977,168.254,-4.670,4.732
[17:16:47.105] imu_att:-1.993,-3.478,-0.978,167.781,-5.112,4.206
[17:16:47.144] imu_att:-2.002,-3.506,-0.978,168.311,-4.737,3.561
[17:16:47.184] imu_att:-1.933,-3.510,-0.979,168.807,-4.461,2.973
[17:16:47.224] imu_att:-1.985,-3.498,-0.979,167.683,-5.286,2.383
[17:16:47.264] imu_att:-1.950,-3.475,-0.980,169.266,-4.372,1.848
[17:16:47.303] imu_att:-1.962,-3.465,-0.980,168.857,-4.462,1.254
[17:16:47.345] imu_att:-2.006,-3.485,-0.981,166.723,-5.521,0.656
[17:16:47.384] imu_att:-2.028,-3.506,-0.981,168.279,-4.479,0.057
[17:16:47.424] imu_att:-1.989,-3.496,-0.981,169.127,-3.993,-0.605
[17:16:47.464] imu_att:-1.994,-3.477,-0.981,169.082,-4.061,-1.208
[17:16:47.503] imu_att:-2.005,-3.487,-0.982,167.833,-4.735,-1.712
[17:16:47.545] imu_att:-2.000,-3.480,-0.983,168.361,-4.655,-2.306
[17:16:47.584] imu_att:-1.980,-3.466,-0.981,168.293,-4.664,-2.707
[17:16:47.624] imu_att:-1.999,-3.465,-0.980,168.542,-4.500,-3.028
[17:16:47.663] imu_att:-2.002,-3.483,-0.981,168.554,-4.254,-3.321
[17:16:47.705] imu_att:-1.980,-3.477,-0.981,168.585,-4.493,-3.551
[17:16:47.744] imu_att:-1.984,-3.469,-0.982,168.289,-4.878,-3.764
[17:16:47.784] imu_att:-1.993,-3.479,-0.984,167.383,-4.700,-3.904
[17:16:47.824] imu_att:-1.995,-3.479,-0.986,168.122,-4.642,-4.027
[17:16:47.863] imu_att:-1.974,-3.469,-0.986,167.995,-5.023,-4.180
[17:16:47.905] imu_att:-1.983,-3.487,-0.986,167.826,-5.010,-4.297
[17:16:47.945] imu_att:-1.977,-3.488,-0.986,169.116,-4.628,-4.460
[17:16:47.984] imu_att:-1.984,-3.505,-0.987,167.958,-5.053,-4.558
[17:16:48.024] imu_att:-1.989,-3.492,-0.988,169.226,-4.434,-4.624
[17:16:48.065] imu_att:-2.006,-3.489,-0.989,168.486,-4.400,-4.523
[17:16:48.105] imu_att:-1.988,-3.493,-0.989,168.562,-4.440,-4.501
[17:16:48.144] imu_att:-1.994,-3.495,-0.988,167.852,-4.679,-4.511
[17:16:48.184] imu_att:-2.013,-3.512,-0.990,168.162,-4.894,-4.586
[17:16:48.223] imu_att:-1.993,-3.504,-0.990,168.392,-4.965,-4.654
[17:16:48.265] imu_att:-1.987,-3.499,-0.990,168.183,-4.531,-4.678
[17:16:48.304] imu_att:-2.006,-3.501,-0.990,168.237,-4.643,-4.649
[17:16:48.344] imu_att:-2.016,-3.489,-0.991,168.281,-4.355,-4.681
[17:16:48.384] imu_att:-2.001,-3.478,-0.991,168.210,-4.492,-4.646
[17:16:48.425] imu_att:-1.983,-3.483,-0.992,167.625,-4.985,-4.621
[17:16:48.464] imu_att:-2.001,-3.498,-0.993,168.970,-4.228,-4.642
[17:16:48.504] imu_att:-2.004,-3.482,-0.993,168.978,-4.994,-4.698
[17:16:48.544] imu_att:-1.982,-3.483,-0.994,169.143,-4.339,-4.792
[17:16:48.583] imu_att:-2.003,-3.488,-0.996,167.969,-4.746,-4.766
[17:16:48.625] imu_att:-2.008,-3.488,-0.998,167.959,-5.067,-4.827
[17:16:48.665] imu_att:-1.985,-3.507,-0.998,168.640,-4.524,-4.812
[17:16:48.704] imu_att:-1.978,-3.489,-0.998,167.637,-4.867,-4.736
[17:16:48.744] imu_att:-1.986,-3.499,-1.000,168.882,-4.635,-4.729
[17:16:48.785] imu_att:-1.977,-3.504,-1.000,169.342,-4.111,-4.735
[17:16:48.825] imu_att:-1.973,-3.484,-1.002,168.148,-4.449,-4.623
[17:16:48.864] imu_att:-1.973,-3.480,-1.002,168.515,-4.842,-4.693
[17:16:48.904] imu_att:-1.971,-3.495,-1.003,168.986,-4.303,-4.725
[17:16:48.943] imu_att:-1.984,-3.477,-1.005,168.105,-4.667,-4.714
[17:16:48.985] imu_att:-2.005,-3.478,-1.007,168.695,-4.247,-4.634
[17:16:49.024] imu_att:-2.022,-3.494,-1.007,167.538,-5.273,-4.674
[17:16:49.064] imu_att:-2.009,-3.478,-1.006,168.879,-4.191,-4.653
[17:16:49.104] imu_att:-1.994,-3.483,-1.008,167.787,-5.218,-4.747
[17:16:49.145] imu_att:-1.998,-3.491,-1.007,168.717,-4.318,-4.733
[17:16:49.185] imu_att:-2.003,-3.472,-1.008,169.320,-4.136,-4.678
[17:16:49.224] imu_att:-2.008,-3.483,-1.009,169.173,-4.080,-4.583
[17:16:49.264] imu_att:-1.990,-3.484,-1.010,169.032,-4.215,-4.538
[17:16:49.304] imu_att:-1.991,-3.484,-1.010,168.535,-4.233,-4.457
[17:16:49.345] imu_att:-1.994,-3.476,-1.011,168.527,-4.489,-4.510
[17:16:49.384] imu_att:-1.985,-3.486,-1.013,168.396,-4.973,-4.601
[17:16:49.424] imu_att:-1.981,-3.510,-1.014,168.284,-4.801,-4.644
[17:16:49.464] imu_att:-1.989,-3.508,-1.016,168.971,-4.212,-4.658
[17:16:49.505] imu_att:-1.991,-3.505,-1.016,169.580,-4.332,-4.637
