# Serial Log - 2026-04-18T17:51:14.019494
# Port: COM36 @ 115200bps
#============================================================
[17:51:14.035] imu_att:-0.016,-0.001,-0.377,-173.706,-0.286,-0.102
[17:51:14.071] imu_att:0.003,-0.014,-0.374,-173.250,0.056,-0.108
[17:51:14.119] imu_att:-0.009,-0.025,-0.374,-173.229,-0.386,-0.206
[17:51:14.154] imu_att:-0.004,-0.040,-0.372,-174.149,-0.603,-0.258
[17:51:14.191] imu_att:-0.001,-0.016,-0.372,-173.401,0.169,-0.204
[17:51:14.237] imu_att:-0.014,-0.001,-0.371,-173.268,0.210,-0.156
[17:51:14.273] imu_att:-0.005,-0.018,-0.372,-173.254,0.217,-0.097
[17:51:14.308] imu_att:-0.009,-0.006,-0.373,-173.519,-0.056,-0.093
[17:51:14.356] imu_att:-0.010,0.008,-0.374,-172.878,0.535,-0.037
[17:51:14.391] imu_att:-0.002,0.004,-0.375,-173.839,-0.129,-0.015
[17:51:14.438] imu_att:-0.019,0.005,-0.375,-173.797,-0.050,0.054
[17:51:14.474] imu_att:-0.011,0.004,-0.374,-173.065,0.204,0.029
[17:51:14.509] imu_att:-0.018,-0.004,-0.375,-173.076,0.427,0.088
[17:51:14.557] imu_att:-0.005,-0.006,-0.377,-173.886,-0.299,0.082
[17:51:14.593] imu_att:-0.001,-0.007,-0.378,-174.029,-0.398,0.027
[17:51:14.629] imu_att:-0.001,0.000,-0.380,-173.880,-0.480,-0.078
[17:51:14.674] imu_att:0.005,-0.001,-0.381,-173.400,0.118,-0.060
[17:51:14.710] imu_att:-0.000,-0.011,-0.381,-173.222,-0.236,-0.175
[17:51:14.759] imu_att:-0.000,0.005,-0.382,-173.561,0.119,-0.034
[17:51:14.794] imu_att:0.017,-0.017,-0.382,-172.861,0.360,-0.028
[17:51:14.830] imu_att:0.008,-0.018,-0.382,-173.830,-0.276,-0.022
[17:51:14.876] imu_att:0.006,-0.001,-0.381,-173.503,0.003,-0.026
[17:51:14.911] imu_att:-0.001,0.010,-0.380,-174.052,-0.523,-0.091
[17:51:14.949] imu_att:0.009,-0.000,-0.381,-174.385,-0.862,-0.221
[17:51:14.994] imu_att:-0.022,0.002,-0.380,-172.847,0.630,-0.104
[17:51:15.030] imu_att:-0.023,0.008,-0.378,-173.247,0.395,0.013
[17:51:15.075] imu_att:-0.022,-0.002,-0.379,-173.906,-0.353,-0.021
[17:51:15.111] imu_att:0.002,0.003,-0.377,-173.906,-0.237,-0.041
[17:51:15.149] imu_att:-0.004,0.003,-0.378,-173.735,-0.288,-0.100
[17:51:15.196] imu_att:-0.010,0.007,-0.379,-173.288,0.134,-0.082
[17:51:15.232] imu_att:-0.028,0.005,-0.380,-172.962,0.285,-0.055
[17:51:15.277] imu_att:-0.023,0.003,-0.385,-174.038,-0.411,-0.047
[17:51:15.315] imu_att:-0.031,0.007,-0.384,-173.160,0.275,-0.024
[17:51:15.350] imu_att:-0.029,-0.013,-0.386,-173.355,0.123,-0.003
[17:51:15.396] imu_att:-0.018,-0.012,-0.385,-173.239,0.219,0.025
[17:51:15.431] imu_att:-0.022,0.033,-0.385,-172.705,0.765,0.117
[17:51:15.479] imu_att:-0.018,-0.022,-0.384,-174.010,-0.498,0.035
[17:51:15.516] imu_att:0.025,-0.033,-0.386,-173.709,-0.259,-0.030
[17:51:15.552] imu_att:-0.030,-0.022,-0.388,-173.894,-0.262,-0.055
[17:51:15.597] imu_att:0.031,-0.072,-0.389,-173.589,-0.045,-0.071
[17:51:15.633] imu_att:-0.013,-0.035,-0.391,-173.744,-0.209,-0.089
[17:51:15.668] imu_att:0.020,-0.025,-0.392,-174.101,-0.269,-0.055
[17:51:15.716] imu_att:0.012,0.045,-0.393,-172.903,0.409,-0.042
[17:51:15.752] imu_att:-0.044,0.091,-0.394,-173.679,0.007,0.009
[17:51:15.798] imu_att:-0.027,0.043,-0.392,-173.450,0.119,0.010
[17:51:15.834] imu_att:-0.004,0.019,-0.395,-173.289,0.095,0.000
[17:51:15.870] imu_att:-0.009,-0.009,-0.396,-173.322,0.092,-0.002
[17:51:15.917] imu_att:-0.024,-0.013,-0.397,-172.849,0.465,0.028
[17:51:15.953] imu_att:-0.031,-0.009,-0.396,-173.133,0.380,0.091
[17:51:15.989] imu_att:-0.026,0.015,-0.396,-173.096,0.408,0.143
[17:51:16.034] imu_att:-0.028,0.009,-0.398,-173.161,0.231,0.144
[17:51:16.070] imu_att:-0.011,-0.010,-0.398,-173.891,-0.503,0.033
[17:51:16.117] imu_att:-0.017,0.008,-0.397,-173.927,-0.156,0.049
[17:51:16.153] imu_att:-0.018,-0.001,-0.395,-173.767,-0.231,0.005
[17:51:16.188] imu_att:-0.015,0.010,-0.396,-173.790,-0.277,-0.041
[17:51:16.236] imu_att:-0.015,0.004,-0.396,-174.940,-0.754,-0.069
[17:51:16.271] imu_att:-0.024,0.005,-0.396,-173.573,-0.457,-0.185
[17:51:16.319] imu_att:-0.009,0.018,-0.397,-173.511,0.043,-0.146
[17:51:16.354] imu_att:-0.017,0.004,-0.396,-173.152,0.217,-0.113
[17:51:16.390] imu_att:-0.019,0.006,-0.399,-173.280,0.179,-0.074
[17:51:16.435] imu_att:-0.030,0.009,-0.402,-173.768,0.019,-0.051
[17:51:16.471] imu_att:-0.013,-0.001,-0.402,-173.161,0.187,-0.034
[17:51:16.520] imu_att:-0.029,-0.008,-0.400,-173.483,0.009,0.014
[17:51:16.555] imu_att:-0.028,-0.012,-0.400,-173.043,0.250,0.023
[17:51:16.591] imu_att:-0.030,0.001,-0.401,-174.074,-0.300,0.013
[17:51:16.637] imu_att:-0.016,0.009,-0.400,-173.213,0.185,-0.001
[17:51:16.673] imu_att:-0.016,0.016,-0.399,-173.648,-0.013,0.027
[17:51:16.720] imu_att:-0.051,0.007,-0.399,-172.888,0.480,0.069
[17:51:16.756] imu_att:-0.032,-0.014,-0.400,-173.297,0.233,0.106
[17:51:16.791] imu_att:-0.012,-0.008,-0.400,-173.931,-0.411,0.040
[17:51:16.837] imu_att:-0.019,0.019,-0.401,-173.544,-0.031,-0.026
[17:51:16.872] imu_att:-0.030,0.008,-0.402,-173.714,-0.061,-0.006
[17:51:16.909] imu_att:-0.021,0.004,-0.406,-173.353,0.153,0.010
[17:51:16.957] imu_att:-0.020,0.008,-0.405,-172.908,0.608,0.126
[17:51:16.992] imu_att:-0.015,0.009,-0.406,-173.441,0.104,0.139
[17:51:17.038] imu_att:-0.016,0.005,-0.408,-173.666,-0.003,0.149
[17:51:17.074] imu_att:-0.025,0.012,-0.406,-173.931,-0.322,0.100
[17:51:17.110] imu_att:-0.022,0.016,-0.406,-173.428,0.034,0.071
[17:51:17.157] imu_att:-0.023,0.007,-0.407,-173.644,-0.001,0.131
[17:51:17.192] imu_att:-0.023,-0.020,-0.407,-174.027,-0.545,0.028
[17:51:17.228] imu_att:-0.006,-0.017,-0.407,-174.389,-0.545,-0.006
[17:51:17.274] imu_att:-0.014,-0.004,-0.407,-173.484,0.447,0.076
[17:51:17.309] imu_att:-0.022,0.003,-0.406,-173.424,0.056,0.080
[17:51:17.358] imu_att:-0.027,0.001,-0.408,-173.920,-0.224,0.083
[17:51:17.394] imu_att:-0.017,-0.003,-0.407,-174.176,-0.641,-0.022
[17:51:17.430] imu_att:-0.024,-0.001,-0.406,-173.776,-0.316,-0.096
[17:51:17.475] imu_att:-0.014,0.002,-0.408,-173.259,0.243,-0.049
[17:51:17.511] imu_att:-0.017,0.004,-0.410,-173.193,0.116,-0.041
[17:51:17.548] imu_att:-0.012,0.005,-0.413,-174.074,-0.370,-0.048
[17:51:17.594] imu_att:-0.003,0.000,-0.414,-173.290,0.158,-0.056
[17:51:17.629] imu_att:-0.017,0.006,-0.412,-173.851,-0.142,-0.024
[17:51:17.677] imu_att:-0.018,0.011,-0.411,-173.759,-0.247,-0.066
[17:51:17.712] imu_att:-0.023,0.001,-0.411,-174.148,-0.346,-0.078
[17:51:17.750] imu_att:-0.010,-0.009,-0.415,-173.399,0.028,-0.090
[17:51:17.795] imu_att:-0.052,0.102,-0.402,-173.447,0.212,-0.017
[17:51:17.831] imu_att:-0.062,-0.162,-0.409,-173.838,-0.296,-0.041
[17:51:17.877] imu_att:-0.099,0.153,-0.418,-174.167,-0.133,0.033
[17:51:17.914] imu_att:-0.062,0.117,-0.417,-172.762,0.511,0.054
[17:51:17.950] imu_att:0.005,0.028,-0.419,-173.270,0.253,0.100
[17:51:17.995] imu_att:0.029,0.003,-0.420,-173.670,0.023,0.121
[17:51:18.031] imu_att:0.010,0.010,-0.420,-174.244,-0.701,0.009
[17:51:18.078] imu_att:-0.038,0.016,-0.421,-173.443,-0.049,-0.064
[17:51:18.116] imu_att:-0.022,-0.011,-0.420,-174.463,-0.719,-0.112
[17:51:18.151] imu_att:-0.028,-0.005,-0.419,-173.719,-0.277,-0.159
[17:51:18.197] imu_att:-0.035,0.005,-0.418,-173.663,0.061,-0.115
[17:51:18.232] imu_att:-0.012,0.018,-0.420,-173.281,0.230,-0.065
[17:51:18.278] imu_att:-0.001,0.020,-0.423,-173.567,-0.055,-0.042
[17:51:18.316] imu_att:0.010,0.022,-0.421,-174.042,-0.456,-0.077
[17:51:18.351] imu_att:-0.065,-0.104,-0.422,-173.664,-0.218,-0.108
[17:51:18.398] imu_att:-0.042,-0.141,-0.421,-174.348,-0.696,-0.149
[17:51:18.434] imu_att:-0.022,0.010,-0.425,-173.506,-0.003,-0.169
[17:51:18.469] imu_att:-0.018,0.084,-0.427,-173.387,0.157,-0.124
[17:51:18.517] imu_att:0.001,0.069,-0.426,-173.416,0.312,0.000
[17:51:18.553] imu_att:0.433,0.265,-0.409,-173.909,-0.309,-0.003
[17:51:18.588] imu_att:0.432,0.002,-0.399,-173.694,-0.143,-0.012
[17:51:18.634] imu_att:0.082,0.143,-0.395,-173.249,0.272,0.039
[17:51:18.669] imu_att:0.064,0.269,-0.396,-173.363,0.102,0.045
[17:51:18.717] imu_att:0.092,-0.636,-0.392,-174.552,-0.590,0.012
[17:51:18.753] imu_att:0.063,-1.340,-0.361,-176.026,-2.468,-0.275
[17:51:18.788] imu_att:0.040,-1.057,-0.342,-174.591,-1.358,-0.498
[17:51:18.835] imu_att:0.022,0.487,-0.314,-173.976,-0.484,-0.531
[17:51:18.871] imu_att:-0.168,0.687,-0.298,-172.746,0.642,-0.384
[17:51:18.918] imu_att:-0.085,1.248,-0.307,-171.728,1.306,-0.156
[17:51:18.954] imu_att:-0.236,-0.075,-0.288,-173.854,0.090,0.020
[17:51:18.990] imu_att:-0.118,-0.520,-0.296,-174.501,-1.049,-0.130
[17:51:19.035] imu_att:-0.144,1.560,-0.316,-170.785,1.680,-0.068
[17:51:19.071] imu_att:-0.249,0.149,-0.314,-173.097,0.702,0.160
[17:51:19.120] imu_att:-0.225,-2.675,-0.277,-178.175,-4.595,-0.299
[17:51:19.155] imu_att:-0.272,0.111,-0.284,-173.347,-0.776,-0.650
[17:51:19.191] imu_att:-0.629,0.209,-0.356,-173.128,0.547,-0.546
[17:51:19.237] imu_att:-0.707,-2.304,-0.359,-177.011,-2.962,-0.756
[17:51:19.272] imu_att:-0.271,-2.675,-0.363,-177.568,-4.232,-1.284
[17:51:19.308] imu_att:-0.117,-1.959,-0.329,-176.681,-3.564,-1.700
[17:51:19.355] imu_att:-0.359,0.122,-0.305,-173.901,-0.584,-1.715
[17:51:19.391] imu_att:0.169,1.396,-0.305,-171.363,1.867,-1.302
[17:51:19.438] imu_att:0.132,0.764,-0.310,-172.273,1.264,-0.699
[17:51:19.474] imu_att:0.219,0.342,-0.316,-173.498,0.431,-0.417
[17:51:19.509] imu_att:0.039,-0.335,-0.314,-174.625,-0.783,-0.390
[17:51:19.557] imu_att:0.020,-0.229,-0.310,-174.256,-0.681,-0.426
[17:51:19.592] imu_att:0.149,-0.061,-0.306,-173.066,0.134,-0.409
[17:51:19.638] imu_att:0.041,0.136,-0.304,-173.322,0.132,-0.341
[17:51:19.673] imu_att:0.005,0.243,-0.304,-172.832,0.608,-0.216
[17:51:19.709] imu_att:-0.026,-0.031,-0.301,-173.933,-0.365,-0.201
[17:51:19.758] imu_att:0.014,-0.123,-0.299,-173.743,-0.242,-0.227
[17:51:19.794] imu_att:-0.029,0.053,-0.299,-173.516,0.032,-0.189
[17:51:19.830] imu_att:-0.040,-0.046,-0.302,-174.260,-0.450,-0.167
[17:51:19.875] imu_att:-0.019,-0.015,-0.303,-173.481,0.014,-0.215
[17:51:19.911] imu_att:-0.023,-0.025,-0.304,-173.624,-0.101,-0.193
[17:51:19.948] imu_att:-0.021,-0.018,-0.305,-173.295,0.133,-0.163
[17:51:19.994] imu_att:0.067,0.093,-0.300,-173.465,0.112,-0.090
[17:51:20.029] imu_att:0.109,0.051,-0.299,-174.226,-0.596,-0.132
[17:51:20.077] imu_att:0.045,-0.041,-0.298,-173.988,-0.669,-0.262
[17:51:20.112] imu_att:-0.037,0.000,-0.300,-173.408,-0.082,-0.273
[17:51:20.150] imu_att:-0.090,0.063,-0.301,-173.956,-0.293,-0.241
[17:51:20.195] imu_att:-0.081,0.024,-0.304,-173.742,-0.057,-0.211
[17:51:20.231] imu_att:-0.084,-0.034,-0.302,-173.616,-0.126,-0.192
[17:51:20.278] imu_att:-0.079,-0.034,-0.302,-173.474,-0.038,-0.180
[17:51:20.315] imu_att:-0.029,-0.026,-0.302,-173.461,-0.084,-0.189
[17:51:20.351] imu_att:-0.019,-0.035,-0.301,-173.962,-0.665,-0.273
[17:51:20.397] imu_att:-0.002,-0.019,-0.304,-174.023,-0.510,-0.330
[17:51:20.432] imu_att:0.017,-0.003,-0.303,-173.750,-0.330,-0.352
[17:51:20.468] imu_att:-0.009,-0.017,-0.304,-174.117,-0.595,-0.384
[17:51:20.517] imu_att:-0.010,-0.058,-0.306,-174.309,-0.725,-0.466
[17:51:20.553] imu_att:0.013,-0.061,-0.305,-172.760,0.363,-0.428
[17:51:20.598] imu_att:-0.029,-0.378,-0.310,-174.206,-0.613,-0.430
[17:51:20.634] imu_att:-0.072,-0.015,-0.316,-174.006,-0.413,-0.428
[17:51:20.670] imu_att:0.036,0.857,-0.320,-172.812,0.369,-0.377
[17:51:20.717] imu_att:-0.094,0.678,-0.328,-171.979,1.522,-0.018
[17:51:20.753] imu_att:-0.009,-0.834,-0.336,-176.044,-1.697,-0.060
[17:51:20.788] imu_att:-0.029,-1.164,-0.338,-176.129,-2.284,-0.365
[17:51:20.836] imu_att:0.055,0.076,-0.342,-173.497,-0.481,-0.605
[17:51:20.871] imu_att:0.027,0.728,-0.339,-172.827,0.509,-0.485
[17:51:20.919] imu_att:-0.155,-0.246,-0.313,-174.172,-0.367,-0.314
[17:51:20.954] imu_att:0.086,-0.200,-0.312,-173.271,0.324,-0.208
[17:51:20.990] imu_att:0.190,0.534,-0.268,-172.846,0.379,-0.127
[17:51:21.035] imu_att:0.409,0.633,-0.245,-173.453,0.204,0.019
[17:51:21.071] imu_att:0.252,0.879,-0.235,-173.838,0.088,0.082
[17:51:21.119] imu_att:2.258,1.452,-0.190,-175.831,-2.005,-0.188
[17:51:21.154] imu_att:3.670,0.995,-0.178,-178.026,-4.377,-0.706
[17:51:21.190] imu_att:5.580,0.501,-0.221,178.304,-7.858,-1.294
[17:51:21.235] imu_att:7.427,0.956,-0.251,177.854,-8.709,-1.992
[17:51:21.271] imu_att:8.234,0.959,-0.234,176.073,-10.273,-2.525
[17:51:21.320] imu_att:9.080,0.535,-0.179,172.790,-13.196,-3.204
[17:51:21.356] imu_att:10.835,0.210,-0.168,170.940,-15.427,-3.747
[17:51:21.391] imu_att:12.885,0.286,-0.183,169.625,-16.539,-4.317
[17:51:21.437] imu_att:14.118,0.728,-0.206,170.261,-16.363,-5.083
[17:51:21.472] imu_att:14.532,1.149,-0.199,169.569,-16.978,-5.636
[17:51:21.508] imu_att:15.438,1.286,-0.167,168.428,-18.065,-6.165
[17:51:21.557] imu_att:16.524,1.148,-0.128,167.156,-19.313,-6.878
[17:51:21.592] imu_att:17.275,0.820,-0.129,165.785,-20.182,-7.382
[17:51:21.638] imu_att:17.909,0.536,-0.181,165.904,-20.483,-8.191
[17:51:21.674] imu_att:18.566,0.523,-0.233,165.983,-20.555,-8.813
[17:51:21.709] imu_att:18.803,0.346,-0.204,166.709,-19.937,-9.356
[17:51:21.757] imu_att:16.942,0.204,-0.176,167.358,-19.368,-10.094
[17:51:21.792] imu_att:15.174,0.849,-0.155,168.979,-18.029,-10.649
[17:51:21.830] imu_att:13.975,0.951,-0.154,169.852,-16.869,-11.226
[17:51:21.875] imu_att:12.858,0.519,-0.171,171.227,-15.621,-11.953
[17:51:21.911] imu_att:11.073,0.655,-0.165,172.470,-14.097,-12.395
[17:51:21.949] imu_att:8.889,1.227,-0.173,174.980,-11.650,-12.439
[17:51:21.994] imu_att:7.379,1.086,-0.173,177.230,-10.060,-12.167
[17:51:22.030] imu_att:6.299,0.663,-0.163,178.491,-8.202,-11.663
[17:51:22.077] imu_att:3.957,0.265,-0.107,-179.798,-6.473,-10.935
[17:51:22.114] imu_att:2.390,-0.008,-0.074,-177.765,-4.202,-10.397
[17:51:22.150] imu_att:1.028,0.222,-0.051,-174.872,-1.789,-9.866
[17:51:22.195] imu_att:0.702,0.753,-0.036,-174.670,-0.298,-9.228
[17:51:22.231] imu_att:0.935,0.636,-0.008,-174.077,-0.548,-8.689
[17:51:22.277] imu_att:0.974,-0.208,0.047,-174.109,-0.653,-7.949
[17:51:22.314] imu_att:0.204,-0.023,0.119,-173.830,-0.242,-7.361
[17:51:22.350] imu_att:0.379,-0.073,0.150,-173.162,0.273,-6.813
[17:51:22.397] imu_att:-0.097,-0.140,0.141,-173.299,0.407,-6.128
[17:51:22.433] imu_att:0.010,-0.409,0.103,-173.635,-0.112,-5.702
[17:51:22.478] imu_att:-0.032,0.020,0.035,-173.537,-0.130,-5.072
[17:51:22.516] imu_att:0.322,0.595,0.033,-172.896,0.701,-4.548
[17:51:22.551] imu_att:0.461,0.440,0.067,-172.565,0.701,-3.986
[17:51:22.597] imu_att:-0.344,-0.094,0.056,-172.960,0.529,-3.291
[17:51:22.632] imu_att:-0.156,-0.686,0.064,-174.616,-1.170,-2.874
[17:51:22.678] imu_att:-0.018,-0.174,0.068,-173.511,0.051,-2.332
[17:51:22.715] imu_att:0.002,0.142,0.069,-173.604,0.013,-1.924
[17:51:22.751] imu_att:0.017,0.169,0.068,-172.982,0.489,-1.543
[17:51:22.796] imu_att:0.032,0.072,0.068,-172.829,0.708,-1.103
[17:51:22.832] imu_att:0.022,0.017,0.068,-172.550,0.772,-0.827
[17:51:22.878] imu_att:0.014,0.024,0.069,-173.180,0.521,-0.498
[17:51:22.915] imu_att:0.025,0.046,0.068,-173.146,0.384,-0.346
[17:51:22.950] imu_att:0.009,0.066,0.061,-173.697,-0.084,-0.283
[17:51:22.997] imu_att:0.065,0.655,0.051,-172.279,0.887,-0.128
[17:51:23.033] imu_att:-0.003,0.594,0.050,-172.840,0.997,0.083
[17:51:23.079] imu_att:0.055,-0.830,0.050,-174.488,-0.453,0.151
[17:51:23.116] imu_att:0.060,-0.911,0.060,-174.414,-1.108,-0.047
[17:51:23.151] imu_att:0.010,-0.238,0.057,-174.505,-1.175,-0.260
[17:51:23.197] imu_att:-0.069,0.150,0.073,-173.399,0.441,-0.131
[17:51:23.233] imu_att:-0.246,-2.055,0.061,-176.573,-2.236,-0.286
[17:51:23.269] imu_att:0.128,0.052,0.076,-172.843,-0.265,-0.429
[17:51:23.316] imu_att:-0.141,0.578,0.077,-172.177,1.432,-0.115
[17:51:23.352] imu_att:-0.121,0.527,0.060,-172.569,0.936,0.043
[17:51:23.397] imu_att:-0.151,0.314,0.033,-172.298,1.410,0.326
[17:51:23.433] imu_att:0.222,0.268,0.033,-172.482,1.136,0.484
[17:51:23.468] imu_att:-0.170,0.385,0.036,-172.039,1.434,0.634
[17:51:23.516] imu_att:0.155,0.815,0.060,-170.267,2.916,0.967
[17:51:23.551] imu_att:-0.181,0.730,0.056,-168.871,4.259,1.386
[17:51:23.597] imu_att:-1.482,-0.096,0.077,-165.967,6.729,2.082
[17:51:23.632] imu_att:-3.382,0.182,0.089,-160.304,12.138,2.644
[17:51:23.668] imu_att:-4.165,0.030,0.065,-156.047,16.682,3.172
[17:51:23.715] imu_att:-7.411,0.535,0.077,-148.087,24.419,3.923
[17:51:23.751] imu_att:-9.285,0.471,0.086,-142.068,30.071,4.427
[17:51:23.798] imu_att:-12.491,0.620,0.101,-135.361,37.016,5.186
[17:51:23.833] imu_att:-14.945,0.363,0.092,-127.918,44.478,5.738
[17:51:23.869] imu_att:-17.588,0.396,0.092,-122.368,50.186,6.300
[17:51:23.917] imu_att:-20.709,0.752,0.116,-115.786,56.835,7.077
[17:51:23.953] imu_att:-22.615,0.587,0.180,-111.807,60.433,7.708
[17:51:23.998] imu_att:-23.830,0.612,0.184,-109.595,63.767,8.406
[17:51:24.034] imu_att:-25.736,-0.069,0.153,-106.594,67.328,8.946
[17:51:24.069] imu_att:-26.144,0.180,0.147,-104.938,68.248,9.512
[17:51:24.117] imu_att:-24.687,0.495,0.156,-108.137,65.970,10.287
[17:51:24.152] imu_att:-23.830,0.401,0.136,-109.846,64.080,10.843
[17:51:24.188] imu_att:-22.468,0.471,0.107,-112.357,61.968,11.392
[17:51:24.235] imu_att:-20.618,0.528,0.085,-116.584,58.122,12.079
[17:51:24.271] imu_att:-18.683,0.498,0.058,-120.207,53.782,12.634
[17:51:24.318] imu_att:-15.803,0.275,0.013,-127.721,47.058,13.368
[17:51:24.354] imu_att:-13.291,0.309,-0.026,-134.860,41.101,13.915
[17:51:24.390] imu_att:-11.942,0.225,-0.049,-136.937,37.082,14.480
[17:51:24.437] imu_att:-8.556,0.346,-0.011,-146.234,28.481,15.305
[17:51:24.472] imu_att:-7.335,-0.151,0.027,-152.586,22.650,15.869
[17:51:24.520] imu_att:-4.379,-0.036,-0.167,-163.078,12.503,15.964
[17:51:24.556] imu_att:-1.764,1.030,-0.191,-167.184,7.752,15.452
[17:51:24.591] imu_att:0.198,1.095,-0.229,-169.822,4.197,14.923
[17:51:24.637] imu_att:2.577,1.067,-0.315,-170.847,2.918,14.181
[17:51:24.672] imu_att:-0.102,1.489,-0.312,-168.812,4.194,13.690
[17:51:24.708] imu_att:-1.784,0.610,-0.289,-169.153,4.505,13.217
[17:51:24.757] imu_att:-1.485,0.505,-0.314,-170.556,2.824,12.528
[17:51:24.791] imu_att:2.253,-0.163,-0.313,-173.805,0.423,12.085
[17:51:24.838] imu_att:1.548,1.006,-0.268,-172.402,1.042,11.461
[17:51:24.874] imu_att:0.583,0.406,-0.223,-173.148,0.603,11.002
[17:51:24.909] imu_att:0.308,0.072,-0.154,-173.169,0.483,10.566
[17:51:24.957] imu_att:-0.424,-0.934,-0.162,-175.537,-1.984,9.882
[17:51:24.992] imu_att:-0.188,-0.214,-0.163,-173.106,0.007,9.371
[17:51:25.038] imu_att:-0.059,0.003,-0.159,-174.100,-0.331,8.750
[17:51:25.073] imu_att:-0.049,0.128,-0.159,-172.690,0.376,8.237
[17:51:25.109] imu_att:-0.017,0.046,-0.160,-172.802,0.574,7.721
[17:51:25.157] imu_att:-0.006,0.029,-0.161,-172.480,0.867,7.031
[17:51:25.192] imu_att:-0.015,0.053,-0.160,-173.487,0.157,6.513
[17:51:25.228] imu_att:-0.006,0.045,-0.160,-173.397,0.156,5.991
[17:51:25.275] imu_att:0.003,0.050,-0.163,-172.726,0.717,5.350
[17:51:25.310] imu_att:-0.054,0.054,-0.164,-173.815,-0.137,4.825
[17:51:25.358] imu_att:0.013,0.003,-0.165,-172.557,0.892,4.121
[17:51:25.393] imu_att:0.002,0.058,-0.166,-172.755,0.760,3.594
[17:51:25.429] imu_att:-0.023,0.355,-0.172,-172.387,1.210,3.176
[17:51:25.475] imu_att:-0.006,-0.035,-0.183,-173.390,0.277,2.646
[17:51:25.510] imu_att:-0.015,-0.270,-0.183,-174.142,-0.432,2.185
[17:51:25.558] imu_att:0.023,-0.050,-0.175,-172.695,0.671,1.831
[17:51:25.593] imu_att:-0.153,-0.158,-0.184,-173.933,-0.227,1.544
[17:51:25.629] imu_att:-0.110,-0.430,-0.195,-173.616,-0.067,1.276
[17:51:25.674] imu_att:0.300,0.396,-0.154,-173.002,0.618,1.104
[17:51:25.710] imu_att:0.007,0.608,-0.147,-171.801,1.074,1.020
[17:51:25.759] imu_att:0.093,-0.615,-0.087,-173.590,-0.028,0.935
[17:51:25.794] imu_att:-0.030,0.058,-0.090,-171.248,1.394,0.840
[17:51:25.830] imu_att:-0.987,1.956,-0.192,-168.873,3.998,1.083
[17:51:25.876] imu_att:0.564,4.145,-0.225,-166.572,6.550,1.716
[17:51:25.911] imu_att:0.021,5.502,-0.261,-164.783,8.239,2.225
[17:51:25.948] imu_att:-0.107,8.076,-0.374,-162.989,9.997,2.721
[17:51:25.994] imu_att:0.900,10.772,-0.397,-161.053,12.017,3.371
[17:51:26.030] imu_att:0.110,12.350,-0.428,-160.309,12.861,3.891
[17:51:26.076] imu_att:-0.031,14.391,-0.547,-159.928,13.295,4.449
[17:51:26.111] imu_att:0.789,16.642,-0.567,-159.903,13.512,4.984
[17:51:26.149] imu_att:0.670,18.893,-0.522,-159.348,14.054,5.649
[17:51:26.194] imu_att:0.498,20.194,-0.446,-159.507,13.926,6.409
[17:51:26.230] imu_att:0.560,21.097,-0.383,-159.339,14.309,7.034
[17:51:26.277] imu_att:0.446,22.414,-0.252,-159.063,14.219,7.916
[17:51:26.314] imu_att:0.195,22.997,-0.170,-159.374,14.227,8.564
[17:51:26.350] imu_att:0.218,23.315,-0.110,-158.788,14.359,9.191
[17:51:26.396] imu_att:-0.058,23.505,-0.081,-158.508,14.952,9.916
[17:51:26.431] imu_att:-0.106,23.337,-0.094,-158.724,15.002,10.474
[17:51:26.477] imu_att:0.086,22.569,-0.130,-158.755,14.854,11.203
[17:51:26.514] imu_att:0.361,21.196,-0.125,-159.109,14.398,11.762
[17:51:26.550] imu_att:0.074,20.378,-0.146,-159.178,14.381,12.225
[17:51:26.597] imu_att:-0.120,19.298,-0.216,-158.601,14.964,12.797
[17:51:26.633] imu_att:0.315,17.780,-0.251,-159.181,14.469,13.123
[17:51:26.668] imu_att:0.016,16.418,-0.302,-158.618,14.811,13.375
[17:51:26.716] imu_att:0.169,14.314,-0.375,-159.579,14.002,13.558
[17:51:26.751] imu_att:0.173,12.973,-0.422,-160.469,13.317,13.567
[17:51:26.799] imu_att:0.033,11.558,-0.514,-160.599,12.985,13.459
[17:51:26.834] imu_att:0.011,10.541,-0.602,-161.604,12.205,13.272
[17:51:26.870] imu_att:0.322,9.213,-0.660,-162.294,11.588,13.052
[17:51:26.918] imu_att:0.345,7.751,-0.681,-162.809,10.688,12.646
[17:51:26.953] imu_att:0.224,6.702,-0.706,-163.932,9.867,12.263
[17:51:26.989] imu_att:-0.078,5.652,-0.746,-164.378,9.315,11.806
[17:51:27.034] imu_att:0.301,4.772,-0.769,-165.579,8.062,11.173
[17:51:27.070] imu_att:0.002,3.742,-0.805,-166.846,6.973,10.630
[17:51:27.117] imu_att:0.165,2.824,-0.835,-169.422,4.837,9.921
[17:51:27.153] imu_att:0.207,2.091,-0.842,-169.439,4.141,9.403
[17:51:27.189] imu_att:0.445,1.714,-0.826,-170.878,2.933,8.906
[17:51:27.234] imu_att:-0.509,2.121,-0.865,-169.122,3.953,8.236
[17:51:27.270] imu_att:-0.024,1.886,-0.907,-170.104,3.513,7.678
[17:51:27.317] imu_att:0.106,1.365,-0.919,-170.922,2.597,6.974
[17:51:27.353] imu_att:-0.030,0.835,-0.948,-172.381,1.319,6.423
[17:51:27.388] imu_att:0.059,0.581,-0.964,-172.918,0.711,5.884
[17:51:27.434] imu_att:1.035,0.365,-0.850,-174.063,-0.275,5.356
[17:51:27.469] imu_att:-0.399,0.371,-0.818,-173.667,-0.195,4.861
[17:51:27.518] imu_att:-0.310,0.874,-0.810,-172.772,0.630,4.164
[17:51:27.554] imu_att:-0.042,0.458,-0.796,-173.585,0.048,3.647
[17:51:27.589] imu_att:0.236,0.574,-0.762,-173.743,-0.264,3.148
[17:51:27.635] imu_att:-0.168,0.569,-0.785,-173.590,0.017,2.505
[17:51:27.671] imu_att:-0.402,0.561,-0.797,-172.918,0.554,2.149
[17:51:27.718] imu_att:-0.096,0.009,-0.807,-173.638,-0.185,1.697
[17:51:27.754] imu_att:-0.009,-0.384,-0.812,-174.146,-0.468,1.350
[17:51:27.790] imu_att:0.073,-0.563,-0.822,-175.029,-1.516,0.929
[17:51:27.835] imu_att:-0.048,0.086,-0.823,-173.988,-0.719,0.507
[17:51:27.871] imu_att:0.043,0.227,-0.811,-173.860,-0.488,0.315
[17:51:27.918] imu_att:0.063,-0.624,-0.780,-175.709,-1.841,0.102
[17:51:27.954] imu_att:-0.272,0.649,-0.798,-173.317,-0.392,-0.142
[17:51:27.989] imu_att:-0.213,0.820,-0.772,-172.366,0.739,-0.057
[17:51:28.037] imu_att:-0.257,-0.384,-0.679,-173.272,0.090,0.096
[17:51:28.072] imu_att:0.017,-0.066,-0.590,-173.280,-0.229,0.083
[17:51:28.120] imu_att:0.891,-1.424,-0.829,-176.017,-1.737,-0.340
[17:51:28.155] imu_att:0.832,-4.325,-1.168,179.336,-5.903,-1.159
[17:51:28.191] imu_att:0.198,-6.734,-1.465,174.314,-11.110,-2.003
[17:51:28.236] imu_att:0.356,-8.289,-1.786,169.353,-16.226,-3.058
[17:51:28.272] imu_att:0.189,-10.298,-2.013,163.329,-21.533,-3.836
[17:51:28.310] imu_att:-0.002,-12.623,-2.098,152.551,-31.485,-4.475
[17:51:28.357] imu_att:-0.183,-17.026,-1.997,141.492,-41.709,-5.114
[17:51:28.393] imu_att:-0.259,-18.374,-2.026,135.254,-48.405,-5.701
[17:51:28.428] imu_att:-0.300,-18.664,-2.244,135.825,-50.797,-6.478
[17:51:28.476] imu_att:0.044,-18.933,-2.529,131.247,-54.819,-7.450
[17:51:28.511] imu_att:-0.304,-19.312,-2.558,129.141,-56.981,-8.042
[17:51:28.549] imu_att:-0.947,-19.076,-2.502,128.719,-57.405,-8.614
[17:51:28.594] imu_att:-0.949,-18.716,-2.416,129.287,-57.190,-9.221
[17:51:28.630] imu_att:-0.427,-19.250,-2.311,129.975,-56.261,-9.685
[17:51:28.677] imu_att:0.043,-18.942,-2.197,131.991,-55.387,-10.332
[17:51:28.715] imu_att:0.037,-18.737,-2.179,132.300,-54.998,-10.887
[17:51:28.751] imu_att:-0.021,-18.685,-2.167,135.468,-52.438,-11.451
[17:51:28.796] imu_att:0.311,-18.062,-2.159,135.991,-50.423,-12.212
[17:51:28.834] imu_att:0.099,-17.671,-2.193,138.273,-48.362,-12.825
[17:51:28.869] imu_att:-0.500,-16.891,-2.301,139.781,-47.003,-13.513
[17:51:28.917] imu_att:-0.369,-15.986,-2.356,143.382,-43.808,-14.345
[17:51:28.952] imu_att:0.465,-15.498,-2.393,148.169,-39.726,-14.967
[17:51:28.990] imu_att:0.338,-14.640,-2.435,148.065,-38.078,-15.596
[17:51:29.035] imu_att:0.219,-13.839,-2.379,152.094,-34.964,-16.259
[17:51:29.071] imu_att:0.204,-12.728,-2.315,155.194,-31.652,-16.785
[17:51:29.118] imu_att:0.329,-11.728,-2.326,159.413,-28.001,-17.586
[17:51:29.156] imu_att:0.450,-10.794,-2.425,161.730,-25.331,-18.280
[17:51:29.192] imu_att:0.404,-8.799,-2.582,167.686,-19.584,-18.887
[17:51:29.237] imu_att:0.059,-5.916,-2.738,173.964,-14.025,-18.673
[17:51:29.273] imu_att:-0.025,-4.022,-2.762,176.570,-10.131,-18.211
[17:51:29.308] imu_att:-0.094,-2.084,-2.698,-178.759,-6.346,-17.658
[17:51:29.358] imu_att:-0.040,-0.291,-2.512,-175.762,-2.752,-16.818
[17:51:29.393] imu_att:0.134,1.257,-2.522,-173.896,-0.782,-16.336
[17:51:29.429] imu_att:-0.343,-0.238,-2.409,-176.238,-2.159,-15.729
[17:51:29.474] imu_att:0.281,-0.605,-2.423,-176.731,-3.415,-15.138
[17:51:29.510] imu_att:-0.287,0.172,-2.419,-175.015,-2.077,-14.635
[17:51:29.548] imu_att:0.175,-0.019,-2.429,-175.466,-1.903,-14.090
[17:51:29.595] imu_att:0.227,-0.043,-2.438,-176.207,-2.812,-13.486
[17:51:29.630] imu_att:0.022,-0.124,-2.455,-177.016,-3.402,-12.999
[17:51:29.676] imu_att:0.194,0.021,-2.467,-175.861,-2.247,-12.337
[17:51:29.714] imu_att:0.093,-0.081,-2.478,-176.796,-3.103,-11.840
[17:51:29.749] imu_att:0.024,-0.177,-2.487,-176.840,-3.341,-11.340
[17:51:29.797] imu_att:0.087,-0.038,-2.483,-176.609,-3.069,-10.711
[17:51:29.832] imu_att:-0.273,-0.061,-2.483,-175.732,-2.265,-10.198
[17:51:29.878] imu_att:-0.079,-0.123,-2.487,-176.440,-2.650,-9.514
[17:51:29.915] imu_att:-0.121,-0.043,-2.486,-175.953,-2.622,-8.996
[17:51:29.951] imu_att:0.016,0.051,-2.485,-176.183,-2.766,-8.476
[17:51:29.998] imu_att:0.006,0.103,-2.483,-175.178,-1.930,-7.779
[17:51:30.034] imu_att:-0.020,0.102,-2.483,-175.750,-2.230,-7.256
[17:51:30.069] imu_att:-0.018,0.099,-2.485,-175.938,-2.361,-6.733
[17:51:30.117] imu_att:-0.006,0.009,-2.487,-176.068,-2.636,-6.032
[17:51:30.153] imu_att:-0.017,0.037,-2.488,-174.718,-1.259,-5.504
[17:51:30.188] imu_att:-0.031,0.045,-2.490,-176.493,-2.989,-5.052
[17:51:30.234] imu_att:0.040,-0.308,-2.487,-176.583,-2.944,-4.604
[17:51:30.269] imu_att:-0.070,-0.295,-2.496,-176.238,-2.957,-4.378
[17:51:30.318] imu_att:0.032,1.039,-2.497,-174.084,-0.986,-3.853
[17:51:30.354] imu_att:0.077,1.543,-2.474,-173.293,0.040,-3.293
[17:51:30.389] imu_att:0.579,0.569,-2.174,-173.376,0.000,-2.509
[17:51:30.435] imu_att:2.927,-0.328,-0.939,-175.649,-1.998,-1.131
[17:51:30.471] imu_att:0.577,0.808,0.449,-171.822,0.983,0.275
[17:51:30.518] imu_att:-2.407,1.888,2.199,-164.833,8.226,2.689
[17:51:30.554] imu_att:2.583,1.467,4.282,-166.516,7.393,5.291
[17:51:30.589] imu_att:4.216,1.730,6.907,-166.792,6.604,7.918
[17:51:30.635] imu_att:4.398,1.562,9.732,-168.714,5.520,10.146
[17:51:30.671] imu_att:6.924,-1.674,12.735,-173.116,1.375,12.609
[17:51:30.718] imu_att:4.539,0.521,17.106,-166.196,5.520,16.257
[17:51:30.754] imu_att:5.345,1.971,19.993,-159.299,12.012,18.600
[17:51:30.789] imu_att:5.793,1.107,22.909,-155.692,17.306,20.970
[17:51:30.835] imu_att:2.015,0.771,26.650,-151.811,21.130,24.053
[17:51:30.870] imu_att:-0.409,0.167,29.681,-140.336,32.249,27.526
[17:51:30.918] imu_att:-0.573,-0.945,33.935,-136.382,36.377,32.492
[17:51:30.955] imu_att:-0.605,-0.775,37.066,-134.778,38.118,36.093
[17:51:30.991] imu_att:2.114,-0.765,40.123,-137.935,35.789,38.921
[17:51:31.036] imu_att:1.544,-0.098,44.079,-136.071,37.244,42.149
[17:51:31.072] imu_att:2.446,0.759,47.380,-132.366,40.459,44.903
[17:51:31.120] imu_att:1.742,2.872,52.195,-119.620,52.105,49.561
[17:51:31.155] imu_att:-1.296,2.350,55.563,-112.010,60.118,53.402
[17:51:31.191] imu_att:-4.890,1.836,59.216,-99.658,71.671,57.590
[17:51:31.238] imu_att:-6.222,1.622,63.870,-91.949,81.044,62.958
[17:51:31.273] imu_att:-4.652,0.655,66.797,-91.614,82.252,66.422
[17:51:31.309] imu_att:-2.933,-0.240,69.809,-92.689,81.512,69.973
[17:51:31.357] imu_att:-3.147,2.867,73.189,-91.187,82.364,74.075
[17:51:31.392] imu_att:-2.054,5.363,75.495,-90.635,83.050,76.924
[17:51:31.438] imu_att:-0.518,4.497,77.786,-91.807,82.149,79.863
[17:51:31.473] imu_att:2.107,4.646,79.261,-95.042,79.183,81.303
[17:51:31.509] imu_att:2.295,3.791,80.423,-94.494,78.795,81.946
[17:51:31.556] imu_att:1.333,2.386,81.696,-91.005,81.846,82.763
[17:51:31.592] imu_att:0.392,1.370,82.642,-87.713,85.250,83.842
[17:51:31.627] imu_att:-0.122,1.291,83.657,-85.934,87.527,85.314
[17:51:31.675] imu_att:-0.911,1.126,84.818,-82.686,90.255,87.103
[17:51:31.710] imu_att:-0.489,1.794,85.644,-82.280,91.420,88.476
[17:51:31.758] imu_att:0.736,2.751,86.621,-83.095,90.740,89.960
[17:51:31.793] imu_att:1.750,2.851,87.246,-83.243,90.574,90.705
[17:51:31.829] imu_att:0.310,2.299,87.638,-81.179,91.993,91.175
[17:51:31.874] imu_att:0.343,2.272,88.045,-81.584,91.996,91.731
[17:51:31.910] imu_att:-0.486,2.256,88.199,-78.615,94.358,92.152
[17:51:31.958] imu_att:-0.985,2.154,88.276,-76.340,97.132,92.959
[17:51:31.993] imu_att:-0.591,1.388,88.291,-75.877,97.470,93.527
[17:51:32.029] imu_att:0.009,0.956,88.306,-76.745,96.985,94.096
[17:51:32.074] imu_att:0.404,1.230,88.302,-77.913,95.757,94.483
[17:51:32.110] imu_att:0.493,0.537,88.332,-78.263,95.554,94.745
[17:51:32.147] imu_att:0.371,0.952,88.315,-79.262,94.640,94.829
[17:51:32.194] imu_att:0.649,1.576,88.287,-80.856,93.424,94.748
[17:51:32.230] imu_att:1.186,1.287,88.342,-81.104,92.785,94.560
[17:51:32.276] imu_att:0.136,1.787,88.310,-79.520,92.930,94.025
[17:51:32.311] imu_att:0.134,1.925,88.291,-80.222,93.287,93.889
[17:51:32.349] imu_att:0.477,1.508,88.289,-80.874,92.497,93.655
[17:51:32.394] imu_att:0.878,1.519,88.333,-81.496,92.078,93.430
[17:51:32.430] imu_att:0.406,1.561,88.341,-80.292,92.843,93.260
[17:51:32.475] imu_att:0.554,1.344,88.353,-81.274,92.007,93.026
[17:51:32.511] imu_att:0.646,2.284,88.365,-82.677,91.175,92.805
[17:51:32.549] imu_att:0.760,2.471,88.393,-82.480,91.081,92.545
[17:51:32.594] imu_att:0.712,2.683,88.414,-82.750,90.774,92.230
[17:51:32.630] imu_att:0.719,2.640,88.483,-81.785,91.769,92.193
[17:51:32.675] imu_att:0.516,2.869,88.605,-81.095,92.205,92.222
[17:51:32.711] imu_att:0.514,2.454,88.651,-79.708,93.395,92.375
[17:51:32.748] imu_att:0.389,1.531,88.667,-77.996,95.290,92.820
[17:51:32.794] imu_att:0.318,1.620,88.643,-77.021,96.520,93.466
[17:51:32.829] imu_att:0.412,0.841,88.645,-76.078,97.364,94.021
[17:51:32.877] imu_att:0.245,-0.604,88.673,-73.140,100.152,94.788
[17:51:32.914] imu_att:0.441,-0.310,88.741,-73.915,99.769,95.413
[17:51:32.950] imu_att:0.418,0.284,88.817,-73.835,99.806,96.048
[17:51:32.995] imu_att:0.939,0.360,89.035,-73.972,99.615,96.941
[17:51:33.031] imu_att:0.221,1.141,89.246,-71.906,101.064,97.709
[17:51:33.077] imu_att:0.601,1.474,89.551,-74.209,99.485,98.501
[17:51:33.114] imu_att:-0.167,1.238,89.677,-71.983,101.161,98.964
[17:51:33.150] imu_att:0.085,1.082,89.756,-72.468,101.298,99.466
[17:51:33.195] imu_att:-0.072,0.827,89.851,-71.053,102.288,100.094
[17:51:33.231] imu_att:0.130,0.341,89.904,-70.964,102.422,100.501
[17:51:33.278] imu_att:0.064,0.582,90.006,-71.829,101.621,100.929
[17:51:33.316] imu_att:0.036,1.016,90.000,-71.586,101.997,101.126
[17:51:33.351] imu_att:0.091,0.999,89.963,-71.304,101.980,101.242
[17:51:33.397] imu_att:0.225,0.742,89.902,-71.017,102.273,101.326
[17:51:33.432] imu_att:0.417,0.400,89.880,-71.627,102.004,101.476
[17:51:33.468] imu_att:0.122,0.143,89.837,-69.907,103.316,101.652
[17:51:33.517] imu_att:0.561,0.176,89.822,-71.223,102.536,101.946
[17:51:33.553] imu_att:0.422,0.819,89.819,-70.688,102.327,101.961
[17:51:33.588] imu_att:0.411,1.020,89.817,-71.882,101.986,102.073
[17:51:33.634] imu_att:0.334,1.065,89.819,-71.645,101.865,102.046
[17:51:33.670] imu_att:0.422,0.888,89.822,-72.785,101.076,102.008
[17:51:33.717] imu_att:0.283,0.978,89.807,-71.734,102.269,102.010
[17:51:33.754] imu_att:0.273,0.582,89.801,-70.604,102.696,102.098
[17:51:33.790] imu_att:0.330,0.343,89.799,-71.423,102.150,102.161
[17:51:33.836] imu_att:0.293,0.487,89.802,-71.754,101.912,102.179
[17:51:33.871] imu_att:0.274,0.506,89.805,-71.489,101.909,102.153
[17:51:33.919] imu_att:0.305,1.051,89.801,-72.025,101.785,102.128
[17:51:33.954] imu_att:0.295,0.811,89.798,-71.450,101.655,102.032
[17:51:33.990] imu_att:0.316,0.772,89.797,-71.466,102.174,102.082
[17:51:34.037] imu_att:0.274,0.654,89.792,-71.811,101.803,102.072
[17:51:34.073] imu_att:0.236,0.603,89.784,-71.181,102.131,102.058
[17:51:34.108] imu_att:0.326,0.661,89.783,-71.306,101.969,102.030
[17:51:34.156] imu_att:0.291,0.673,89.784,-71.207,102.164,102.010
[17:51:34.192] imu_att:0.286,0.751,89.787,-71.039,102.442,102.093
[17:51:34.238] imu_att:0.375,0.705,89.801,-71.684,101.839,102.055
[17:51:34.274] imu_att:0.286,0.717,89.804,-70.934,102.279,102.073
[17:51:34.310] imu_att:0.245,0.662,89.801,-70.827,102.649,102.178
[17:51:34.358] imu_att:0.300,0.717,89.796,-71.578,101.798,102.180
[17:51:34.393] imu_att:0.304,0.670,89.795,-71.577,101.927,102.160
[17:51:34.429] imu_att:0.309,0.666,89.797,-71.222,102.190,102.168
[17:51:34.474] imu_att:0.284,0.777,89.800,-70.926,102.578,102.273
[17:51:34.510] imu_att:0.293,0.789,89.797,-70.256,103.054,102.393
[17:51:34.549] imu_att:0.323,0.678,89.793,-71.744,101.405,102.213
[17:51:34.595] imu_att:0.310,0.711,89.793,-71.474,101.980,102.140
[17:51:34.630] imu_att:0.319,0.666,89.795,-70.920,102.538,102.200
[17:51:34.676] imu_att:0.249,0.704,89.794,-71.684,101.793,102.166
[17:51:34.711] imu_att:0.382,0.595,89.792,-71.340,102.181,102.184
[17:51:34.749] imu_att:0.367,0.699,89.793,-71.247,102.367,102.265
[17:51:34.796] imu_att:0.267,0.710,89.776,-72.106,101.381,102.133
[17:51:34.832] imu_att:0.178,0.370,89.755,-72.531,101.468,102.057
[17:51:34.877] imu_att:-0.048,0.590,89.681,-70.775,102.509,101.972
[17:51:34.915] imu_att:-0.023,0.846,89.558,-72.218,102.000,102.021
[17:51:34.951] imu_att:0.493,0.860,89.344,-72.446,100.911,101.690
[17:51:34.996] imu_att:0.539,1.239,88.822,-74.609,98.992,100.817
[17:51:35.033] imu_att:-0.815,1.444,88.090,-72.369,100.689,100.020
[17:51:35.069] imu_att:-1.770,1.370,87.001,-72.752,100.604,99.126
[17:51:35.117] imu_att:-1.340,1.614,84.920,-74.820,99.234,97.501
[17:51:35.152] imu_att:-1.420,2.095,83.042,-77.016,96.477,95.726
[17:51:35.198] imu_att:-1.178,2.211,80.306,-77.972,95.916,93.508
[17:51:35.233] imu_att:-3.945,2.265,77.683,-77.278,96.277,91.452
[17:51:35.269] imu_att:-4.990,1.316,74.858,-74.753,98.341,89.200
[17:51:35.317] imu_att:-0.945,-0.173,70.964,-85.035,90.032,86.073
[17:51:35.353] imu_att:-0.964,-0.588,67.959,-86.547,86.796,83.557
[17:51:35.389] imu_att:-0.188,-0.875,64.874,-92.523,82.112,80.875
[17:51:35.435] imu_att:-1.742,-0.391,61.552,-93.055,79.854,77.705
[17:51:35.470] imu_att:-1.634,-1.473,58.270,-95.739,79.330,74.989
[17:51:35.518] imu_att:0.029,-1.909,53.491,-104.816,69.551,70.381
[17:51:35.554] imu_att:1.843,-1.362,49.978,-111.795,62.787,66.408
[17:51:35.589] imu_att:1.979,-1.229,46.454,-115.853,58.044,62.383
[17:51:35.636] imu_att:0.604,-1.148,41.526,-118.797,56.151,57.027
[17:51:35.672] imu_att:1.854,-0.220,38.534,-122.507,51.693,53.724
[17:51:35.720] imu_att:0.023,-0.524,34.008,-124.628,49.411,48.983
[17:51:35.755] imu_att:-1.105,-2.455,30.833,-126.495,47.064,45.915
[17:51:35.791] imu_att:-1.721,-3.898,27.810,-131.760,44.233,43.291
[17:51:35.838] imu_att:0.078,-2.841,23.906,-136.823,37.826,39.157
[17:51:35.874] imu_att:-0.546,-2.483,21.026,-137.621,35.529,35.996
[17:51:35.909] imu_att:-0.735,-1.490,18.455,-140.210,33.369,33.341
[17:51:35.957] imu_att:-2.595,-1.556,15.467,-142.094,31.536,30.460
[17:51:35.993] imu_att:-3.479,-1.924,13.367,-147.826,26.499,28.219
[17:51:36.028] imu_att:-0.600,-0.590,11.944,-150.298,23.592,26.331
[17:51:36.075] imu_att:0.849,0.363,10.531,-153.961,20.403,24.298
[17:51:36.111] imu_att:-0.191,0.341,9.482,-154.167,18.970,22.739
[17:51:36.148] imu_att:-1.927,0.780,8.383,-153.922,19.477,21.203
[17:51:36.194] imu_att:-0.215,-0.421,6.808,-159.148,15.053,19.074
[17:51:36.230] imu_att:1.330,-0.630,5.683,-160.895,12.802,17.436
[17:51:36.275] imu_att:1.154,0.647,5.008,-159.051,13.974,16.160
[17:51:36.311] imu_att:-1.469,1.831,4.668,-156.125,17.497,15.915
[17:51:36.348] imu_att:-1.147,0.944,4.385,-158.533,15.388,15.721
[17:51:36.396] imu_att:-0.648,-0.253,4.047,-161.766,12.335,15.058
[17:51:36.431] imu_att:-0.452,-0.617,3.723,-162.713,10.716,14.217
[17:51:36.477] imu_att:-1.334,0.761,3.448,-159.981,13.268,13.644
[17:51:36.514] imu_att:-2.719,1.204,3.118,-158.307,14.776,13.428
[17:51:36.550] imu_att:-2.484,0.278,2.710,-161.199,13.039,13.197
[17:51:36.595] imu_att:-1.398,0.066,2.216,-164.450,10.282,12.484
[17:51:36.631] imu_att:1.066,0.545,2.146,-165.573,8.484,11.912
[17:51:36.677] imu_att:0.029,2.600,2.154,-162.676,10.219,11.352
[17:51:36.714] imu_att:-0.420,2.071,2.163,-163.201,10.403,11.231
[17:51:36.749] imu_att:-0.662,1.148,2.130,-164.177,9.751,11.036
[17:51:36.797] imu_att:-1.566,0.380,2.003,-164.640,8.896,10.535
[17:51:36.832] imu_att:-2.273,0.472,1.780,-164.518,8.957,10.097
[17:51:36.878] imu_att:-0.388,1.229,1.573,-164.948,8.802,9.733
[17:51:36.915] imu_att:0.367,1.061,1.592,-165.678,8.006,9.529
[17:51:36.951] imu_att:-0.194,0.559,1.603,-166.221,7.391,9.233
[17:51:36.996] imu_att:-0.341,0.094,1.644,-166.936,6.363,8.661
[17:51:37.032] imu_att:-0.281,0.158,1.685,-166.593,6.442,8.326
[17:51:37.077] imu_att:-0.653,0.391,1.725,-166.611,6.823,8.038
[17:51:37.115] imu_att:-0.451,0.226,1.771,-167.409,6.224,7.820
[17:51:37.150] imu_att:-1.001,-0.262,1.780,-167.044,6.510,7.623
[17:51:37.196] imu_att:-0.859,0.493,1.782,-165.974,7.196,7.459
[17:51:37.232] imu_att:-0.762,0.492,1.765,-166.156,7.394,7.435
[17:51:37.277] imu_att:-0.505,-0.013,1.769,-166.499,6.860,7.326
[17:51:37.315] imu_att:-0.554,0.217,1.766,-167.239,6.402,7.213
[17:51:37.350] imu_att:-0.560,0.259,1.763,-167.235,6.395,7.097
[17:51:37.396] imu_att:-0.558,0.212,1.763,-167.135,6.664,7.065
[17:51:37.432] imu_att:-0.566,0.216,1.763,-166.454,6.756,6.982
[17:51:37.477] imu_att:-0.567,0.230,1.764,-167.081,6.437,6.893
[17:51:37.515] imu_att:-0.587,0.150,1.758,-167.288,6.206,6.781
[17:51:37.550] imu_att:-0.512,0.372,1.753,-166.752,6.724,6.751
[17:51:37.596] imu_att:-0.534,0.367,1.746,-167.664,6.369,6.825
[17:51:37.631] imu_att:-0.574,0.005,1.746,-168.504,5.177,6.617
[17:51:37.677] imu_att:-0.691,0.526,1.744,-167.067,6.295,6.489
[17:51:37.714] imu_att:-1.353,1.009,1.618,-164.745,8.372,6.544
[17:51:37.750] imu_att:-2.540,0.639,1.264,-164.976,8.590,6.573
[17:51:37.795] imu_att:-4.919,0.387,0.223,-165.654,8.301,6.093
[17:51:37.831] imu_att:-4.748,0.605,-1.074,-167.193,6.765,5.126
[17:51:37.876] imu_att:-1.703,0.939,-2.939,-170.929,3.196,3.338
[17:51:37.914] imu_att:-1.480,2.133,-4.498,-171.156,1.996,1.670
[17:51:37.950] imu_att:-1.969,2.659,-6.624,-172.934,0.546,-0.409
[17:51:37.995] imu_att:-1.270,1.918,-10.038,-176.534,-2.602,-3.675
[17:51:38.031] imu_att:0.080,0.844,-13.039,174.758,-10.245,-7.056
[17:51:38.078] imu_att:3.932,1.283,-17.017,168.944,-16.939,-11.743
[17:51:38.115] imu_att:4.123,1.033,-20.457,162.282,-23.264,-15.718
[17:51:38.151] imu_att:3.556,0.431,-24.513,155.655,-29.595,-20.310
[17:51:38.197] imu_att:4.176,-0.574,-30.390,150.655,-34.088,-26.903
[17:51:38.232] imu_att:6.127,-0.309,-34.742,152.030,-34.519,-31.790
[17:51:38.270] imu_att:5.225,-1.564,-39.190,148.189,-37.533,-36.568
[17:51:38.317] imu_att:5.254,-1.830,-44.817,148.301,-38.371,-41.884
[17:51:38.353] imu_att:3.735,-0.430,-48.807,148.629,-38.224,-45.335
[17:51:38.388] imu_att:1.943,-0.039,-52.750,146.577,-38.686,-48.738
[17:51:38.436] imu_att:0.331,-2.426,-57.200,141.792,-43.951,-52.526
[17:51:38.472] imu_att:-2.485,-1.283,-60.762,137.150,-48.690,-55.543
[17:51:38.519] imu_att:-4.542,1.073,-65.743,132.244,-53.624,-59.799
[17:51:38.555] imu_att:-1.394,-0.646,-69.498,130.421,-55.616,-63.007
[17:51:38.592] imu_att:1.415,-4.003,-73.012,125.272,-59.280,-65.973
[17:51:38.638] imu_att:3.374,-2.704,-77.212,126.598,-60.652,-69.440
[17:51:38.673] imu_att:7.329,-0.626,-79.260,130.181,-56.755,-70.936
[17:51:38.709] imu_att:5.000,-2.133,-81.354,126.215,-59.324,-72.478
[17:51:38.758] imu_att:2.520,-2.566,-83.960,122.933,-63.120,-74.344
[17:51:38.794] imu_att:3.172,-1.709,-84.936,125.018,-61.679,-74.764
[17:51:38.830] imu_att:1.465,-2.127,-86.038,121.713,-64.077,-75.308
[17:51:38.877] imu_att:2.905,0.231,-86.994,122.538,-64.797,-75.582
[17:51:38.912] imu_att:1.183,0.462,-87.489,119.842,-66.030,-75.516
[17:51:38.950] imu_att:-0.858,2.133,-88.116,118.127,-68.405,-75.519
[17:51:38.995] imu_att:-0.893,3.935,-88.592,118.294,-68.200,-75.306
[17:51:39.031] imu_att:0.057,3.272,-88.989,119.025,-67.677,-75.137
[17:51:39.078] imu_att:1.979,2.174,-89.174,119.990,-66.668,-74.567
[17:51:39.116] imu_att:3.045,2.238,-88.978,122.114,-64.827,-73.802
[17:51:39.151] imu_att:2.017,2.643,-88.788,120.440,-65.925,-73.043
[17:51:39.197] imu_att:1.199,2.274,-88.516,117.979,-68.200,-72.010
[17:51:39.233] imu_att:2.018,-0.027,-88.175,117.402,-68.901,-71.131
[17:51:39.270] imu_att:1.831,-1.254,-87.802,115.868,-69.791,-70.389
[17:51:39.318] imu_att:-2.687,0.463,-87.703,110.114,-75.389,-70.735
[17:51:39.353] imu_att:-2.322,2.966,-87.805,112.007,-74.760,-71.341
[17:51:39.389] imu_att:-0.455,1.688,-87.862,113.600,-73.205,-71.773
[17:51:39.436] imu_att:0.277,0.404,-87.847,113.260,-73.139,-71.980
[17:51:39.471] imu_att:0.373,1.131,-87.810,114.295,-72.418,-72.049
[17:51:39.519] imu_att:-0.122,1.932,-87.822,114.854,-71.736,-72.005
[17:51:39.555] imu_att:0.048,1.136,-87.831,113.388,-72.213,-71.903
[17:51:39.590] imu_att:0.163,0.359,-87.825,112.725,-73.579,-72.085
[17:51:39.638] imu_att:0.174,0.010,-87.816,112.412,-74.023,-72.445
[17:51:39.673] imu_att:0.134,0.138,-87.812,113.222,-73.278,-72.573
[17:51:39.709] imu_att:0.133,0.266,-87.804,113.042,-73.344,-72.646
[17:51:39.756] imu_att:0.076,0.653,-87.809,113.385,-73.186,-72.762
[17:51:39.792] imu_att:0.026,0.777,-87.827,113.576,-72.811,-72.752
[17:51:39.829] imu_att:0.066,1.246,-87.901,114.413,-72.304,-72.774
[17:51:39.875] imu_att:-0.164,0.578,-88.017,113.085,-73.255,-72.851
[17:51:39.911] imu_att:0.094,-0.297,-88.126,112.578,-73.856,-73.064
[17:51:39.948] imu_att:0.295,0.447,-88.201,114.164,-72.833,-73.203
[17:51:39.995] imu_att:0.505,1.074,-88.212,114.528,-71.507,-72.849
[17:51:40.031] imu_att:0.119,0.638,-88.230,112.789,-72.995,-72.743
[17:51:40.076] imu_att:-0.077,1.150,-88.298,114.434,-72.171,-72.733
[17:51:40.114] imu_att:0.225,0.733,-88.314,114.746,-71.713,-72.559
[17:51:40.150] imu_att:0.247,0.340,-88.310,113.653,-72.557,-72.453
[17:51:40.197] imu_att:0.238,0.426,-88.279,113.775,-72.868,-72.512
[17:51:40.232] imu_att:0.384,0.494,-88.220,114.063,-72.492,-72.451
[17:51:40.268] imu_att:0.088,0.666,-88.188,113.760,-72.472,-72.368
[17:51:40.316] imu_att:-0.146,0.634,-88.203,112.695,-73.701,-72.558
[17:51:40.351] imu_att:-0.021,0.626,-88.231,114.236,-72.555,-72.643
[17:51:40.399] imu_att:0.082,0.250,-88.263,112.628,-73.628,-72.729
[17:51:40.434] imu_att:0.322,0.063,-88.247,113.988,-72.681,-72.752
[17:51:40.470] imu_att:0.305,0.091,-88.218,114.063,-72.515,-72.669
[17:51:40.517] imu_att:-0.217,1.287,-88.224,112.802,-73.499,-72.752
[17:51:40.553] imu_att:-0.205,1.140,-88.276,112.759,-74.012,-73.023
[17:51:40.590] imu_att:0.039,1.046,-88.309,114.069,-72.481,-73.004
[17:51:40.636] imu_att:-0.709,0.593,-88.497,112.593,-73.622,-73.146
[17:51:40.671] imu_att:-0.232,0.481,-88.626,112.983,-73.661,-73.339
[17:51:40.721] imu_att:-0.337,0.803,-88.862,113.144,-73.318,-73.534
[17:51:40.756] imu_att:-1.176,1.900,-89.166,112.787,-73.411,-73.737
[17:51:40.792] imu_att:0.732,2.140,-89.453,115.506,-71.190,-73.685
[17:51:40.838] imu_att:3.494,0.555,-89.515,118.642,-67.452,-72.994
[17:51:40.873] imu_att:1.444,-0.482,-89.435,114.904,-71.080,-72.434
[17:51:40.910] imu_att:0.694,0.542,-89.379,113.346,-72.741,-72.287
[17:51:40.958] imu_att:0.218,0.679,-89.373,113.853,-72.423,-72.206
[17:51:40.994] imu_att:0.212,0.510,-89.364,113.187,-73.260,-72.311
[17:51:41.029] imu_att:0.199,0.560,-89.351,113.879,-72.860,-72.421
[17:51:41.075] imu_att:0.018,0.142,-89.348,112.980,-73.466,-72.553
[17:51:41.112] imu_att:0.132,0.214,-89.354,113.785,-72.964,-72.648
[17:51:41.150] imu_att:0.155,0.133,-89.355,112.724,-73.546,-72.719
[17:51:41.195] imu_att:0.217,-0.081,-89.341,112.765,-73.711,-72.864
[17:51:41.231] imu_att:-0.053,0.869,-89.337,112.899,-73.635,-72.974
[17:51:41.278] imu_att:0.075,0.557,-89.336,113.103,-72.996,-72.826
[17:51:41.316] imu_att:0.140,0.462,-89.334,113.602,-72.896,-72.813
[17:51:41.352] imu_att:0.166,0.459,-89.334,112.800,-73.449,-72.851
[17:51:41.397] imu_att:0.157,0.482,-89.334,113.460,-73.032,-72.881
[17:51:41.432] imu_att:0.164,0.434,-89.331,112.821,-73.670,-72.967
[17:51:41.468] imu_att:0.165,0.446,-89.329,113.319,-73.411,-73.048
[17:51:41.517] imu_att:0.165,0.433,-89.330,112.625,-73.883,-73.214
[17:51:41.553] imu_att:0.153,0.431,-89.329,113.297,-73.368,-73.259
[17:51:41.589] imu_att:0.155,0.443,-89.330,113.357,-73.148,-73.225
[17:51:41.634] imu_att:0.135,0.434,-89.328,113.467,-73.230,-73.226
[17:51:41.670] imu_att:0.152,0.439,-89.327,112.700,-73.413,-73.185
[17:51:41.719] imu_att:0.142,0.443,-89.323,113.246,-73.631,-73.264
[17:51:41.755] imu_att:0.125,0.432,-89.319,112.169,-73.612,-73.217
[17:51:41.790] imu_att:0.143,0.424,-89.321,113.174,-73.251,-73.197
[17:51:41.836] imu_att:0.144,0.428,-89.318,113.016,-73.419,-73.216
[17:51:41.873] imu_att:0.150,0.435,-89.315,112.811,-73.680,-73.246
[17:51:41.909] imu_att:0.141,0.414,-89.315,113.058,-73.508,-73.283
[17:51:41.956] imu_att:0.155,0.422,-89.313,112.930,-73.424,-73.261
[17:51:41.992] imu_att:0.158,0.438,-89.315,112.901,-73.591,-73.290
[17:51:42.037] imu_att:0.133,0.418,-89.315,112.919,-73.470,-73.283
[17:51:42.075] imu_att:0.144,0.440,-89.314,113.187,-73.540,-73.321
[17:51:42.110] imu_att:0.158,0.437,-89.313,114.327,-72.544,-73.263
[17:51:42.158] imu_att:0.167,0.434,-89.314,111.922,-74.180,-73.276
[17:51:42.194] imu_att:0.154,0.433,-89.315,112.393,-74.096,-73.393
[17:51:42.229] imu_att:0.152,0.418,-89.315,113.243,-73.302,-73.385
[17:51:42.276] imu_att:0.146,0.428,-89.312,112.807,-73.600,-73.354
[17:51:42.312] imu_att:0.161,0.428,-89.310,113.090,-73.417,-73.346
[17:51:42.350] imu_att:0.168,0.442,-89.310,112.906,-73.561,-73.352
[17:51:42.396] imu_att:0.166,0.437,-89.309,112.988,-73.804,-73.458
[17:51:42.431] imu_att:0.148,0.429,-89.308,112.206,-73.866,-73.454
[17:51:42.478] imu_att:0.145,0.442,-89.306,113.610,-73.162,-73.505
[17:51:42.516] imu_att:0.129,0.432,-89.304,113.038,-73.437,-73.459
[17:51:42.551] imu_att:0.154,0.441,-89.305,113.043,-73.336,-73.408
[17:51:42.597] imu_att:0.155,0.440,-89.305,113.383,-73.237,-73.384
[17:51:42.633] imu_att:0.142,0.442,-89.304,113.174,-73.311,-73.346
[17:51:42.668] imu_att:0.134,0.447,-89.303,112.310,-74.034,-73.368
[17:51:42.717] imu_att:0.141,0.426,-89.303,112.735,-73.612,-73.397
[17:51:42.753] imu_att:0.150,0.429,-89.300,113.925,-72.827,-73.346
[17:51:42.789] imu_att:0.160,0.422,-89.301,113.293,-72.975,-73.216
[17:51:42.834] imu_att:0.135,0.416,-89.297,112.718,-73.953,-73.355
[17:51:42.870] imu_att:0.147,0.450,-89.297,113.715,-73.079,-73.362
[17:51:42.919] imu_att:0.193,0.371,-89.296,112.302,-74.520,-73.556
[17:51:42.955] imu_att:0.250,0.319,-89.278,113.409,-73.256,-73.531
[17:51:42.990] imu_att:0.196,0.690,-89.256,112.696,-73.553,-73.450
[17:51:43.037] imu_att:0.213,0.860,-89.248,113.499,-73.048,-73.308
[17:51:43.072] imu_att:0.615,1.348,-89.158,115.048,-71.763,-73.045
[17:51:43.107] imu_att:0.893,0.478,-88.993,114.644,-71.651,-72.628
[17:51:43.156] imu_att:3.118,0.425,-88.372,118.247,-69.047,-71.599
[17:51:43.192] imu_att:3.148,1.607,-87.421,120.435,-66.343,-70.082
[17:51:43.237] imu_att:1.475,2.799,-85.264,121.427,-65.080,-67.212
[17:51:43.273] imu_att:0.982,2.359,-83.068,124.013,-62.702,-64.571
[17:51:43.309] imu_att:1.482,1.422,-80.659,125.693,-60.780,-61.782
[17:51:43.358] imu_att:0.179,-0.163,-76.999,128.700,-57.338,-57.626
[17:51:43.394] imu_att:-2.646,0.414,-73.825,132.434,-53.958,-54.184
[17:51:43.429] imu_att:-5.621,1.666,-70.354,136.595,-50.013,-50.429
[17:51:43.475] imu_att:-7.163,3.163,-65.754,145.449,-42.417,-45.456
[17:51:43.513] imu_att:-8.675,3.443,-61.900,145.814,-40.453,-41.146
[17:51:43.550] imu_att:-8.378,2.148,-57.460,149.314,-36.719,-36.343
[17:51:43.595] imu_att:-6.024,1.847,-52.449,153.638,-33.991,-31.711
[17:51:43.631] imu_att:-2.737,4.865,-48.264,162.543,-25.419,-27.368
[17:51:43.678] imu_att:-1.499,2.604,-42.386,161.559,-24.561,-21.519
[17:51:43.716] imu_att:-2.495,1.809,-38.202,163.148,-24.632,-17.839
[17:51:43.752] imu_att:-0.878,1.601,-34.283,164.425,-22.196,-14.424
[17:51:43.797] imu_att:1.146,0.585,-28.880,165.752,-20.976,-9.696
[17:51:43.833] imu_att:0.993,1.534,-24.851,169.699,-17.583,-6.176
[17:51:43.868] imu_att:0.261,3.195,-21.045,175.292,-12.099,-2.879
[17:51:43.918] imu_att:2.427,4.667,-16.310,-179.961,-7.147,1.174
[17:51:43.953] imu_att:3.148,5.233,-12.892,-178.042,-4.673,4.079
[17:51:43.989] imu_att:2.336,3.602,-9.557,-178.785,-4.670,6.899
[17:51:44.034] imu_att:-0.071,2.137,-6.258,-179.237,-5.509,9.568
[17:51:44.070] imu_att:-1.487,0.596,-4.493,178.108,-7.939,10.814
[17:51:44.117] imu_att:0.779,-1.769,-2.771,173.909,-11.660,11.843
[17:51:44.153] imu_att:2.215,-1.198,-2.144,175.643,-11.202,11.949
[17:51:44.189] imu_att:1.700,0.004,-2.033,176.881,-9.957,11.537
[17:51:44.235] imu_att:3.185,0.807,-1.948,177.953,-9.004,10.981
[17:51:44.270] imu_att:4.624,2.555,-1.802,179.884,-7.057,10.602
[17:51:44.319] imu_att:4.230,4.256,-1.598,-175.964,-3.233,10.101
[17:51:44.354] imu_att:2.709,3.130,-1.494,-176.833,-2.879,9.676
[17:51:44.390] imu_att:1.912,1.546,-1.510,-177.337,-3.328,9.129
[17:51:44.436] imu_att:1.395,1.064,-1.520,-176.350,-3.177,8.468
[17:51:44.471] imu_att:0.771,1.128,-1.616,-175.038,-1.574,7.838
[17:51:44.519] imu_att:-0.321,1.136,-1.556,-173.619,-0.669,7.184
[17:51:44.554] imu_att:1.083,-1.906,-1.574,-178.629,-3.911,6.628
[17:51:44.590] imu_att:-0.749,-0.933,-1.598,-177.010,-3.865,6.065
[17:51:44.636] imu_att:-0.839,-0.444,-1.625,-176.345,-2.934,5.317
[17:51:44.671] imu_att:-0.918,-0.043,-1.642,-175.272,-2.039,4.818
[17:51:44.719] imu_att:-0.515,0.328,-1.650,-174.493,-1.107,4.085
[17:51:44.756] imu_att:-0.338,-0.053,-1.650,-176.445,-2.321,3.539
[17:51:44.791] imu_att:-0.330,0.018,-1.645,-175.026,-2.178,2.997
[17:51:44.837] imu_att:-0.398,0.167,-1.644,-175.581,-1.715,2.266
[17:51:44.873] imu_att:-0.381,0.289,-1.644,-174.665,-1.365,1.716
[17:51:44.908] imu_att:-0.394,0.345,-1.645,-175.112,-1.631,1.166
[17:51:44.956] imu_att:-0.376,0.362,-1.647,-175.445,-1.843,0.559
[17:51:44.991] imu_att:-0.354,0.304,-1.646,-175.800,-2.073,0.180
[17:51:45.037] imu_att:-0.389,0.264,-1.647,-175.161,-1.950,-0.385
[17:51:45.073] imu_att:-0.385,0.251,-1.649,-175.171,-1.561,-0.591
[17:51:45.110] imu_att:-0.405,0.243,-1.652,-175.991,-2.337,-0.855
[17:51:45.158] imu_att:-0.398,0.242,-1.655,-174.984,-1.490,-1.049
[17:51:45.193] imu_att:-0.391,0.239,-1.653,-175.637,-1.804,-1.123
[17:51:45.239] imu_att:-0.394,0.254,-1.654,-175.898,-2.367,-1.332
[17:51:45.274] imu_att:-0.374,0.257,-1.656,-175.109,-1.836,-1.538
[17:51:45.310] imu_att:-0.398,0.248,-1.657,-174.523,-1.117,-1.520
[17:51:45.348] imu_att:-0.412,0.249,-1.654,-175.198,-1.764,-1.581
[17:51:45.395] imu_att:-0.375,0.260,-1.655,-174.937,-1.519,-1.614
[17:51:45.430] imu_att:-0.386,0.174,-1.658,-175.089,-1.485,-1.606
[17:51:45.476] imu_att:-0.315,0.241,-1.660,-174.887,-1.561,-1.668
[17:51:45.512] imu_att:-0.244,0.152,-1.661,-175.471,-1.850,-1.694
[17:51:45.549] imu_att:-0.415,-0.076,-1.665,-177.328,-3.151,-1.807
[17:51:45.595] imu_att:-0.292,0.060,-1.661,-175.945,-2.501,-2.095
[17:51:45.630] imu_att:-0.274,0.120,-1.661,-176.128,-2.679,-2.210
[17:51:45.678] imu_att:-0.410,0.035,-1.661,-175.032,-1.685,-2.180
[17:51:45.715] imu_att:-0.413,0.114,-1.660,-176.477,-3.024,-2.312
[17:51:45.751] imu_att:-0.368,0.232,-1.655,-176.279,-2.513,-2.352
[17:51:45.796] imu_att:-0.380,0.246,-1.654,-174.707,-1.433,-2.347
[17:51:45.832] imu_att:-0.369,0.212,-1.653,-175.216,-1.695,-2.247
[17:51:45.868] imu_att:-0.348,0.224,-1.655,-175.214,-1.719,-2.182
[17:51:45.915] imu_att:-0.382,0.227,-1.655,-175.308,-1.680,-2.068
[17:51:45.951] imu_att:-0.391,0.230,-1.656,-174.409,-1.270,-2.008
[17:51:45.998] imu_att:-0.377,0.227,-1.654,-175.190,-1.576,-1.856
[17:51:46.034] imu_att:-0.395,0.249,-1.654,-175.235,-1.517,-1.780
[17:51:46.069] imu_att:-0.402,0.218,-1.655,-175.447,-1.978,-1.828
[17:51:46.117] imu_att:-0.374,0.215,-1.654,-175.211,-1.812,-1.879
[17:51:46.152] imu_att:-0.380,0.244,-1.653,-175.162,-1.662,-1.867
[17:51:46.188] imu_att:-0.391,0.220,-1.652,-175.720,-1.743,-1.837
[17:51:46.235] imu_att:-0.395,0.225,-1.653,-175.734,-2.014,-1.859
[17:51:46.271] imu_att:-0.356,0.213,-1.651,-176.373,-2.526,-1.933
[17:51:46.318] imu_att:-0.395,0.232,-1.654,-174.589,-1.463,-1.986
[17:51:46.354] imu_att:-0.433,0.240,-1.654,-175.430,-1.975,-2.000
[17:51:46.390] imu_att:-0.448,0.248,-1.655,-174.656,-1.189,-1.912
[17:51:46.435] imu_att:-0.397,0.250,-1.660,-175.605,-2.030,-1.934
[17:51:46.471] imu_att:-0.404,0.211,-1.662,-175.553,-2.118,-1.989
[17:51:46.520] imu_att:-0.385,0.209,-1.662,-175.324,-1.776,-1.981
[17:51:46.556] imu_att:-0.368,0.242,-1.660,-175.658,-2.252,-2.041
[17:51:46.591] imu_att:-0.372,0.241,-1.660,-175.289,-1.792,-2.033
[17:51:46.637] imu_att:-0.379,0.232,-1.661,-175.485,-1.973,-2.037
[17:51:46.672] imu_att:-0.378,0.243,-1.662,-175.575,-2.127,-2.079
[17:51:46.708] imu_att:-0.391,0.230,-1.660,-174.890,-1.432,-2.016
[17:51:46.757] imu_att:-0.370,0.211,-1.659,-175.225,-1.786,-1.922
[17:51:46.793] imu_att:-0.360,0.216,-1.661,-175.531,-2.011,-1.949
[17:51:46.838] imu_att:-0.366,0.230,-1.664,-174.954,-1.410,-1.856
[17:51:46.874] imu_att:-0.365,0.236,-1.665,-175.000,-1.490,-1.811
[17:51:46.910] imu_att:-0.359,0.231,-1.664,-175.133,-1.491,-1.753
[17:51:46.957] imu_att:-0.359,0.236,-1.665,-175.137,-1.627,-1.762
[17:51:46.993] imu_att:-0.363,0.236,-1.667,-175.316,-1.791,-1.780
[17:51:47.028] imu_att:-0.358,0.231,-1.668,-175.287,-1.497,-1.707
[17:51:47.076] imu_att:-0.360,0.241,-1.667,-175.493,-1.771,-1.700
[17:51:47.111] imu_att:-0.371,0.246,-1.667,-175.801,-2.259,-1.784
[17:51:47.149] imu_att:-0.374,0.241,-1.668,-175.430,-2.044,-1.884
[17:51:47.194] imu_att:-0.387,0.224,-1.666,-175.173,-1.656,-1.867
[17:51:47.230] imu_att:-0.363,0.235,-1.668,-174.916,-1.366,-1.802
[17:51:47.275] imu_att:-0.391,0.234,-1.669,-175.324,-1.888,-1.825
[17:51:47.313] imu_att:-0.401,0.238,-1.667,-175.286,-1.922,-1.867
[17:51:47.348] imu_att:-0.374,0.117,-1.664,-175.742,-2.071,-1.890
[17:51:47.396] imu_att:-0.387,0.048,-1.661,-174.897,-1.769,-1.968
[17:51:47.431] imu_att:-0.361,0.312,-1.658,-175.161,-1.558,-1.915
[17:51:47.477] imu_att:-0.382,0.380,-1.654,-175.412,-1.921,-1.913
[17:51:47.514] imu_att:-0.393,0.233,-1.654,-175.774,-2.166,-1.948
[17:51:47.550] imu_att:-0.389,0.250,-1.655,-175.227,-1.903,-1.976
[17:51:47.597] imu_att:-0.365,0.279,-1.655,-175.575,-2.040,-2.006
[17:51:47.633] imu_att:-0.376,0.245,-1.656,-174.964,-1.667,-2.016
[17:51:47.669] imu_att:-0.389,0.238,-1.658,-174.702,-1.389,-1.972
[17:51:47.716] imu_att:-0.362,0.225,-1.660,-175.197,-1.607,-1.886
[17:51:47.752] imu_att:-0.374,0.217,-1.659,-175.492,-1.959,-1.900
[17:51:47.797] imu_att:-0.365,0.226,-1.660,-175.631,-2.089,-1.944
[17:51:47.833] imu_att:-0.391,0.238,-1.660,-175.328,-1.786,-1.935
[17:51:47.869] imu_att:-0.393,0.260,-1.661,-175.597,-1.980,-1.935
[17:51:47.918] imu_att:-0.397,0.202,-1.660,-175.071,-1.837,-1.977
[17:51:47.953] imu_att:-0.365,0.246,-1.662,-175.438,-1.932,-1.986
[17:51:47.989] imu_att:-0.396,0.227,-1.664,-175.490,-1.963,-1.996
[17:51:48.035] imu_att:-0.376,0.237,-1.666,-174.987,-1.789,-1.996
[17:51:48.070] imu_att:-0.383,0.196,-1.666,-176.286,-2.376,-2.007
[17:51:48.118] imu_att:-0.399,0.254,-1.666,-174.922,-1.766,-2.026
[17:51:48.154] imu_att:-0.357,0.248,-1.666,-174.710,-1.205,-1.923
[17:51:48.189] imu_att:-0.373,0.218,-1.668,-175.651,-1.983,-1.900
