# Serial Log - 2026-04-18T17:39:10.065520
# Port: COM36 @ 115200bps
#============================================================
[17:39:10.073] u_att:-3.563,2.099,-1.547,-167.441,0.489,0.279
[17:39:10.115] imu_att:-3.562,2.105,-1.548,-167.766,0.350,0.285
[17:39:10.154] imu_att:-3.562,2.102,-1.549,-167.731,-0.078,0.213
[17:39:10.194] imu_att:-3.557,2.112,-1.547,-167.455,0.457,0.237
[17:39:10.235] imu_att:-3.558,2.106,-1.547,-167.753,-0.042,0.215
[17:39:10.275] imu_att:-3.574,2.100,-1.547,-167.210,-0.102,0.103
[17:39:10.314] imu_att:-3.578,2.096,-1.546,-167.581,-0.013,0.086
[17:39:10.354] imu_att:-3.567,2.106,-1.546,-168.044,0.099,0.100
[17:39:10.395] imu_att:-3.562,2.114,-1.548,-168.337,-0.263,0.066
[17:39:10.434] imu_att:-3.570,2.112,-1.548,-167.603,0.154,0.045
[17:39:10.474] imu_att:-3.564,2.122,-1.548,-167.469,0.327,0.104
[17:39:10.514] imu_att:-3.568,2.121,-1.549,-167.703,0.189,0.147
[17:39:10.553] imu_att:-3.567,2.120,-1.551,-167.764,0.001,0.130
[17:39:10.595] imu_att:-3.565,2.118,-1.552,-167.146,0.527,0.172
[17:39:10.634] imu_att:-3.557,2.116,-1.553,-167.709,0.018,0.161
[17:39:10.674] imu_att:-3.569,2.120,-1.554,-168.670,-0.441,0.126
[17:39:10.713] imu_att:-3.566,2.114,-1.554,-167.653,0.062,0.055
[17:39:10.755] imu_att:-3.592,2.105,-1.555,-167.764,0.311,0.131
[17:39:10.794] imu_att:-3.569,2.110,-1.555,-167.689,0.142,0.137
[17:39:10.834] imu_att:-3.561,2.107,-1.557,-167.753,0.063,0.126
[17:39:10.873] imu_att:-3.557,2.096,-1.558,-168.152,-0.042,0.138
[17:39:10.915] imu_att:-3.547,2.070,-1.558,-167.990,-0.066,0.107
[17:39:10.954] imu_att:-3.532,2.103,-1.558,-167.808,0.175,0.142
[17:39:10.994] imu_att:-3.526,2.135,-1.560,-167.647,0.415,0.218
[17:39:11.033] imu_att:-3.543,2.116,-1.561,-167.949,-0.159,0.196
[17:39:11.075] imu_att:-3.566,2.103,-1.561,-167.997,-0.100,0.141
[17:39:11.114] imu_att:-3.611,2.108,-1.561,-168.049,-0.165,0.107
[17:39:11.154] imu_att:-3.584,2.074,-1.562,-168.056,0.177,0.125
[17:39:11.193] imu_att:-3.566,2.004,-1.560,-167.552,-0.046,0.035
[17:39:11.235] imu_att:-3.573,2.240,-1.562,-167.214,0.361,0.040
[17:39:11.274] imu_att:-3.548,2.129,-1.563,-167.140,0.551,0.093
[17:39:11.314] imu_att:-3.554,2.127,-1.563,-167.485,0.381,0.163
[17:39:11.353] imu_att:-3.559,2.106,-1.565,-168.457,-0.295,0.169
[17:39:11.395] imu_att:-3.563,2.461,-1.570,-166.458,0.841,0.191
[17:39:11.434] imu_att:-3.564,2.578,-1.573,-166.720,0.878,0.288
[17:39:11.474] imu_att:-3.571,1.717,-1.563,-169.113,-0.394,0.336
[17:39:11.513] imu_att:-3.510,1.245,-1.565,-169.901,-1.289,0.089
[17:39:11.555] imu_att:-3.507,1.535,-1.563,-168.527,-0.695,-0.124
[17:39:11.594] imu_att:-3.537,2.677,-1.564,-166.118,1.237,-0.033
[17:39:11.634] imu_att:-3.549,2.470,-1.567,-167.072,1.147,0.220
[17:39:11.673] imu_att:-3.562,2.089,-1.568,-168.010,-0.409,0.169
[17:39:11.714] imu_att:-3.562,2.215,-1.567,-167.366,0.280,0.137
[17:39:11.754] imu_att:-3.575,2.076,-1.565,-168.018,-0.035,0.142
[17:39:11.794] imu_att:-3.588,2.133,-1.565,-167.569,0.124,0.092
[17:39:11.833] imu_att:-3.564,2.097,-1.566,-167.677,0.105,0.102
[17:39:11.875] imu_att:-3.560,2.114,-1.567,-167.183,0.490,0.130
[17:39:11.914] imu_att:-3.569,2.117,-1.568,-168.059,-0.223,0.103
[17:39:11.954] imu_att:-3.570,2.103,-1.569,-167.689,0.117,0.065
[17:39:11.993] imu_att:-3.536,2.125,-1.568,-168.173,-0.346,0.052
[17:39:12.034] imu_att:-3.583,2.118,-1.570,-166.935,0.397,0.050
[17:39:12.074] imu_att:-3.587,2.276,-1.572,-167.285,0.695,0.171
[17:39:12.114] imu_att:-3.564,2.081,-1.569,-168.084,0.017,0.240
[17:39:12.155] imu_att:-3.559,1.829,-1.570,-167.661,-0.060,0.198
[17:39:12.195] imu_att:-3.582,1.987,-1.569,-167.656,0.024,0.151
[17:39:12.234] imu_att:-3.559,2.179,-1.567,-167.754,0.266,0.131
[17:39:12.274] imu_att:-3.564,2.134,-1.564,-167.874,0.320,0.182
[17:39:12.313] imu_att:-3.568,2.103,-1.564,-167.923,-0.073,0.152
[17:39:12.355] imu_att:-3.575,2.100,-1.565,-168.063,-0.070,0.118
[17:39:12.394] imu_att:-3.548,2.087,-1.565,-168.541,-0.187,0.111
[17:39:12.434] imu_att:-3.560,2.079,-1.563,-168.741,-0.250,0.063
[17:39:12.473] imu_att:-3.566,2.079,-1.561,-168.042,0.076,0.045
[17:39:12.514] imu_att:-3.538,2.063,-1.558,-167.742,0.038,0.054
[17:39:12.554] imu_att:-3.571,2.043,-1.554,-167.988,-0.154,0.027
[17:39:12.594] imu_att:-3.577,2.104,-1.554,-167.757,0.091,0.029
[17:39:12.633] imu_att:-3.627,2.120,-1.559,-168.118,0.264,0.104
[17:39:12.675] imu_att:-3.564,2.123,-1.563,-166.824,0.780,0.190
[17:39:12.714] imu_att:-3.578,2.119,-1.567,-167.860,0.060,0.225
[17:39:12.754] imu_att:-3.580,2.050,-1.570,-168.135,-0.448,0.095
[17:39:12.793] imu_att:-3.567,2.092,-1.570,-168.175,-0.354,0.006
[17:39:12.835] imu_att:-3.566,2.090,-1.571,-167.836,-0.020,-0.015
[17:39:12.874] imu_att:-3.574,2.110,-1.571,-168.107,-0.012,0.010
[17:39:12.914] imu_att:-3.563,2.118,-1.570,-167.282,0.460,0.050
[17:39:12.953] imu_att:-3.586,2.119,-1.575,-167.624,-0.034,-0.028
[17:39:12.995] imu_att:-3.581,2.050,-1.573,-167.951,0.035,-0.013
[17:39:13.034] imu_att:-3.538,2.017,-1.570,-168.223,-0.142,0.011
[17:39:13.074] imu_att:-3.540,2.145,-1.564,-167.760,0.112,0.012
[17:39:13.113] imu_att:-3.561,2.052,-1.553,-168.361,-0.004,0.046
[17:39:13.155] imu_att:-3.561,2.201,-1.559,-167.961,0.081,0.045
[17:39:13.194] imu_att:-3.528,2.120,-1.555,-167.525,0.242,0.061
[17:39:13.234] imu_att:-3.532,2.112,-1.548,-167.689,-0.057,0.053
[17:39:13.273] imu_att:-3.535,2.266,-1.549,-167.257,0.505,0.097
[17:39:13.315] imu_att:-3.437,2.607,-1.550,-168.312,-0.167,0.152
[17:39:13.354] imu_att:-3.427,2.602,-1.535,-166.983,0.756,0.224
[17:39:13.394] imu_att:-3.428,2.111,-1.521,-167.818,0.608,0.337
[17:39:13.434] imu_att:-3.472,1.616,-1.516,-169.373,-1.067,0.184
[17:39:13.473] imu_att:-3.481,2.099,-1.505,-168.686,-0.761,0.020
[17:39:13.514] imu_att:-3.211,2.450,-1.498,-168.704,-0.563,-0.023
[17:39:13.554] imu_att:-2.393,2.404,-1.490,-169.739,-1.674,-0.214
[17:39:13.594] imu_att:-1.973,2.402,-1.470,-170.602,-2.426,-0.566
[17:39:13.635] imu_att:-1.762,2.307,-1.472,-172.276,-3.822,-1.051
[17:39:13.674] imu_att:-1.156,2.358,-1.476,-172.651,-4.487,-1.631
[17:39:13.714] imu_att:-0.313,2.370,-1.456,-174.362,-6.170,-2.218
[17:39:13.754] imu_att:0.439,2.300,-1.466,-176.215,-8.151,-2.839
[17:39:13.794] imu_att:1.648,2.407,-1.467,-177.386,-9.163,-3.455
[17:39:13.834] imu_att:2.919,2.564,-1.463,-179.732,-11.575,-4.067
[17:39:13.874] imu_att:3.747,2.520,-1.459,178.706,-12.864,-4.682
[17:39:13.914] imu_att:4.861,2.506,-1.451,177.638,-14.263,-5.295
[17:39:13.955] imu_att:5.572,2.302,-1.414,177.005,-14.958,-5.882
[17:39:13.994] imu_att:5.945,2.346,-1.388,175.822,-16.235,-6.419
[17:39:14.034] imu_att:6.631,2.556,-1.372,174.682,-17.230,-7.032
[17:39:14.074] imu_att:7.231,2.560,-1.375,173.744,-18.205,-7.728
[17:39:14.115] imu_att:7.626,2.353,-1.410,172.226,-19.468,-8.397
[17:39:14.154] imu_att:8.692,2.366,-1.437,170.931,-20.907,-9.059
[17:39:14.194] imu_att:9.801,2.442,-1.417,170.308,-21.606,-9.677
[17:39:14.234] imu_att:10.415,2.180,-1.433,168.967,-22.629,-10.269
[17:39:14.275] imu_att:11.086,2.315,-1.460,169.241,-22.940,-11.002
[17:39:14.314] imu_att:11.639,2.501,-1.474,169.100,-23.084,-11.661
[17:39:14.354] imu_att:11.976,2.590,-1.475,169.081,-23.064,-12.244
[17:39:14.394] imu_att:11.704,2.608,-1.468,168.582,-23.461,-12.887
[17:39:14.433] imu_att:11.503,2.468,-1.469,168.244,-23.705,-13.605
[17:39:14.475] imu_att:11.948,2.383,-1.466,168.609,-23.615,-14.256
[17:39:14.514] imu_att:12.239,2.209,-1.464,168.519,-23.844,-14.846
[17:39:14.554] imu_att:12.038,2.307,-1.463,169.300,-23.319,-15.569
[17:39:14.593] imu_att:11.141,2.526,-1.448,169.990,-22.175,-16.150
[17:39:14.635] imu_att:10.101,2.610,-1.442,171.321,-21.141,-16.874
[17:39:14.674] imu_att:9.515,2.398,-1.454,171.605,-20.449,-17.551
[17:39:14.714] imu_att:8.478,2.405,-1.452,172.878,-19.401,-18.009
[17:39:14.753] imu_att:7.421,2.541,-1.445,174.035,-18.213,-18.137
[17:39:14.795] imu_att:6.140,2.677,-1.432,176.509,-16.297,-17.999
[17:39:14.834] imu_att:4.590,2.318,-1.412,177.615,-14.505,-17.544
[17:39:14.874] imu_att:3.148,2.397,-1.412,-179.105,-12.119,-16.954
[17:39:14.913] imu_att:2.033,2.687,-1.407,-177.206,-9.916,-16.408
[17:39:14.955] imu_att:0.735,2.695,-1.406,-174.927,-7.616,-15.865
[17:39:14.994] imu_att:-0.553,2.996,-1.411,-172.511,-5.455,-15.325
[17:39:15.034] imu_att:-1.195,2.839,-1.411,-172.601,-4.735,-14.833
[17:39:15.073] imu_att:-1.385,2.521,-1.419,-171.920,-4.267,-14.236
[17:39:15.115] imu_att:-1.392,2.372,-1.435,-171.382,-3.612,-13.700
[17:39:15.154] imu_att:-1.914,2.360,-1.446,-169.289,-1.835,-13.157
[17:39:15.194] imu_att:-3.326,2.368,-1.459,-167.382,-0.350,-12.669
[17:39:15.234] imu_att:-3.822,2.178,-1.405,-167.434,0.766,-12.001
[17:39:15.273] imu_att:-3.765,1.929,-1.414,-168.108,-0.045,-11.504
[17:39:15.314] imu_att:-3.902,1.930,-1.478,-168.459,-0.517,-10.948
[17:39:15.354] imu_att:-3.404,2.552,-1.520,-167.029,0.192,-10.425
[17:39:15.394] imu_att:-3.188,2.550,-1.518,-167.496,0.556,-9.911
[17:39:15.433] imu_att:-3.525,2.545,-1.536,-166.437,1.186,-9.359
[17:39:15.475] imu_att:-3.278,2.617,-1.506,-166.047,1.290,-8.698
[17:39:15.514] imu_att:-3.500,1.141,-1.471,-169.951,-1.535,-8.145
[17:39:15.554] imu_att:-3.583,1.353,-1.471,-168.540,-1.128,-7.510
[17:39:15.593] imu_att:-3.494,1.961,-1.470,-167.735,-0.322,-6.928
[17:39:15.635] imu_att:-3.570,2.608,-1.471,-166.537,0.840,-6.347
[17:39:15.674] imu_att:-3.537,2.547,-1.471,-166.335,1.319,-5.762
[17:39:15.714] imu_att:-3.555,2.131,-1.472,-168.114,0.075,-5.176
[17:39:15.753] imu_att:-3.500,2.055,-1.471,-167.588,0.171,-4.585
[17:39:15.795] imu_att:-3.523,1.954,-1.471,-168.048,0.034,-3.993
[17:39:15.834] imu_att:-3.507,2.255,-1.475,-167.251,0.479,-3.402
[17:39:15.874] imu_att:-3.521,2.292,-1.475,-167.370,0.634,-2.866
[17:39:15.913] imu_att:-3.517,2.523,-1.477,-167.529,0.075,-2.286
[17:39:15.954] imu_att:-3.513,4.091,-1.473,-164.109,3.064,-1.748
[17:39:15.994] imu_att:-3.513,1.411,-1.477,-168.521,0.262,-1.152
[17:39:16.034] imu_att:-3.510,1.032,-1.476,-169.762,-2.100,-1.238
[17:39:16.073] imu_att:-3.530,2.057,-1.473,-167.446,0.173,-1.153
[17:39:16.114] imu_att:-3.541,2.019,-1.471,-167.601,0.153,-0.937
[17:39:16.154] imu_att:-3.569,2.301,-1.476,-167.408,0.300,-0.732
[17:39:16.194] imu_att:-3.542,2.026,-1.478,-167.395,0.074,-0.604
[17:39:16.234] imu_att:-3.570,1.894,-1.481,-167.628,0.035,-0.502
[17:39:16.273] imu_att:-3.555,2.170,-1.485,-167.693,0.380,-0.365
[17:39:16.314] imu_att:-3.517,2.647,-1.487,-167.398,0.580,-0.153
[17:39:16.354] imu_att:-3.528,1.983,-1.487,-167.944,0.233,-0.049
[17:39:16.394] imu_att:-3.449,1.825,-1.482,-167.941,-0.475,-0.161
[17:39:16.435] imu_att:-3.571,1.795,-1.485,-168.223,-0.599,-0.229
[17:39:16.474] imu_att:-3.768,1.971,-1.513,-167.738,0.388,-0.189
[17:39:16.514] imu_att:-3.554,1.964,-1.530,-168.948,-0.899,-0.214
[17:39:16.554] imu_att:-3.397,2.444,-1.507,-167.429,0.200,-0.212
[17:39:16.593] imu_att:-3.833,2.025,-1.526,-167.881,0.184,-0.105
[17:39:16.635] imu_att:-3.579,1.809,-1.537,-168.633,-0.655,-0.166
[17:39:16.674] imu_att:-3.535,2.243,-1.523,-168.609,0.004,-0.126
[17:39:16.714] imu_att:-3.686,2.301,-1.524,-167.637,0.205,-0.073
[17:39:16.753] imu_att:-3.807,1.668,-1.557,-168.270,-0.144,-0.048
[17:39:16.794] imu_att:-3.459,2.172,-1.551,-166.763,1.059,0.077
[17:39:16.834] imu_att:-4.033,2.046,-1.589,-166.360,1.064,0.157
[17:39:16.874] imu_att:-3.876,2.277,-1.606,-165.049,2.015,0.412
[17:39:16.913] imu_att:-4.698,2.614,-1.605,-163.468,3.574,0.837
[17:39:16.955] imu_att:-5.173,2.827,-1.572,-163.643,4.128,1.475
[17:39:16.994] imu_att:-4.952,2.397,-1.595,-163.128,4.456,1.994
[17:39:17.034] imu_att:-5.003,2.822,-1.598,-162.329,5.014,2.475
[17:39:17.073] imu_att:-5.213,2.752,-1.623,-162.197,5.597,3.033
[17:39:17.114] imu_att:-5.825,2.614,-1.662,-160.945,6.706,3.606
[17:39:17.154] imu_att:-6.368,3.081,-1.669,-158.236,9.128,4.223
[17:39:17.194] imu_att:-7.548,2.865,-1.686,-154.110,12.796,4.833
[17:39:17.233] imu_att:-8.914,2.721,-1.671,-152.522,14.907,5.477
[17:39:17.275] imu_att:-10.430,2.869,-1.651,-146.829,19.995,6.128
[17:39:17.314] imu_att:-11.928,3.060,-1.589,-142.718,24.107,6.824
[17:39:17.354] imu_att:-13.805,2.529,-1.588,-137.766,27.996,7.461
[17:39:17.393] imu_att:-15.316,2.639,-1.578,-133.305,32.690,8.109
[17:39:17.435] imu_att:-16.755,2.618,-1.581,-130.266,36.705,8.746
[17:39:17.474] imu_att:-18.398,2.416,-1.573,-125.515,41.327,9.398
[17:39:17.514] imu_att:-20.192,2.473,-1.591,-121.777,45.123,9.960
[17:39:17.553] imu_att:-21.990,2.487,-1.619,-117.072,50.088,10.645
[17:39:17.595] imu_att:-23.985,2.563,-1.629,-112.777,54.174,11.284
[17:39:17.634] imu_att:-25.504,2.359,-1.631,-109.980,57.428,11.935
[17:39:17.674] imu_att:-26.800,2.326,-1.609,-107.680,59.482,12.546
[17:39:17.714] imu_att:-28.713,2.120,-1.583,-104.477,62.760,13.294
[17:39:17.754] imu_att:-29.852,2.451,-1.565,-101.460,65.428,13.971
[17:39:17.794] imu_att:-30.516,2.402,-1.581,-100.683,66.879,14.618
[17:39:17.834] imu_att:-31.520,2.421,-1.556,-99.562,67.820,15.306
[17:39:17.874] imu_att:-31.937,2.262,-1.539,-99.592,68.670,15.990
[17:39:17.913] imu_att:-31.820,2.259,-1.534,-98.439,69.255,16.664
[17:39:17.954] imu_att:-31.083,2.266,-1.530,-99.998,68.132,17.339
[17:39:17.994] imu_att:-30.283,2.255,-1.527,-101.070,67.292,18.015
[17:39:18.034] imu_att:-29.013,2.201,-1.541,-103.554,65.107,18.678
[17:39:18.075] imu_att:-27.261,2.502,-1.535,-107.020,61.653,19.361
[17:39:18.115] imu_att:-25.666,2.409,-1.546,-111.184,58.000,20.031
[17:39:18.154] imu_att:-23.845,2.511,-1.573,-112.840,54.952,20.619
[17:39:18.194] imu_att:-20.956,2.536,-1.612,-120.207,49.472,21.333
[17:39:18.233] imu_att:-18.741,2.578,-1.652,-123.754,44.882,21.981
[17:39:18.274] imu_att:-16.328,2.679,-1.685,-131.042,37.912,22.569
[17:39:18.314] imu_att:-13.984,2.981,-1.695,-137.865,31.188,23.320
[17:39:18.354] imu_att:-12.073,2.923,-1.670,-142.737,26.254,24.023
[17:39:18.393] imu_att:-11.225,2.645,-1.649,-146.238,22.373,24.138
[17:39:18.435] imu_att:-10.139,2.376,-1.707,-149.828,19.009,23.638
[17:39:18.474] imu_att:-9.294,2.709,-1.729,-151.466,16.653,23.105
[17:39:18.514] imu_att:-8.548,2.638,-1.745,-153.985,14.560,22.628
[17:39:18.553] imu_att:-8.105,2.570,-1.770,-155.591,12.341,22.037
[17:39:18.595] imu_att:-7.224,2.744,-1.793,-157.457,10.536,21.497
[17:39:18.634] imu_att:-6.407,2.576,-1.819,-160.513,8.017,20.952
[17:39:18.674] imu_att:-5.552,2.604,-1.833,-162.224,5.751,20.468
[17:39:18.713] imu_att:-4.712,2.523,-1.826,-163.192,4.750,19.898
[17:39:18.754] imu_att:-4.298,2.483,-1.824,-165.764,2.826,19.375
[17:39:18.794] imu_att:-3.839,2.443,-1.829,-166.495,1.547,18.840
[17:39:18.834] imu_att:-4.257,2.348,-1.825,-165.282,2.247,18.313
[17:39:18.874] imu_att:-4.183,2.376,-1.815,-166.010,1.539,17.843
[17:39:18.913] imu_att:-4.205,2.330,-1.796,-166.441,1.551,17.327
[17:39:18.954] imu_att:-3.703,2.266,-1.755,-167.763,0.252,16.830
[17:39:18.994] imu_att:-3.570,2.107,-1.733,-167.896,0.242,16.258
[17:39:19.034] imu_att:-3.771,2.008,-1.734,-168.043,-0.200,15.714
[17:39:19.073] imu_att:-3.663,1.986,-1.747,-168.133,-0.282,15.156
[17:39:19.115] imu_att:-3.647,1.549,-1.764,-168.890,-0.866,14.592
[17:39:19.154] imu_att:-3.198,1.749,-1.727,-169.006,-1.151,14.134
[17:39:19.194] imu_att:-3.692,1.802,-1.724,-168.204,-0.457,13.530
[17:39:19.233] imu_att:-3.556,2.482,-1.712,-167.080,0.413,13.044
[17:39:19.274] imu_att:-3.748,2.254,-1.709,-167.541,-0.067,12.490
[17:39:19.314] imu_att:-3.655,2.196,-1.709,-167.588,0.336,11.875
[17:39:19.354] imu_att:-3.618,2.112,-1.708,-168.163,-0.244,11.315
[17:39:19.393] imu_att:-3.613,2.085,-1.707,-168.396,-0.296,10.752
[17:39:19.434] imu_att:-3.599,2.073,-1.706,-168.330,-0.371,10.244
[17:39:19.474] imu_att:-3.603,2.071,-1.705,-168.239,-0.387,9.620
[17:39:19.514] imu_att:-3.594,2.069,-1.705,-168.486,-0.350,9.049
[17:39:19.554] imu_att:-3.590,2.072,-1.705,-168.537,-0.347,8.476
[17:39:19.594] imu_att:-3.601,2.080,-1.705,-168.236,-0.275,7.959
[17:39:19.634] imu_att:-3.612,2.069,-1.704,-169.138,-1.189,7.324
[17:39:19.674] imu_att:-3.617,2.083,-1.704,-167.999,-0.247,6.744
[17:39:19.713] imu_att:-3.610,2.086,-1.705,-167.929,-0.208,6.161
[17:39:19.754] imu_att:-3.601,2.076,-1.706,-167.529,0.259,5.634
[17:39:19.794] imu_att:-3.610,2.089,-1.706,-168.138,-0.331,4.988
[17:39:19.834] imu_att:-3.600,2.077,-1.704,-167.546,-0.091,4.401
[17:39:19.873] imu_att:-3.607,2.073,-1.703,-168.888,-0.890,3.810
[17:39:19.914] imu_att:-3.610,2.079,-1.703,-168.171,-0.324,3.216
[17:39:19.954] imu_att:-3.592,2.072,-1.703,-168.044,-0.296,2.620
[17:39:19.994] imu_att:-3.595,2.062,-1.703,-168.009,-0.123,2.133
[17:39:20.033] imu_att:-3.606,2.067,-1.702,-168.199,-0.082,1.734
[17:39:20.074] imu_att:-3.575,2.534,-1.701,-167.429,0.080,1.361
[17:39:20.114] imu_att:-3.584,2.664,-1.699,-166.815,0.806,1.194
[17:39:20.154] imu_att:-3.615,1.591,-1.702,-168.394,-0.017,1.085
[17:39:20.193] imu_att:-3.577,1.412,-1.701,-169.081,-1.126,0.716
[17:39:20.235] imu_att:-3.569,1.574,-1.698,-168.847,-1.414,0.336
[17:39:20.274] imu_att:-3.591,1.732,-1.697,-168.392,-0.801,0.102
[17:39:20.314] imu_att:-3.587,2.547,-1.689,-167.393,0.087,0.009
[17:39:20.353] imu_att:-3.596,2.843,-1.690,-167.128,0.750,0.105
[17:39:20.394] imu_att:-3.616,1.904,-1.689,-168.588,-0.433,0.120
[17:39:20.434] imu_att:-3.619,1.672,-1.687,-168.453,-0.763,-0.047
[17:39:20.474] imu_att:-3.604,1.821,-1.687,-168.555,-0.843,-0.184
[17:39:20.513] imu_att:-3.606,2.089,-1.689,-168.416,-0.597,-0.271
[17:39:20.553] imu_att:-3.582,2.080,-1.688,-167.693,-0.182,-0.306
[17:39:20.594] imu_att:-3.596,2.393,-1.689,-168.880,-0.718,-0.332
[17:39:20.634] imu_att:-3.622,2.233,-1.688,-168.683,-0.661,-0.382
[17:39:20.674] imu_att:-3.553,1.489,-1.697,-168.943,-1.042,-0.456
[17:39:20.714] imu_att:-3.558,1.801,-1.696,-168.122,-0.302,-0.497
[17:39:20.755] imu_att:-3.557,1.977,-1.695,-168.190,-0.688,-0.531
[17:39:20.794] imu_att:-3.609,2.021,-1.693,-167.620,-0.203,-0.565
[17:39:20.833] imu_att:-3.583,2.055,-1.687,-168.197,-0.215,-0.481
[17:39:20.874] imu_att:-3.594,2.138,-1.682,-167.966,-0.389,-0.495
[17:39:20.914] imu_att:-3.506,2.285,-1.659,-167.850,0.133,-0.405
[17:39:20.954] imu_att:-3.537,2.268,-1.635,-167.366,0.545,-0.227
[17:39:20.994] imu_att:-3.748,2.156,-1.645,-167.093,0.519,-0.119
[17:39:21.033] imu_att:-3.988,2.068,-1.691,-168.057,-0.093,-0.110
[17:39:21.074] imu_att:-3.209,2.559,-1.707,-166.878,0.606,-0.070
[17:39:21.114] imu_att:-3.045,4.123,-1.667,-165.998,1.411,0.114
[17:39:21.154] imu_att:-3.511,5.483,-1.652,-163.767,3.600,0.594
[17:39:21.193] imu_att:-3.485,6.869,-1.662,-163.080,4.536,1.122
[17:39:21.235] imu_att:-3.804,8.755,-1.733,-161.555,5.746,1.712
[17:39:21.274] imu_att:-3.650,10.785,-1.829,-161.130,6.488,2.220
[17:39:21.314] imu_att:-3.268,13.327,-1.901,-159.805,7.808,2.754
[17:39:21.353] imu_att:-3.238,15.522,-1.940,-159.335,8.290,3.262
[17:39:21.395] imu_att:-3.325,17.643,-1.973,-158.638,9.411,3.900
[17:39:21.434] imu_att:-3.358,18.943,-2.006,-158.589,9.422,4.481
[17:39:21.474] imu_att:-3.331,20.239,-2.044,-158.825,9.229,5.058
[17:39:21.513] imu_att:-3.048,21.404,-2.029,-158.484,9.162,5.690
[17:39:21.554] imu_att:-2.715,21.827,-1.944,-158.114,9.584,6.395
[17:39:21.594] imu_att:-3.342,22.802,-1.875,-158.015,9.720,7.051
[17:39:21.634] imu_att:-3.512,23.239,-1.861,-157.451,10.278,7.634
[17:39:21.673] imu_att:-3.752,23.167,-1.889,-157.567,10.331,8.089
[17:39:21.714] imu_att:-3.089,22.713,-1.894,-157.996,9.750,8.486
[17:39:21.754] imu_att:-3.158,22.168,-1.871,-157.744,9.900,8.760
[17:39:21.794] imu_att:-3.143,21.325,-1.836,-158.067,9.838,9.020
[17:39:21.833] imu_att:-2.995,20.215,-1.749,-158.204,9.746,9.273
[17:39:21.875] imu_att:-3.285,18.809,-1.643,-157.866,10.040,9.552
[17:39:21.914] imu_att:-3.817,17.470,-1.623,-157.947,10.202,9.723
[17:39:21.954] imu_att:-3.440,15.952,-1.604,-157.935,9.735,9.790
[17:39:21.993] imu_att:-3.221,14.579,-1.550,-158.113,9.806,9.883
[17:39:22.034] imu_att:-3.330,13.203,-1.476,-159.187,8.933,9.875
[17:39:22.074] imu_att:-3.591,11.962,-1.426,-158.465,9.286,9.846
[17:39:22.114] imu_att:-3.496,10.371,-1.358,-159.578,8.503,9.741
[17:39:22.153] imu_att:-3.513,8.924,-1.287,-159.980,7.922,9.504
[17:39:22.194] imu_att:-3.866,7.562,-1.261,-160.594,7.284,9.199
[17:39:22.234] imu_att:-4.082,6.153,-1.296,-162.000,6.210,8.724
[17:39:22.274] imu_att:-3.857,4.812,-1.348,-162.823,5.217,8.109
[17:39:22.314] imu_att:-3.963,3.806,-1.422,-164.614,3.188,7.455
[17:39:22.353] imu_att:-3.732,2.876,-1.502,-166.154,1.981,6.850
[17:39:22.394] imu_att:-2.934,2.124,-1.513,-167.634,0.214,6.255
[17:39:22.434] imu_att:-3.826,1.368,-1.539,-167.796,-0.665,5.583
[17:39:22.473] imu_att:-3.460,2.050,-1.543,-168.382,-0.534,4.989
[17:39:22.515] imu_att:-3.539,2.545,-1.539,-167.054,0.643,4.401
[17:39:22.554] imu_att:-3.542,2.381,-1.521,-167.475,0.410,3.825
[17:39:22.594] imu_att:-3.588,2.363,-1.522,-167.083,0.620,3.245
[17:39:22.633] imu_att:-3.586,2.535,-1.520,-166.989,0.907,2.804
[17:39:22.674] imu_att:-3.530,2.111,-1.508,-167.810,0.248,2.411
[17:39:22.714] imu_att:-3.578,2.018,-1.486,-168.191,-0.324,1.982
[17:39:22.754] imu_att:-3.731,1.895,-1.486,-168.046,-0.143,1.584
[17:39:22.793] imu_att:-3.620,2.068,-1.486,-167.806,0.002,1.276
[17:39:22.834] imu_att:-3.653,2.016,-1.486,-167.531,0.247,1.042
[17:39:22.874] imu_att:-3.607,2.214,-1.488,-168.285,0.021,0.904
[17:39:22.914] imu_att:-3.591,2.146,-1.495,-166.333,0.888,0.779
[17:39:22.953] imu_att:-3.610,2.082,-1.498,-167.954,-0.178,0.674
[17:39:22.993] imu_att:-3.592,2.338,-1.507,-166.508,0.846,0.546
[17:39:23.034] imu_att:-3.555,2.060,-1.509,-168.005,-0.106,0.484
[17:39:23.074] imu_att:-3.558,1.387,-1.513,-169.475,-1.385,0.243
[17:39:23.113] imu_att:-3.632,1.401,-1.515,-168.895,-1.171,-0.027
[17:39:23.153] imu_att:-3.573,1.791,-1.521,-169.343,-1.172,-0.210
[17:39:23.194] imu_att:-3.595,1.755,-1.529,-168.272,-0.500,-0.351
[17:39:23.234] imu_att:-3.505,1.695,-1.574,-168.194,-0.761,-0.484
[17:39:23.274] imu_att:-3.410,1.515,-1.601,-168.490,-0.736,-0.532
[17:39:23.313] imu_att:-3.120,0.754,-1.725,-169.677,-1.529,-0.740
[17:39:23.354] imu_att:-3.079,-0.350,-2.025,-171.964,-3.560,-1.354
[17:39:23.394] imu_att:-3.337,-1.792,-2.347,-173.847,-5.415,-2.163
[17:39:23.434] imu_att:-3.593,-3.497,-2.590,-177.677,-9.091,-3.084
[17:39:23.473] imu_att:-3.449,-5.224,-2.791,179.310,-12.404,-3.904
[17:39:23.515] imu_att:-3.613,-7.315,-2.949,171.803,-18.792,-4.684
[17:39:23.554] imu_att:-3.789,-9.214,-3.022,164.475,-25.860,-5.317
[17:39:23.594] imu_att:-3.671,-11.341,-2.998,157.088,-33.772,-5.982
[17:39:23.633] imu_att:-3.469,-13.012,-2.945,147.670,-42.530,-6.557
[17:39:23.675] imu_att:-3.593,-15.733,-2.873,135.209,-54.938,-7.115
[17:39:23.714] imu_att:-3.214,-16.412,-2.925,133.615,-58.377,-7.736
[17:39:23.754] imu_att:-2.519,-16.502,-3.133,133.763,-59.192,-8.643
[17:39:23.793] imu_att:-2.588,-16.673,-3.323,132.153,-59.388,-9.470
[17:39:23.835] imu_att:-3.393,-16.527,-3.441,131.938,-59.932,-10.227
[17:39:23.874] imu_att:-3.679,-16.110,-3.456,131.866,-60.215,-10.884
[17:39:23.914] imu_att:-3.664,-15.506,-3.421,135.437,-57.327,-11.494
[17:39:23.953] imu_att:-3.544,-15.255,-3.380,136.723,-56.533,-12.099
[17:39:23.993] imu_att:-3.466,-15.166,-3.339,137.392,-54.974,-12.642
[17:39:24.034] imu_att:-3.372,-14.955,-3.300,137.398,-54.682,-13.318
[17:39:24.074] imu_att:-3.337,-14.719,-3.259,140.000,-52.752,-13.931
[17:39:24.113] imu_att:-3.275,-14.509,-3.225,141.660,-50.792,-14.552
[17:39:24.155] imu_att:-3.295,-14.066,-3.181,144.299,-48.212,-15.166
[17:39:24.194] imu_att:-3.212,-13.681,-3.064,144.791,-47.167,-15.709
[17:39:24.234] imu_att:-3.679,-13.125,-2.883,146.902,-45.451,-16.124
[17:39:24.273] imu_att:-3.605,-12.213,-2.694,151.728,-41.059,-16.666
[17:39:24.315] imu_att:-3.471,-11.728,-2.590,156.115,-36.584,-17.228
[17:39:24.354] imu_att:-3.468,-11.112,-2.502,160.056,-33.270,-17.743
[17:39:24.394] imu_att:-3.406,-9.498,-2.449,166.262,-27.351,-18.428
[17:39:24.433] imu_att:-3.219,-7.390,-2.493,171.719,-22.246,-19.145
[17:39:24.473] imu_att:-3.338,-5.820,-2.546,177.993,-15.485,-19.116
[17:39:24.514] imu_att:-3.548,-3.888,-2.584,-179.031,-11.813,-18.571
[17:39:24.554] imu_att:-3.641,-2.322,-2.551,-175.256,-8.482,-18.061
[17:39:24.593] imu_att:-3.664,-0.764,-2.427,-172.320,-5.157,-17.350
[17:39:24.634] imu_att:-3.604,0.189,-2.267,-170.859,-3.324,-16.654
[17:39:24.674] imu_att:-3.569,0.865,-2.110,-170.391,-2.188,-15.958
[17:39:24.714] imu_att:-3.242,1.455,-2.059,-168.589,-1.291,-15.367
[17:39:24.753] imu_att:-3.227,1.633,-2.099,-169.645,-1.333,-14.864
[17:39:24.793] imu_att:-3.471,1.364,-2.113,-169.366,-1.585,-14.389
[17:39:24.834] imu_att:-3.624,0.905,-2.081,-169.732,-2.283,-13.755
[17:39:24.874] imu_att:-3.783,2.224,-2.100,-167.517,-0.258,-13.224
[17:39:24.913] imu_att:-3.866,1.662,-2.117,-168.811,-1.129,-12.689
[17:39:24.955] imu_att:-3.585,1.116,-2.124,-169.093,-1.485,-12.143
[17:39:24.994] imu_att:-3.555,0.645,-2.111,-170.116,-2.531,-11.573
[17:39:25.034] imu_att:-3.562,1.092,-2.106,-169.531,-2.137,-11.010
[17:39:25.073] imu_att:-3.593,2.834,-2.099,-166.678,0.480,-10.442
[17:39:25.114] imu_att:-3.626,2.644,-2.099,-166.966,0.988,-9.880
[17:39:25.154] imu_att:-3.602,2.060,-2.097,-168.134,0.205,-9.312
[17:39:25.194] imu_att:-3.631,1.678,-2.095,-169.336,-0.945,-8.743
[17:39:25.233] imu_att:-3.622,1.727,-2.096,-167.893,-0.239,-8.174
[17:39:25.274] imu_att:-3.649,2.183,-2.094,-168.060,-0.342,-7.601
[17:39:25.314] imu_att:-3.620,2.384,-2.095,-168.040,-0.012,-7.027
[17:39:25.354] imu_att:-3.629,2.691,-2.101,-167.596,0.044,-6.457
[17:39:25.393] imu_att:-3.592,3.296,-2.108,-165.311,2.025,-5.886
[17:39:25.434] imu_att:-3.573,2.065,-2.114,-167.727,0.466,-5.311
[17:39:25.474] imu_att:-3.604,0.950,-2.115,-168.973,-0.934,-4.729
[17:39:25.514] imu_att:-3.604,1.465,-2.112,-170.172,-2.517,-4.336
[17:39:25.553] imu_att:-3.608,1.833,-2.111,-168.121,-0.666,-3.846
[17:39:25.594] imu_att:-3.609,2.005,-2.114,-168.505,-0.721,-3.251
[17:39:25.634] imu_att:-3.604,2.056,-2.114,-168.017,-0.194,-2.787
[17:39:25.674] imu_att:-3.601,2.033,-2.114,-167.818,-0.021,-2.221
[17:39:25.713] imu_att:-3.605,2.054,-2.114,-168.164,-0.130,-1.829
[17:39:25.753] imu_att:-3.602,2.267,-2.115,-167.073,0.525,-1.512
[17:39:25.794] imu_att:-3.601,1.886,-2.116,-168.288,-0.230,-1.194
[17:39:25.834] imu_att:-3.595,1.997,-2.114,-167.996,-0.256,-0.927
[17:39:25.873] imu_att:-3.594,2.078,-2.112,-167.445,-0.004,-0.774
[17:39:25.913] imu_att:-3.591,2.080,-2.110,-167.600,-0.041,-0.630
[17:39:25.954] imu_att:-3.370,1.562,-2.070,-168.940,-0.894,-0.588
[17:39:25.994] imu_att:-3.637,1.102,-2.043,-169.815,-2.008,-0.762
[17:39:26.034] imu_att:-3.381,1.797,-1.972,-168.427,-0.916,-0.837
[17:39:26.073] imu_att:-3.446,2.268,-1.847,-167.662,0.550,-0.484
[17:39:26.114] imu_att:-4.187,2.325,-1.436,-166.356,1.084,0.104
[17:39:26.154] imu_att:-3.216,2.717,-0.312,-165.825,2.093,1.415
[17:39:26.194] imu_att:-1.485,3.078,1.323,-163.944,3.828,3.239
[17:39:26.233] imu_att:-0.274,2.494,3.238,-162.676,4.999,5.194
[17:39:26.274] imu_att:-1.486,1.817,5.227,-160.668,6.607,7.043
[17:39:26.314] imu_att:-4.591,1.356,7.189,-157.280,9.859,9.073
[17:39:26.354] imu_att:-5.000,0.441,9.443,-154.692,12.117,11.440
[17:39:26.393] imu_att:-3.481,1.357,11.898,-152.178,14.799,13.992
[17:39:26.434] imu_att:-2.781,3.282,15.077,-144.368,21.276,17.561
[17:39:26.474] imu_att:-4.847,4.084,19.274,-139.293,27.417,22.423
[17:39:26.514] imu_att:-6.072,4.002,23.140,-134.772,31.976,26.897
[17:39:26.553] imu_att:-3.742,3.259,27.217,-132.776,34.654,31.583
[17:39:26.594] imu_att:-4.087,1.484,31.845,-129.513,36.950,36.456
[17:39:26.634] imu_att:-6.236,0.712,36.786,-121.655,44.535,41.754
[17:39:26.674] imu_att:-6.064,1.486,41.553,-115.309,51.522,47.130
[17:39:26.713] imu_att:-1.898,1.806,46.507,-117.710,50.868,52.385
[17:39:26.754] imu_att:-1.778,2.074,50.846,-112.522,54.084,56.298
[17:39:26.794] imu_att:-1.572,2.935,55.465,-107.968,58.763,60.504
[17:39:26.834] imu_att:0.145,4.277,59.242,-108.059,59.896,63.785
[17:39:26.873] imu_att:-0.617,3.929,62.914,-102.694,63.547,66.866
[17:39:26.914] imu_att:-2.324,3.264,65.970,-97.865,68.707,69.525
[17:39:26.954] imu_att:-3.106,2.656,68.386,-93.547,72.218,71.892
[17:39:26.994] imu_att:-4.869,2.892,70.671,-90.803,76.546,74.549
[17:39:27.033] imu_att:-4.476,4.046,72.308,-87.716,79.392,76.768
[17:39:27.074] imu_att:-4.408,3.672,73.999,-84.121,82.428,79.046
[17:39:27.114] imu_att:-5.911,2.245,75.644,-78.990,87.894,81.303
[17:39:27.154] imu_att:-6.685,1.222,77.252,-74.389,92.489,83.527
[17:39:27.193] imu_att:-7.291,1.679,79.015,-71.468,95.305,85.907
[17:39:27.234] imu_att:-7.544,1.748,80.823,-70.083,97.551,88.334
[17:39:27.274] imu_att:-6.694,2.210,82.710,-70.005,98.184,90.842
[17:39:27.314] imu_att:-6.269,2.537,84.425,-67.626,99.440,93.180
[17:39:27.353] imu_att:-6.378,3.567,86.014,-67.808,100.026,95.394
[17:39:27.394] imu_att:-5.644,3.931,87.377,-68.073,99.349,97.308
[17:39:27.434] imu_att:-6.069,3.507,88.401,-66.276,101.187,98.829
[17:39:27.474] imu_att:-6.184,3.559,89.066,-66.284,101.508,99.935
[17:39:27.513] imu_att:-6.343,3.055,89.451,-63.718,103.620,100.761
[17:39:27.555] imu_att:-5.753,1.627,89.899,-62.338,104.779,101.870
[17:39:27.594] imu_att:-4.781,1.047,90.240,-61.512,105.890,102.779
[17:39:27.634] imu_att:-1.775,1.540,90.485,-65.079,103.841,103.510
[17:39:27.673] imu_att:-2.837,2.658,90.626,-64.142,103.058,103.542
[17:39:27.713] imu_att:-2.855,2.872,90.620,-64.600,103.588,103.608
[17:39:27.754] imu_att:-2.909,3.143,90.598,-63.790,103.560,103.558
[17:39:27.794] imu_att:-2.807,2.034,90.558,-63.442,104.615,103.664
[17:39:27.833] imu_att:-2.825,1.853,90.563,-63.309,104.758,103.888
[17:39:27.873] imu_att:-2.872,2.484,90.554,-63.104,104.824,104.104
[17:39:27.914] imu_att:-2.783,2.660,90.547,-63.786,104.237,104.233
[17:39:27.954] imu_att:-2.817,2.355,90.535,-63.345,104.474,104.277
[17:39:27.994] imu_att:-2.745,1.191,90.530,-62.635,104.726,104.376
[17:39:28.033] imu_att:-2.645,0.444,90.549,-62.492,105.535,104.597
[17:39:28.074] imu_att:-2.741,1.148,90.557,-62.232,105.356,104.794
[17:39:28.114] imu_att:-2.804,1.609,90.573,-63.476,104.347,104.805
[17:39:28.154] imu_att:-2.821,2.331,90.577,-64.366,103.326,104.612
[17:39:28.193] imu_att:-2.790,2.745,90.586,-65.243,102.325,104.258
[17:39:28.235] imu_att:-2.765,3.582,90.587,-66.333,101.541,103.853
[17:39:28.274] imu_att:-2.763,3.329,90.587,-66.434,101.720,103.461
[17:39:28.314] imu_att:-2.778,2.583,90.585,-65.503,101.901,103.143
[17:39:28.353] imu_att:-2.754,2.485,90.586,-65.614,101.992,102.895
[17:39:28.395] imu_att:-2.753,2.414,90.582,-65.692,102.093,102.779
[17:39:28.434] imu_att:-2.766,2.341,90.582,-65.172,102.556,102.713
[17:39:28.474] imu_att:-2.765,2.275,90.585,-65.963,102.192,102.711
[17:39:28.513] imu_att:-2.761,2.281,90.584,-66.335,101.662,102.587
[17:39:28.555] imu_att:-2.763,2.355,90.581,-65.412,102.152,102.452
[17:39:28.594] imu_att:-2.749,2.425,90.582,-64.927,102.694,102.482
[17:39:28.634] imu_att:-2.773,2.381,90.584,-66.062,101.970,102.477
[17:39:28.673] imu_att:-2.782,2.599,90.578,-65.643,102.213,102.438
[17:39:28.714] imu_att:-2.748,2.465,90.575,-65.861,101.997,102.375
[17:39:28.754] imu_att:-2.762,2.180,90.575,-66.351,101.644,102.310
[17:39:28.794] imu_att:-2.784,1.988,90.569,-65.392,102.416,102.305
[17:39:28.834] imu_att:-2.764,2.187,90.569,-65.476,102.512,102.373
[17:39:28.873] imu_att:-2.782,2.233,90.570,-65.229,102.520,102.427
[17:39:28.914] imu_att:-2.796,2.282,90.570,-65.709,101.965,102.366
[17:39:28.954] imu_att:-2.754,2.215,90.570,-65.081,102.279,102.341
[17:39:28.994] imu_att:-2.766,2.198,90.573,-66.180,101.645,102.282
[17:39:29.033] imu_att:-2.771,2.165,90.574,-65.317,102.532,102.296
[17:39:29.075] imu_att:-2.765,2.078,90.576,-65.257,102.684,102.420
[17:39:29.114] imu_att:-2.790,1.959,90.582,-63.768,103.319,102.527
[17:39:29.154] imu_att:-2.831,2.495,90.579,-65.715,102.836,102.651
[17:39:29.193] imu_att:-2.780,2.401,90.580,-66.584,101.720,102.666
[17:39:29.235] imu_att:-2.780,2.374,90.581,-65.052,102.599,102.596
[17:39:29.274] imu_att:-2.747,2.372,90.582,-65.382,102.180,102.531
[17:39:29.314] imu_att:-2.748,2.275,90.587,-65.284,102.205,102.457
[17:39:29.353] imu_att:-2.784,2.648,90.589,-64.997,102.685,102.468
[17:39:29.395] imu_att:-2.763,2.608,90.589,-66.248,101.933,102.434
[17:39:29.434] imu_att:-2.760,2.275,90.584,-66.021,101.760,102.337
[17:39:29.474] imu_att:-2.815,1.965,90.572,-66.406,101.764,102.262
[17:39:29.513] imu_att:-3.074,1.530,90.519,-66.080,101.764,102.136
[17:39:29.555] imu_att:-3.618,1.658,90.300,-65.525,102.507,101.982
[17:39:29.594] imu_att:-4.007,2.835,89.901,-66.618,101.333,101.639
[17:39:29.634] imu_att:-4.031,3.434,89.060,-68.639,99.638,100.618
[17:39:29.673] imu_att:-4.177,4.110,87.620,-70.381,97.980,99.039
[17:39:29.713] imu_att:-3.980,5.400,85.572,-74.582,93.960,96.584
[17:39:29.754] imu_att:-2.293,5.522,83.067,-80.176,89.158,93.517
[17:39:29.794] imu_att:-0.985,4.325,80.186,-87.775,81.304,90.058
[17:39:29.833] imu_att:-1.295,3.492,77.331,-89.481,78.553,86.682
[17:39:29.873] imu_att:-1.831,2.755,73.376,-91.292,76.434,82.087
[17:39:29.914] imu_att:-2.585,1.845,69.715,-90.686,77.072,77.961
[17:39:29.954] imu_att:-3.813,2.926,65.870,-93.812,73.901,74.065
[17:39:29.994] imu_att:-7.565,3.340,61.272,-90.951,76.664,69.993
[17:39:30.033] imu_att:-8.239,0.254,56.840,-93.776,75.110,66.117
[17:39:30.075] imu_att:-11.513,-1.550,51.230,-93.472,74.199,61.189
[17:39:30.114] imu_att:-13.414,0.290,46.467,-94.165,73.936,56.985
[17:39:30.154] imu_att:-12.533,0.635,40.794,-98.778,70.822,51.998
[17:39:30.193] imu_att:-12.249,0.728,35.897,-103.577,65.285,47.727
[17:39:30.235] imu_att:-12.387,0.395,30.863,-108.348,60.692,43.320
[17:39:30.274] imu_att:-10.266,0.252,25.852,-120.011,49.850,38.939
[17:39:30.314] imu_att:-8.577,1.239,21.064,-131.070,38.478,34.783
[17:39:30.353] imu_att:-6.290,1.910,16.637,-144.562,26.669,30.406
[17:39:30.394] imu_att:-1.739,1.941,12.864,-151.701,16.948,26.064
[17:39:30.434] imu_att:1.726,4.504,9.829,-159.123,10.592,22.460
[17:39:30.474] imu_att:2.602,5.335,7.646,-162.552,6.064,19.763
[17:39:30.513] imu_att:2.013,5.805,5.680,-163.289,4.534,17.167
[17:39:30.553] imu_att:1.109,5.142,4.489,-163.134,4.175,15.400
[17:39:30.594] imu_att:-0.327,4.674,3.577,-160.331,6.573,13.910
[17:39:30.634] imu_att:-1.982,4.319,2.966,-157.974,9.147,12.721
[17:39:30.673] imu_att:-3.658,3.439,2.674,-155.017,12.132,12.180
[17:39:30.713] imu_att:-6.392,2.168,2.481,-152.077,14.954,12.253
[17:39:30.754] imu_att:-9.582,1.584,2.483,-152.045,15.973,12.938
[17:39:30.794] imu_att:-8.884,1.256,2.278,-154.688,14.277,13.206
[17:39:30.833] imu_att:-6.307,0.413,2.020,-162.475,7.256,12.572
[17:39:30.873] imu_att:-3.937,1.309,1.669,-161.803,5.966,11.643
[17:39:30.914] imu_att:-1.970,1.024,1.613,-163.269,4.612,11.064
[17:39:30.954] imu_att:-3.109,1.952,1.614,-162.511,4.923,10.424
[17:39:30.994] imu_att:-3.175,2.491,1.622,-161.415,6.097,9.848
[17:39:31.033] imu_att:-3.047,2.273,1.676,-161.847,6.060,9.317
[17:39:31.074] imu_att:-3.892,2.036,1.687,-161.978,5.593,8.740
[17:39:31.114] imu_att:-3.568,2.349,1.693,-161.083,6.567,8.336
[17:39:31.154] imu_att:-3.512,2.113,1.705,-161.665,5.971,7.927
[17:39:31.193] imu_att:-3.556,2.099,1.706,-162.319,5.724,7.557
[17:39:31.234] imu_att:-3.551,2.067,1.706,-161.661,6.047,7.254
[17:39:31.274] imu_att:-3.530,2.035,1.705,-161.902,5.981,7.051
[17:39:31.314] imu_att:-3.535,2.053,1.706,-162.460,5.984,6.913
[17:39:31.353] imu_att:-3.511,2.064,1.705,-161.674,5.794,6.720
[17:39:31.393] imu_att:-3.532,2.092,1.703,-161.616,6.197,6.601
[17:39:31.434] imu_att:-3.512,2.081,1.703,-161.486,6.084,6.503
[17:39:31.474] imu_att:-3.561,2.076,1.704,-161.689,5.985,6.380
[17:39:31.514] imu_att:-3.536,2.064,1.704,-162.744,5.439,6.294
[17:39:31.553] imu_att:-3.549,2.066,1.703,-162.277,5.891,6.180
[17:39:31.594] imu_att:-3.530,2.061,1.702,-161.917,5.661,6.070
[17:39:31.634] imu_att:-3.544,2.062,1.702,-161.392,6.243,6.051
[17:39:31.674] imu_att:-3.517,2.049,1.702,-162.131,5.762,6.042
[17:39:31.713] imu_att:-3.551,2.058,1.701,-160.879,6.881,6.108
[17:39:31.753] imu_att:-3.528,2.061,1.701,-162.186,5.729,6.132
[17:39:31.794] imu_att:-3.547,2.046,1.701,-161.496,6.309,6.141
[17:39:31.834] imu_att:-3.524,2.054,1.699,-161.811,6.135,6.186
[17:39:31.873] imu_att:-3.529,2.050,1.699,-161.753,6.084,6.171
[17:39:31.914] imu_att:-3.519,2.051,1.700,-161.795,5.924,6.139
[17:39:31.954] imu_att:-3.513,2.053,1.701,-161.911,6.000,6.164
[17:39:31.994] imu_att:-3.541,2.064,1.699,-161.529,6.153,6.117
[17:39:32.033] imu_att:-3.516,2.071,1.698,-160.705,6.910,6.177
[17:39:32.073] imu_att:-3.526,2.059,1.696,-162.596,5.486,6.167
[17:39:32.114] imu_att:-3.523,2.049,1.696,-161.551,6.239,6.137
[17:39:32.154] imu_att:-3.548,2.044,1.695,-162.132,5.769,6.105
[17:39:32.193] imu_att:-3.530,2.046,1.693,-161.824,5.842,6.014
[17:39:32.233] imu_att:-3.534,2.048,1.692,-162.031,6.117,6.020
[17:39:32.274] imu_att:-3.535,2.055,1.691,-162.408,5.464,5.958
[17:39:32.314] imu_att:-3.550,2.052,1.690,-162.145,5.641,5.878
[17:39:32.353] imu_att:-3.548,2.072,1.689,-161.465,6.295,5.902
[17:39:32.393] imu_att:-3.530,2.051,1.688,-161.204,6.412,5.970
[17:39:32.434] imu_att:-3.510,1.819,1.694,-163.147,5.583,6.009
[17:39:32.474] imu_att:-3.518,2.394,1.697,-161.263,6.011,5.919
[17:39:32.514] imu_att:-3.549,3.050,1.694,-160.282,7.420,6.094
[17:39:32.553] imu_att:-3.664,2.590,1.680,-160.497,7.664,6.367
[17:39:32.594] imu_att:-4.178,1.568,1.526,-161.344,6.741,6.372
[17:39:32.634] imu_att:-6.009,2.012,0.841,-160.726,6.764,5.766
[17:39:32.674] imu_att:-9.121,1.298,-1.275,-164.393,5.561,4.050
[17:39:32.713] imu_att:-8.046,-0.369,-4.480,-173.340,-2.593,0.599
[17:39:32.754] imu_att:-6.161,0.997,-8.257,-177.044,-8.121,-3.775
[17:39:32.794] imu_att:-6.801,4.398,-12.499,-175.586,-8.039,-8.368
[17:39:32.834] imu_att:-7.761,6.833,-17.271,-173.804,-6.548,-12.626
[17:39:32.873] imu_att:-5.498,5.647,-22.229,176.238,-12.220,-16.982
[17:39:32.915] imu_att:-2.420,2.754,-27.151,164.643,-25.081,-22.008
[17:39:32.954] imu_att:-0.276,2.303,-31.717,161.251,-30.129,-27.111
[17:39:32.994] imu_att:2.639,2.001,-37.295,157.431,-33.811,-33.113
[17:39:33.034] imu_att:2.825,1.902,-42.117,153.163,-38.336,-38.073
[17:39:33.073] imu_att:2.455,2.951,-46.927,151.836,-40.483,-42.724
[17:39:33.114] imu_att:1.336,2.852,-51.592,147.570,-43.561,-46.805
[17:39:33.154] imu_att:-1.582,0.591,-55.968,136.642,-51.681,-50.790
[17:39:33.194] imu_att:1.232,0.579,-59.494,138.024,-53.973,-54.526
[17:39:33.233] imu_att:-0.940,3.252,-62.438,135.507,-56.110,-57.272
[17:39:33.274] imu_att:-3.505,2.385,-65.330,129.819,-60.578,-59.964
[17:39:33.314] imu_att:-2.713,0.859,-67.930,126.815,-63.965,-62.815
[17:39:33.354] imu_att:-1.674,3.623,-71.081,131.658,-61.535,-65.738
[17:39:33.393] imu_att:-5.926,6.157,-74.184,120.462,-68.920,-68.435
[17:39:33.435] imu_att:-9.514,5.153,-77.842,109.632,-80.051,-72.620
[17:39:33.474] imu_att:-6.946,0.367,-81.161,107.892,-85.415,-76.535
[17:39:33.514] imu_att:-3.652,-0.542,-83.420,110.976,-80.217,-79.212
[17:39:33.553] imu_att:-1.831,-0.201,-85.145,111.690,-81.109,-81.182
[17:39:33.595] imu_att:-0.996,0.799,-86.583,111.767,-80.138,-82.248
[17:39:33.634] imu_att:0.261,1.269,-87.323,113.413,-78.955,-82.498
[17:39:33.674] imu_att:-0.764,1.682,-87.729,111.155,-80.243,-82.275
[17:39:33.713] imu_att:-2.297,3.072,-87.813,109.282,-82.484,-82.217
[17:39:33.753] imu_att:-2.930,3.926,-87.910,108.026,-83.408,-82.398
[17:39:33.794] imu_att:-3.552,3.605,-88.072,106.491,-85.187,-82.880
[17:39:33.834] imu_att:-2.992,2.970,-88.235,107.885,-84.613,-83.405
[17:39:33.873] imu_att:-2.132,2.318,-88.246,109.301,-83.003,-83.443
[17:39:33.913] imu_att:-2.637,2.022,-88.212,107.763,-84.040,-83.414
[17:39:33.954] imu_att:-2.692,1.650,-88.169,107.336,-84.850,-83.574
[17:39:33.994] imu_att:-2.722,1.497,-88.092,106.747,-84.995,-83.725
[17:39:34.034] imu_att:-3.105,2.068,-88.055,106.597,-85.579,-83.962
[17:39:34.073] imu_att:-3.042,3.209,-88.031,106.832,-85.455,-84.301
[17:39:34.114] imu_att:-3.034,3.023,-88.015,105.649,-86.074,-84.547
[17:39:34.154] imu_att:-3.077,2.275,-88.008,106.834,-85.617,-84.824
[17:39:34.194] imu_att:-3.028,2.259,-87.999,106.100,-85.953,-84.980
[17:39:34.233] imu_att:-2.992,2.371,-87.992,105.469,-86.375,-85.140
[17:39:34.273] imu_att:-2.998,2.175,-87.990,106.940,-85.918,-85.323
[17:39:34.314] imu_att:-2.964,2.296,-87.987,106.078,-86.069,-85.430
[17:39:34.354] imu_att:-2.992,2.210,-87.985,105.729,-85.964,-85.534
[17:39:34.393] imu_att:-2.973,2.280,-87.982,106.414,-85.816,-85.590
[17:39:34.435] imu_att:-2.988,2.252,-87.982,105.861,-86.386,-85.705
[17:39:34.474] imu_att:-2.967,2.275,-87.980,106.482,-85.996,-85.802
[17:39:34.514] imu_att:-2.968,2.268,-87.976,105.218,-86.881,-85.903
[17:39:34.553] imu_att:-2.977,2.266,-87.974,106.223,-86.074,-85.963
[17:39:34.595] imu_att:-2.986,2.274,-87.971,106.082,-85.910,-85.967
[17:39:34.634] imu_att:-2.964,2.261,-87.969,105.449,-86.357,-86.003
[17:39:34.674] imu_att:-2.969,2.277,-87.967,105.806,-86.399,-86.090
[17:39:34.713] imu_att:-2.972,2.246,-87.965,106.327,-86.216,-86.118
[17:39:34.755] imu_att:-2.969,2.256,-87.962,105.458,-86.493,-86.114
[17:39:34.794] imu_att:-2.981,2.242,-87.964,106.137,-86.106,-86.153
[17:39:34.834] imu_att:-2.962,2.266,-87.963,107.013,-85.682,-86.123
[17:39:34.873] imu_att:-2.977,2.257,-87.962,106.075,-85.530,-86.017
[17:39:34.913] imu_att:-2.967,2.275,-87.960,106.017,-86.170,-86.023
[17:39:34.954] imu_att:-2.973,2.258,-87.958,105.944,-86.106,-86.054
[17:39:34.994] imu_att:-2.954,2.268,-87.957,105.734,-86.194,-86.056
[17:39:35.033] imu_att:-2.963,2.254,-87.955,106.267,-86.110,-86.056
[17:39:35.073] imu_att:-2.972,2.263,-87.953,106.276,-85.983,-86.054
[17:39:35.114] imu_att:-2.985,2.227,-87.951,106.417,-86.103,-86.093
[17:39:35.154] imu_att:-2.987,2.244,-87.949,106.140,-85.995,-86.058
[17:39:35.194] imu_att:-2.979,2.248,-87.947,106.933,-85.667,-86.059
[17:39:35.233] imu_att:-2.979,2.254,-87.945,106.467,-85.880,-86.061
[17:39:35.274] imu_att:-2.990,2.239,-87.943,106.330,-85.861,-86.030
[17:39:35.314] imu_att:-2.979,2.318,-87.939,106.485,-85.760,-85.992
[17:39:35.354] imu_att:-2.943,2.382,-87.935,107.301,-85.329,-85.887
[17:39:35.393] imu_att:-2.896,2.112,-87.921,105.969,-85.957,-85.823
[17:39:35.434] imu_att:-3.020,1.974,-87.919,106.389,-86.168,-85.869
[17:39:35.474] imu_att:-2.963,2.488,-87.917,106.578,-85.927,-85.938
[17:39:35.514] imu_att:-2.936,2.642,-87.906,106.189,-85.745,-85.883
[17:39:35.553] imu_att:-2.846,3.209,-87.880,107.463,-85.048,-85.796
[17:39:35.595] imu_att:-2.811,2.831,-87.833,107.268,-84.402,-85.516
[17:39:35.634] imu_att:-2.916,2.526,-87.781,107.521,-84.649,-85.314
[17:39:35.674] imu_att:-2.324,2.572,-87.653,108.751,-83.785,-84.971
[17:39:35.714] imu_att:-1.904,2.964,-87.285,111.503,-81.336,-84.169
[17:39:35.754] imu_att:-0.820,4.331,-86.436,117.255,-76.441,-82.722
[17:39:35.794] imu_att:-1.666,4.138,-85.346,115.563,-75.873,-81.030
[17:39:35.834] imu_att:-2.461,3.561,-83.941,120.327,-73.536,-79.023
[17:39:35.873] imu_att:-3.119,3.868,-82.040,120.993,-71.482,-76.517
[17:39:35.914] imu_att:-4.007,3.497,-79.631,124.454,-68.184,-73.503
[17:39:35.954] imu_att:-3.261,2.909,-76.845,130.877,-62.774,-70.168
[17:39:35.994] imu_att:-3.252,2.845,-72.729,136.348,-56.984,-65.381
[17:39:36.033] imu_att:-4.758,2.655,-68.367,138.832,-54.112,-60.407
[17:39:36.074] imu_att:-3.975,4.475,-63.647,144.854,-48.679,-55.072
[17:39:36.115] imu_att:-4.744,4.707,-58.601,149.005,-44.038,-49.410
[17:39:36.154] imu_att:-4.213,3.938,-53.014,150.357,-42.134,-43.292
[17:39:36.193] imu_att:-4.463,3.393,-47.258,151.748,-40.425,-37.675
[17:39:36.235] imu_att:-5.949,4.523,-41.814,157.113,-35.894,-32.808
[17:39:36.274] imu_att:-6.205,4.835,-36.177,159.927,-32.401,-27.754
[17:39:36.314] imu_att:-6.427,5.672,-30.672,171.251,-23.167,-22.702
[17:39:36.353] imu_att:-6.462,7.214,-25.785,178.614,-14.659,-17.437
[17:39:36.394] imu_att:-5.402,6.383,-21.574,-178.722,-11.518,-12.782
[17:39:36.434] imu_att:-4.977,5.313,-16.726,-178.159,-10.456,-8.069
[17:39:36.474] imu_att:-4.477,5.730,-13.158,-175.258,-8.143,-5.011
[17:39:36.513] imu_att:-4.842,5.102,-9.820,-173.863,-6.024,-2.259
[17:39:36.554] imu_att:-5.030,4.022,-7.162,-171.565,-4.073,-0.248
[17:39:36.594] imu_att:-2.455,3.616,-5.371,-170.188,-2.478,0.954
[17:39:36.634] imu_att:-2.270,3.612,-4.075,-167.973,-0.742,1.674
[17:39:36.673] imu_att:-5.456,3.600,-3.349,-164.789,2.469,2.198
[17:39:36.715] imu_att:-6.098,3.343,-2.948,-164.877,3.124,2.709
[17:39:36.754] imu_att:-4.315,3.376,-2.534,-166.250,1.880,3.049
[17:39:36.794] imu_att:-3.169,3.925,-2.231,-165.436,2.215,3.110
[17:39:36.833] imu_att:-4.896,4.397,-1.941,-163.405,3.732,3.337
[17:39:36.873] imu_att:-3.959,4.545,-1.671,-163.390,4.515,3.797
[17:39:36.914] imu_att:-2.174,4.217,-1.303,-164.404,3.580,4.161
[17:39:36.954] imu_att:-4.231,3.870,-1.015,-164.099,3.404,4.273
[17:39:36.994] imu_att:-4.672,3.031,-0.980,-164.858,2.880,4.119
[17:39:37.033] imu_att:-4.076,2.169,-0.960,-167.302,0.877,3.706
[17:39:37.074] imu_att:-3.712,1.655,-0.948,-168.546,-0.229,3.122
[17:39:37.114] imu_att:-3.538,2.186,-0.922,-168.159,-0.395,2.548
[17:39:37.154] imu_att:-3.383,2.590,-0.884,-166.447,0.941,2.149
[17:39:37.193] imu_att:-3.458,2.978,-0.831,-166.568,1.340,2.058
[17:39:37.235] imu_att:-2.872,2.671,-0.700,-166.526,1.322,2.028
[17:39:37.274] imu_att:-2.096,2.665,-0.389,-167.025,0.931,2.137
[17:39:37.314] imu_att:-2.197,2.775,0.092,-166.154,1.406,2.372
[17:39:37.353] imu_att:-4.297,2.450,0.472,-166.460,1.387,2.533
[17:39:37.394] imu_att:-5.759,1.772,0.540,-166.296,2.010,2.471
[17:39:37.434] imu_att:-5.003,1.868,0.473,-166.561,1.435,2.245
[17:39:37.474] imu_att:-4.256,2.074,0.369,-166.240,1.345,1.987
[17:39:37.513] imu_att:-3.618,2.449,0.312,-166.333,1.535,1.837
[17:39:37.554] imu_att:-3.425,2.706,0.288,-166.413,1.478,1.735
[17:39:37.594] imu_att:-3.235,3.195,0.284,-165.343,2.100,1.745
[17:39:37.634] imu_att:-3.511,2.236,0.303,-166.659,1.533,1.814
[17:39:37.673] imu_att:-3.493,1.204,0.294,-168.596,-0.161,1.602
[17:39:37.714] imu_att:-3.574,1.690,0.291,-167.915,0.096,1.287
[17:39:37.754] imu_att:-3.548,2.010,0.291,-167.402,0.319,1.074
[17:39:37.794] imu_att:-3.572,2.198,0.292,-166.990,1.230,1.042
[17:39:37.833] imu_att:-3.556,2.320,0.293,-166.631,1.430,1.140
[17:39:37.873] imu_att:-3.569,2.331,0.291,-167.670,0.639,1.111
[17:39:37.914] imu_att:-3.549,2.231,0.288,-167.749,0.650,1.009
[17:39:37.954] imu_att:-3.546,2.131,0.285,-167.186,0.501,0.880
[17:39:37.993] imu_att:-3.537,2.087,0.283,-167.715,0.296,0.787
[17:39:38.033] imu_att:-3.565,2.079,0.280,-167.522,0.367,0.718
[17:39:38.074] imu_att:-3.542,2.118,0.278,-166.898,0.831,0.708
[17:39:38.114] imu_att:-3.549,2.159,0.277,-166.932,0.968,0.768
[17:39:38.153] imu_att:-3.535,2.155,0.275,-167.150,0.718,0.772
[17:39:38.193] imu_att:-3.550,2.124,0.275,-167.267,0.601,0.757
[17:39:38.234] imu_att:-3.569,2.132,0.274,-166.629,1.174,0.793
[17:39:38.274] imu_att:-3.564,2.114,0.274,-167.476,0.528,0.811
[17:39:38.313] imu_att:-3.537,2.121,0.273,-167.039,0.736,0.766
[17:39:38.353] imu_att:-3.561,2.122,0.273,-167.087,1.022,0.773
[17:39:38.394] imu_att:-3.535,2.136,0.273,-167.279,1.189,0.814
[17:39:38.434] imu_att:-3.557,2.129,0.271,-168.318,-0.075,0.778
[17:39:38.474] imu_att:-3.485,2.058,0.276,-166.861,1.146,0.776
[17:39:38.513] imu_att:-3.520,1.768,0.285,-167.810,0.253,0.770
[17:39:38.554] imu_att:-3.544,2.089,0.292,-167.088,0.679,0.719
[17:39:38.594] imu_att:-3.659,2.320,0.285,-166.995,1.002,0.738
[17:39:38.634] imu_att:-3.555,2.340,0.285,-166.903,1.018,0.789
[17:39:38.673] imu_att:-3.578,2.140,0.280,-167.360,0.691,0.796
[17:39:38.713] imu_att:-3.538,2.177,0.277,-166.368,1.345,0.816
[17:39:38.754] imu_att:-3.547,2.102,0.277,-166.992,1.133,0.887
[17:39:38.794] imu_att:-3.555,2.052,0.276,-167.280,0.479,0.830
[17:39:38.833] imu_att:-3.545,2.167,0.275,-166.831,0.325,0.672
[17:39:38.873] imu_att:-3.572,2.168,0.275,-167.255,0.734,0.697
[17:39:38.915] imu_att:-3.580,2.127,0.273,-167.261,0.626,0.681
[17:39:38.954] imu_att:-3.532,2.040,0.272,-167.245,0.677,0.673
[17:39:38.993] imu_att:-3.512,2.198,0.272,-166.843,0.900,0.684
[17:39:39.033] imu_att:-3.585,2.081,0.272,-167.189,0.651,0.683
[17:39:39.074] imu_att:-3.529,2.187,0.272,-166.515,0.653,0.632
[17:39:39.114] imu_att:-3.563,2.117,0.271,-165.704,1.602,0.747
[17:39:39.153] imu_att:-3.560,2.144,0.271,-166.770,1.325,0.921
[17:39:39.193] imu_att:-3.562,2.140,0.268,-166.907,0.895,0.918
[17:39:39.234] imu_att:-3.582,2.112,0.268,-166.682,0.970,0.906
[17:39:39.274] imu_att:-3.560,2.161,0.265,-166.670,1.092,0.892
[17:39:39.314] imu_att:-3.555,2.207,0.261,-167.385,0.354,0.815
[17:39:39.353] imu_att:-3.538,2.188,0.256,-166.923,0.410,0.729
[17:39:39.394] imu_att:-3.553,2.119,0.253,-168.059,-0.038,0.641
[17:39:39.434] imu_att:-3.541,2.007,0.253,-167.239,0.666,0.584
[17:39:39.474] imu_att:-3.554,1.842,0.251,-167.674,0.154,0.498
[17:39:39.513] imu_att:-3.538,1.921,0.251,-167.492,0.322,0.461
[17:39:39.554] imu_att:-3.540,2.418,0.253,-166.646,1.087,0.535
[17:39:39.594] imu_att:-3.587,2.171,0.249,-167.626,0.502,0.579
[17:39:39.634] imu_att:-3.548,2.170,0.250,-166.848,0.771,0.585
[17:39:39.673] imu_att:-3.538,2.194,0.247,-166.965,0.705,0.585
[17:39:39.713] imu_att:-3.543,2.208,0.244,-167.132,0.773,0.620
[17:39:39.754] imu_att:-3.562,2.141,0.242,-167.060,0.805,0.653
[17:39:39.794] imu_att:-3.540,2.067,0.241,-167.059,1.161,0.723
[17:39:39.833] imu_att:-3.551,2.032,0.240,-167.197,0.704,0.748
[17:39:39.873] imu_att:-3.525,2.075,0.240,-167.965,0.165,0.663
[17:39:39.914] imu_att:-3.553,2.123,0.239,-166.899,0.266,0.553
[17:39:39.954] imu_att:-3.556,2.155,0.239,-166.996,0.741,0.560
[17:39:39.993] imu_att:-3.581,2.119,0.238,-167.176,0.281,0.549
[17:39:40.033] imu_att:-3.577,2.098,0.237,-166.519,1.223,0.588
[17:39:40.074] imu_att:-3.570,2.119,0.237,-167.210,0.744,0.653
[17:39:40.114] imu_att:-3.565,2.133,0.235,-167.251,0.679,0.667
[17:39:40.153] imu_att:-3.555,2.129,0.235,-166.752,1.056,0.711
[17:39:40.193] imu_att:-3.555,2.118,0.231,-167.160,0.684,0.710
[17:39:40.234] imu_att:-3.576,2.106,0.230,-166.980,0.980,0.751
[17:39:40.274] imu_att:-3.517,2.098,0.230,-166.889,0.586,0.756
[17:39:40.313] imu_att:-3.555,2.066,0.230,-167.377,0.803,0.780
[17:39:40.353] imu_att:-3.548,2.098,0.229,-167.125,0.233,0.639
[17:39:40.394] imu_att:-3.534,2.155,0.229,-166.972,0.949,0.660
[17:39:40.434] imu_att:-3.556,2.205,0.225,-166.816,1.021,0.709
