# Serial Log - 2026-04-18T18:07:29.773971
# Port: COM36 @ 115200bps
#============================================================
[18:07:29.798] imu_att:-0.006,-0.003,0.118,-177.687,0.467,0.405
[18:07:29.838] imu_att:0.010,-0.013,0.119,-177.463,0.731,0.450
[18:07:29.877] imu_att:0.021,0.013,0.118,-177.884,0.096,0.411
[18:07:29.917] imu_att:0.011,0.024,0.118,-178.123,0.145,0.382
[18:07:29.958] imu_att:0.023,0.020,0.119,-178.134,0.092,0.337
[18:07:29.998] imu_att:0.010,0.009,0.120,-177.884,0.339,0.320
[18:07:30.037] imu_att:-0.002,0.017,0.123,-176.869,0.453,0.297
[18:07:30.077] imu_att:0.006,0.016,0.122,-177.831,0.671,0.414
[18:07:30.116] imu_att:0.004,0.018,0.123,-177.946,0.266,0.418
[18:07:30.158] imu_att:0.007,0.002,0.124,-178.396,-0.233,0.346
[18:07:30.197] imu_att:0.008,0.003,0.126,-177.857,0.193,0.281
[18:07:30.237] imu_att:0.009,-0.002,0.127,-177.847,0.396,0.287
[18:07:30.278] imu_att:-0.006,-0.004,0.128,-177.679,0.548,0.321
[18:07:30.318] imu_att:0.005,0.005,0.127,-176.787,1.124,0.419
[18:07:30.357] imu_att:-0.002,0.014,0.128,-178.319,0.040,0.431
[18:07:30.397] imu_att:-0.014,0.006,0.129,-177.856,0.303,0.395
[18:07:30.436] imu_att:0.008,0.002,0.129,-177.935,0.301,0.402
[18:07:30.478] imu_att:0.008,-0.009,0.129,-177.942,0.386,0.402
[18:07:30.517] imu_att:-0.005,0.008,0.130,-177.661,0.393,0.391
[18:07:30.557] imu_att:0.009,-0.007,0.131,-177.459,0.714,0.435
[18:07:30.597] imu_att:0.013,0.008,0.129,-178.135,0.128,0.419
[18:07:30.638] imu_att:0.010,-0.003,0.128,-178.140,-0.060,0.325
[18:07:30.678] imu_att:0.009,-0.001,0.128,-178.314,-0.219,0.229
[18:07:30.717] imu_att:0.009,0.008,0.129,-178.314,-0.154,0.163
[18:07:30.757] imu_att:0.018,0.021,0.128,-178.145,0.324,0.212
[18:07:30.798] imu_att:-0.001,0.019,0.127,-177.941,0.207,0.206
[18:07:30.838] imu_att:0.006,0.011,0.129,-178.324,0.185,0.231
[18:07:30.877] imu_att:0.009,-0.005,0.130,-178.113,0.195,0.260
[18:07:30.917] imu_att:0.031,-0.021,0.130,-177.629,0.416,0.278
[18:07:30.958] imu_att:0.001,-0.003,0.129,-177.331,0.765,0.326
[18:07:30.997] imu_att:0.008,0.020,0.129,-177.843,0.460,0.384
[18:07:31.037] imu_att:0.006,0.046,0.128,-177.970,0.129,0.399
[18:07:31.077] imu_att:0.045,0.016,0.129,-178.038,0.441,0.400
[18:07:31.118] imu_att:-0.002,0.014,0.128,-178.676,-0.283,0.351
[18:07:31.158] imu_att:0.001,0.037,0.128,-177.598,0.012,0.240
[18:07:31.197] imu_att:-0.056,-0.019,0.128,-176.815,1.260,0.357
[18:07:31.237] imu_att:0.009,0.020,0.128,-177.196,0.940,0.464
[18:07:31.277] imu_att:-0.040,0.035,0.129,-177.807,0.357,0.507
[18:07:31.318] imu_att:-0.000,0.013,0.130,-177.685,0.458,0.487
[18:07:31.357] imu_att:-0.003,0.004,0.130,-177.691,0.380,0.445
[18:07:31.397] imu_att:-0.020,-0.032,0.130,-177.908,0.368,0.435
[18:07:31.437] imu_att:-0.020,0.004,0.129,-177.806,0.398,0.444
[18:07:31.478] imu_att:-0.035,-0.007,0.130,-178.619,-0.228,0.415
[18:07:31.517] imu_att:-0.006,-0.021,0.133,-177.173,0.743,0.360
[18:07:31.557] imu_att:-0.013,0.002,0.133,-177.821,0.399,0.388
[18:07:31.597] imu_att:-0.010,0.009,0.133,-177.562,0.672,0.457
[18:07:31.638] imu_att:-0.011,-0.008,0.132,-177.665,0.421,0.442
[18:07:31.677] imu_att:0.001,-0.003,0.133,-177.686,0.427,0.424
[18:07:31.717] imu_att:-0.009,0.004,0.135,-177.825,0.351,0.422
[18:07:31.757] imu_att:-0.030,-0.001,0.136,-177.916,0.469,0.445
[18:07:31.798] imu_att:-0.003,-0.005,0.137,-177.833,0.544,0.438
[18:07:31.837] imu_att:-0.018,0.009,0.137,-177.694,0.497,0.484
[18:07:31.877] imu_att:-0.006,-0.016,0.137,-177.308,0.784,0.520
[18:07:31.917] imu_att:-0.021,0.008,0.137,-177.817,0.403,0.534
[18:07:31.958] imu_att:-0.010,0.002,0.137,-177.853,0.399,0.513
[18:07:31.998] imu_att:-0.003,-0.007,0.135,-177.859,0.352,0.480
[18:07:32.037] imu_att:-0.037,0.250,0.137,-177.316,0.949,0.514
[18:07:32.077] imu_att:0.007,-0.278,0.141,-177.564,0.283,0.480
[18:07:32.118] imu_att:0.082,-0.312,0.147,-178.393,-0.019,0.413
[18:07:32.158] imu_att:0.009,0.141,0.152,-177.878,0.166,0.327
[18:07:32.197] imu_att:-0.007,0.285,0.150,-177.613,0.501,0.326
[18:07:32.237] imu_att:0.007,-0.014,0.152,-177.441,0.606,0.364
[18:07:32.278] imu_att:0.011,0.063,0.150,-177.210,0.625,0.351
[18:07:32.318] imu_att:-0.011,0.101,0.149,-177.848,0.348,0.364
[18:07:32.357] imu_att:-0.010,0.262,0.144,-177.436,0.662,0.412
[18:07:32.397] imu_att:0.024,0.344,0.142,-177.516,0.805,0.492
[18:07:32.438] imu_att:0.006,0.320,0.142,-177.386,0.723,0.552
[18:07:32.477] imu_att:-0.071,0.349,0.132,-177.396,0.727,0.568
[18:07:32.517] imu_att:0.033,0.404,0.121,-177.188,0.855,0.588
[18:07:32.557] imu_att:-0.108,0.708,0.107,-177.816,0.627,0.646
[18:07:32.596] imu_att:-0.014,0.772,0.101,-177.326,0.687,0.646
[18:07:32.638] imu_att:0.094,0.955,0.110,-177.068,0.779,0.646
[18:07:32.677] imu_att:-0.151,0.957,0.127,-176.793,1.099,0.702
[18:07:32.717] imu_att:-0.528,1.294,0.105,-176.673,1.605,0.839
[18:07:32.757] imu_att:-0.126,1.883,0.093,-176.496,1.563,0.968
[18:07:32.798] imu_att:-0.016,2.241,0.102,-176.764,1.362,1.050
[18:07:32.837] imu_att:0.012,3.532,0.136,-176.773,1.424,1.142
[18:07:32.877] imu_att:-0.749,5.905,0.075,-176.628,1.516,1.148
[18:07:32.917] imu_att:-0.499,7.155,-0.033,-176.509,1.781,1.162
[18:07:32.957] imu_att:0.700,7.937,0.020,-178.046,0.282,1.147
[18:07:32.997] imu_att:-0.307,8.348,0.038,-176.498,1.490,1.128
[18:07:33.037] imu_att:-0.124,9.318,0.026,-176.769,1.388,1.151
[18:07:33.077] imu_att:-0.092,9.754,0.033,-176.366,1.464,1.183
[18:07:33.117] imu_att:0.209,11.477,0.103,-177.445,0.983,1.258
[18:07:33.158] imu_att:-0.191,13.787,0.128,-177.221,0.893,1.211
[18:07:33.197] imu_att:-0.137,15.076,0.121,-176.754,1.418,1.224
[18:07:33.237] imu_att:0.142,15.693,0.178,-177.209,1.087,1.295
[18:07:33.278] imu_att:0.101,16.527,0.249,-176.390,1.401,1.332
[18:07:33.318] imu_att:0.399,18.172,0.352,-177.158,1.198,1.441
[18:07:33.357] imu_att:0.430,19.821,0.524,-176.945,1.175,1.562
[18:07:33.397] imu_att:-0.119,20.479,0.658,-176.574,1.574,1.667
[18:07:33.436] imu_att:-0.356,20.983,0.758,-176.481,1.750,1.755
[18:07:33.478] imu_att:0.061,21.698,0.870,-176.560,1.529,1.816
[18:07:33.517] imu_att:0.028,22.067,0.993,-176.309,1.773,1.897
[18:07:33.557] imu_att:-0.308,22.554,1.145,-176.322,1.933,2.044
[18:07:33.598] imu_att:0.031,23.490,1.208,-175.911,2.169,2.089
[18:07:33.638] imu_att:-0.316,24.577,1.287,-176.765,1.654,2.126
[18:07:33.677] imu_att:-0.428,25.321,1.310,-176.603,1.552,2.047
[18:07:33.717] imu_att:-0.220,26.064,1.280,-176.240,1.788,1.932
[18:07:33.757] imu_att:-0.020,26.982,1.264,-177.011,1.366,1.849
[18:07:33.798] imu_att:-0.076,27.604,1.231,-177.067,1.095,1.703
[18:07:33.837] imu_att:-0.043,28.115,1.161,-176.790,1.263,1.542
[18:07:33.877] imu_att:0.027,28.781,1.111,-177.027,1.214,1.453
[18:07:33.916] imu_att:0.210,29.510,1.065,-177.573,0.652,1.335
[18:07:33.957] imu_att:0.179,30.041,1.028,-177.783,0.476,1.173
[18:07:33.997] imu_att:0.332,30.837,1.015,-177.337,0.849,1.044
[18:07:34.037] imu_att:0.395,31.724,1.031,-177.352,0.791,1.020
[18:07:34.077] imu_att:0.102,32.485,1.022,-177.278,1.010,1.011
[18:07:34.118] imu_att:0.202,33.225,0.987,-177.331,0.861,0.955
[18:07:34.157] imu_att:0.277,34.065,0.985,-177.622,0.584,0.911
[18:07:34.197] imu_att:0.306,34.993,0.987,-177.297,0.704,0.856
[18:07:34.237] imu_att:0.131,36.019,0.961,-177.545,0.941,0.861
[18:07:34.278] imu_att:-0.027,36.724,0.911,-177.454,0.736,0.804
[18:07:34.318] imu_att:0.201,37.688,0.831,-178.031,0.324,0.666
[18:07:34.357] imu_att:0.230,38.386,0.761,-177.852,0.436,0.565
[18:07:34.397] imu_att:0.386,39.188,0.683,-177.956,0.497,0.500
[18:07:34.438] imu_att:0.418,39.963,0.602,-177.516,0.445,0.373
[18:07:34.478] imu_att:0.564,40.369,0.551,-177.698,0.540,0.357
[18:07:34.517] imu_att:0.536,40.417,0.536,-178.141,0.062,0.325
[18:07:34.557] imu_att:0.350,40.639,0.525,-177.652,0.497,0.304
[18:07:34.596] imu_att:0.371,41.418,0.488,-177.332,0.490,0.288
[18:07:34.638] imu_att:0.361,42.305,0.436,-177.537,0.600,0.262
[18:07:34.677] imu_att:0.652,42.580,0.447,-177.346,0.783,0.353
[18:07:34.717] imu_att:0.510,43.167,0.464,-177.408,0.621,0.420
[18:07:34.758] imu_att:0.398,43.519,0.438,-177.492,0.609,0.429
[18:07:34.797] imu_att:0.453,43.664,0.421,-177.975,0.279,0.412
[18:07:34.837] imu_att:0.651,44.113,0.435,-177.522,0.547,0.409
[18:07:34.877] imu_att:0.651,44.616,0.465,-177.600,0.513,0.432
[18:07:34.918] imu_att:0.546,44.834,0.516,-177.873,0.448,0.509
[18:07:34.958] imu_att:0.361,45.178,0.541,-178.243,-0.007,0.460
[18:07:34.997] imu_att:0.322,45.565,0.534,-178.275,-0.100,0.364
[18:07:35.037] imu_att:0.451,45.886,0.537,-177.646,0.384,0.325
[18:07:35.076] imu_att:0.508,46.342,0.538,-178.249,0.188,0.361
[18:07:35.117] imu_att:0.460,46.553,0.533,-177.945,0.193,0.312
[18:07:35.157] imu_att:0.481,46.892,0.528,-177.629,0.532,0.339
[18:07:35.197] imu_att:0.638,47.362,0.542,-177.499,0.740,0.430
[18:07:35.238] imu_att:0.621,47.581,0.554,-177.930,0.320,0.466
[18:07:35.278] imu_att:0.644,47.166,0.584,-177.527,0.495,0.488
[18:07:35.317] imu_att:0.645,46.448,0.644,-177.566,0.639,0.561
[18:07:35.357] imu_att:0.650,44.894,0.713,-177.448,0.718,0.632
[18:07:35.396] imu_att:0.708,42.632,0.873,-177.967,0.126,0.696
[18:07:35.437] imu_att:0.722,40.504,1.058,-177.314,0.847,0.850
[18:07:35.477] imu_att:0.159,37.935,1.233,-176.880,1.161,1.027
[18:07:35.517] imu_att:-0.014,34.543,1.396,-177.192,0.916,1.136
[18:07:35.556] imu_att:0.174,31.588,1.553,-177.070,1.028,1.232
[18:07:35.598] imu_att:0.462,28.094,1.790,-176.761,1.288,1.424
[18:07:35.637] imu_att:0.792,24.675,2.130,-176.477,1.648,1.746
[18:07:35.677] imu_att:-0.036,22.280,2.415,-176.158,1.989,2.016
[18:07:35.717] imu_att:-0.093,18.805,2.762,-175.233,2.799,2.417
[18:07:35.757] imu_att:0.064,16.220,3.103,-174.598,3.334,2.835
[18:07:35.797] imu_att:-0.084,14.194,3.462,-174.056,3.909,3.295
[18:07:35.837] imu_att:-0.685,12.918,3.700,-173.261,4.655,3.692
[18:07:35.877] imu_att:-1.178,11.614,3.844,-172.124,5.693,4.126
[18:07:35.918] imu_att:-0.777,10.164,3.918,-172.507,6.027,4.547
[18:07:35.958] imu_att:-0.496,8.229,3.990,-171.248,6.585,4.920
[18:07:35.997] imu_att:-0.421,7.084,4.062,-171.041,7.091,5.355
[18:07:36.037] imu_att:-0.532,6.276,4.112,-170.641,7.354,5.738
[18:07:36.076] imu_att:-0.459,5.650,4.156,-170.423,7.701,6.092
[18:07:36.118] imu_att:-0.419,5.101,4.212,-169.413,8.660,6.591
[18:07:36.157] imu_att:-0.245,4.747,4.262,-169.255,8.744,7.030
[18:07:36.197] imu_att:-0.659,4.201,4.335,-167.896,9.854,7.482
[18:07:36.238] imu_att:-1.601,3.844,4.334,-167.274,10.865,8.103
[18:07:36.278] imu_att:-1.079,4.329,4.295,-167.957,10.484,8.578
[18:07:36.317] imu_att:-0.928,4.557,4.253,-168.345,9.738,8.770
[18:07:36.357] imu_att:-0.889,4.796,4.102,-168.772,9.521,8.829
[18:07:36.398] imu_att:-0.514,5.688,3.991,-169.636,8.756,8.790
[18:07:36.437] imu_att:-0.354,6.242,3.895,-169.984,8.144,8.644
[18:07:36.477] imu_att:-0.160,6.506,3.839,-170.231,7.922,8.502
[18:07:36.517] imu_att:-0.173,6.549,3.824,-170.748,7.574,8.352
[18:07:36.556] imu_att:-0.583,5.940,3.784,-169.155,8.479,8.265
[18:07:36.597] imu_att:-0.641,4.931,3.717,-169.300,8.895,8.344
[18:07:36.637] imu_att:-0.610,4.583,3.661,-169.153,8.904,8.402
[18:07:36.677] imu_att:-0.338,4.150,3.607,-169.041,9.313,8.539
[18:07:36.717] imu_att:-0.291,3.483,3.594,-168.743,9.249,8.653
[18:07:36.758] imu_att:-0.607,2.631,3.550,-167.995,9.887,8.799
[18:07:36.798] imu_att:-0.967,2.054,3.454,-167.526,10.718,9.044
[18:07:36.837] imu_att:-1.035,1.560,3.342,-166.840,11.201,9.308
[18:07:36.877] imu_att:-0.856,0.826,3.264,-166.844,11.224,9.597
[18:07:36.918] imu_att:0.652,-0.487,3.213,-168.790,9.544,9.693
[18:07:36.958] imu_att:0.148,0.424,3.226,-168.310,9.696,9.667
[18:07:36.997] imu_att:-0.034,-0.014,3.228,-167.742,10.150,9.697
[18:07:37.037] imu_att:-0.016,0.070,3.235,-168.386,9.883,9.784
[18:07:37.076] imu_att:-0.110,0.006,3.246,-167.156,10.811,9.891
[18:07:37.118] imu_att:-0.108,0.202,3.265,-168.552,9.601,9.915
[18:07:37.157] imu_att:-0.187,0.163,3.273,-168.265,10.114,9.951
[18:07:37.197] imu_att:-0.238,0.137,3.273,-168.033,10.216,10.000
[18:07:37.236] imu_att:-0.218,0.417,3.268,-168.410,9.852,10.038
[18:07:37.277] imu_att:-0.113,0.400,3.277,-168.174,9.821,9.994
[18:07:37.317] imu_att:-0.146,-0.037,3.296,-168.111,9.518,9.911
[18:07:37.357] imu_att:-0.268,-0.033,3.286,-167.950,10.485,9.989
[18:07:37.396] imu_att:-0.110,0.122,3.293,-168.211,10.026,10.061
[18:07:37.438] imu_att:-0.517,0.388,3.318,-167.200,10.257,10.045
[18:07:37.477] imu_att:-0.255,-0.473,3.321,-167.980,10.100,10.109
[18:07:37.517] imu_att:-0.197,-0.046,3.326,-167.493,10.592,10.176
[18:07:37.557] imu_att:-0.195,0.503,3.323,-168.276,10.080,10.222
[18:07:37.598] imu_att:-0.138,0.070,3.323,-168.154,10.016,10.198
[18:07:37.637] imu_att:-0.128,0.034,3.326,-168.074,10.068,10.186
[18:07:37.677] imu_att:-0.141,0.101,3.323,-168.283,10.035,10.188
[18:07:37.717] imu_att:-0.137,0.081,3.322,-168.210,10.134,10.204
[18:07:37.757] imu_att:-0.139,0.057,3.323,-167.921,10.150,10.195
[18:07:37.797] imu_att:-0.145,0.069,3.320,-168.182,9.860,10.170
[18:07:37.837] imu_att:-0.146,0.072,3.320,-167.083,10.532,10.205
[18:07:37.877] imu_att:-0.164,0.067,3.320,-168.751,9.748,10.229
[18:07:37.918] imu_att:-0.159,0.049,3.321,-167.725,10.091,10.160
[18:07:37.957] imu_att:-0.046,-0.532,3.348,-168.431,9.719,10.153
[18:07:37.997] imu_att:-0.271,0.171,3.335,-168.253,10.171,10.152
[18:07:38.037] imu_att:-0.081,0.627,3.341,-168.586,9.682,10.101
[18:07:38.078] imu_att:-0.213,0.183,3.332,-168.078,10.010,10.054
[18:07:38.118] imu_att:-0.085,-0.379,3.339,-167.996,10.171,10.084
[18:07:38.157] imu_att:-0.114,0.102,3.341,-168.407,9.962,10.109
[18:07:38.197] imu_att:-0.191,-0.064,3.338,-167.998,10.191,10.139
[18:07:38.238] imu_att:-0.159,-0.115,3.333,-167.531,10.165,10.130
[18:07:38.278] imu_att:-0.127,0.022,3.330,-168.362,9.738,10.098
[18:07:38.317] imu_att:-0.247,-0.021,3.318,-167.424,10.324,10.053
[18:07:38.357] imu_att:-0.065,0.035,3.312,-168.758,9.765,10.089
[18:07:38.396] imu_att:-0.223,0.397,3.309,-168.381,9.624,10.002
[18:07:38.438] imu_att:-0.065,-0.950,3.308,-169.062,9.107,9.886
[18:07:38.477] imu_att:-0.145,-0.461,3.305,-167.821,10.139,9.911
[18:07:38.517] imu_att:-0.069,-0.103,3.248,-167.814,10.554,9.951
[18:07:38.557] imu_att:0.220,-0.498,3.056,-167.907,10.008,9.853
[18:07:38.598] imu_att:0.039,-1.384,2.698,-167.765,10.408,9.634
[18:07:38.637] imu_att:-0.386,-2.015,2.499,-166.483,11.339,9.702
[18:07:38.677] imu_att:-0.554,-2.392,2.384,-165.497,12.296,9.950
[18:07:38.717] imu_att:-0.393,-3.046,2.244,-165.122,13.032,10.392
[18:07:38.758] imu_att:-0.247,-4.164,2.095,-163.785,13.857,10.810
[18:07:38.797] imu_att:-0.422,-5.431,2.032,-161.411,15.698,11.376
[18:07:38.837] imu_att:-0.548,-6.465,2.071,-159.576,17.905,11.984
[18:07:38.877] imu_att:-0.390,-7.633,2.162,-157.249,20.476,12.772
[18:07:38.918] imu_att:-0.367,-8.934,2.264,-154.739,22.739,13.510
[18:07:38.958] imu_att:-0.344,-10.172,2.353,-149.979,27.618,14.238
[18:07:38.997] imu_att:-0.296,-11.552,2.460,-143.160,33.442,14.920
[18:07:39.037] imu_att:-0.226,-12.794,2.587,-134.383,42.195,15.690
[18:07:39.078] imu_att:-0.235,-13.700,2.727,-126.886,50.000,16.540
[18:07:39.118] imu_att:-0.291,-14.689,2.862,-118.886,57.741,17.322
[18:07:39.157] imu_att:-0.343,-15.406,2.965,-103.312,72.403,18.075
[18:07:39.197] imu_att:0.160,-16.607,2.967,-92.462,86.336,18.728
[18:07:39.236] imu_att:0.276,-16.757,2.890,-86.684,90.538,19.240
[18:07:39.278] imu_att:-0.176,-16.438,2.801,-87.479,89.377,19.807
[18:07:39.317] imu_att:-0.706,-16.351,2.837,-88.418,87.373,20.501
[18:07:39.357] imu_att:-0.129,-16.349,2.848,-88.360,89.479,21.238
[18:07:39.397] imu_att:-0.207,-16.233,2.846,-91.549,86.554,21.899
[18:07:39.438] imu_att:-0.254,-16.077,2.848,-93.942,85.473,22.566
[18:07:39.477] imu_att:-0.190,-16.067,2.853,-93.486,84.669,23.172
[18:07:39.517] imu_att:-0.208,-16.082,2.854,-93.746,84.237,23.910
[18:07:39.556] imu_att:-0.185,-16.064,2.853,-93.563,84.180,24.580
[18:07:39.598] imu_att:-0.157,-16.090,2.841,-93.730,84.458,25.243
[18:07:39.637] imu_att:-0.248,-16.089,2.835,-90.963,86.370,25.912
[18:07:39.677] imu_att:-0.249,-16.099,2.837,-93.974,84.424,26.525
[18:07:39.717] imu_att:-0.215,-16.123,2.834,-89.953,87.590,27.202
[18:07:39.758] imu_att:-0.250,-16.083,2.844,-92.026,85.984,27.964
[18:07:39.797] imu_att:-0.200,-16.106,2.848,-95.419,83.914,28.653
[18:07:39.837] imu_att:-0.205,-16.108,2.854,-92.468,85.925,29.278
[18:07:39.877] imu_att:-0.076,-16.090,2.833,-94.609,84.072,30.015
[18:07:39.916] imu_att:-0.140,-16.104,2.805,-92.854,84.567,30.610
[18:07:39.958] imu_att:-0.307,-15.958,2.800,-94.815,83.931,31.368
[18:07:39.997] imu_att:-0.303,-15.817,2.817,-95.261,82.938,32.082
[18:07:40.037] imu_att:-0.208,-15.900,2.831,-97.464,81.578,32.795
[18:07:40.078] imu_att:-0.175,-15.997,2.837,-94.413,83.778,33.502
[18:07:40.118] imu_att:-0.217,-15.994,2.847,-94.376,83.772,34.214
[18:07:40.157] imu_att:-0.264,-15.940,2.875,-96.927,82.384,34.948
[18:07:40.197] imu_att:-0.232,-15.938,2.907,-95.650,82.444,35.616
[18:07:40.236] imu_att:-0.221,-15.919,2.951,-94.979,81.868,36.442
[18:07:40.278] imu_att:-0.244,-15.849,3.007,-96.418,81.570,37.210
[18:07:40.317] imu_att:-0.275,-15.781,3.090,-101.198,78.274,38.007
[18:07:40.357] imu_att:-0.254,-15.765,3.215,-99.114,78.880,38.849
[18:07:40.396] imu_att:-0.053,-15.724,3.327,-100.737,77.501,39.680
[18:07:40.438] imu_att:0.091,-15.605,3.363,-104.191,74.878,40.364
[18:07:40.477] imu_att:0.004,-15.409,3.360,-106.722,72.609,41.157
[18:07:40.517] imu_att:-0.040,-15.358,3.360,-107.491,71.997,41.810
[18:07:40.557] imu_att:-0.248,-15.195,3.406,-110.671,68.771,42.657
[18:07:40.598] imu_att:-0.425,-14.914,3.526,-113.478,66.191,43.506
[18:07:40.637] imu_att:-0.287,-14.422,3.660,-120.622,59.498,44.373
[18:07:40.677] imu_att:-0.091,-14.100,3.716,-124.306,55.521,45.090
[18:07:40.716] imu_att:0.062,-13.483,3.680,-131.518,47.740,45.833
[18:07:40.758] imu_att:-0.031,-12.958,3.598,-136.756,42.612,45.732
[18:07:40.797] imu_att:-0.167,-12.054,3.525,-141.876,37.826,45.193
[18:07:40.837] imu_att:-0.333,-10.876,3.521,-147.061,31.765,44.722
[18:07:40.877] imu_att:-0.349,-9.677,3.579,-151.641,27.539,44.309
[18:07:40.916] imu_att:-0.302,-8.909,3.645,-154.192,24.723,43.950
[18:07:40.957] imu_att:-0.258,-8.428,3.734,-155.294,23.076,43.565
[18:07:40.997] imu_att:-0.255,-7.462,3.837,-157.870,21.228,43.143
[18:07:41.037] imu_att:-0.190,-6.378,3.890,-160.071,18.382,42.718
[18:07:41.078] imu_att:-0.343,-5.914,3.988,-160.267,17.845,42.335
[18:07:41.118] imu_att:-0.251,-5.362,4.120,-161.979,16.783,41.983
[18:07:41.157] imu_att:-0.178,-4.758,4.201,-163.114,15.615,41.579
[18:07:41.197] imu_att:-0.128,-4.189,4.250,-164.454,14.289,41.140
[18:07:41.236] imu_att:-0.237,-3.559,4.293,-165.045,13.723,40.742
[18:07:41.278] imu_att:-0.197,-2.642,4.343,-164.657,13.566,40.299
[18:07:41.317] imu_att:-0.155,-1.567,4.331,-166.664,11.745,39.743
[18:07:41.357] imu_att:-0.166,-0.747,4.271,-167.142,11.096,39.237
[18:07:41.396] imu_att:-0.282,0.391,4.269,-167.622,10.361,38.736
[18:07:41.438] imu_att:-0.209,-0.271,4.236,-168.571,9.624,38.151
[18:07:41.477] imu_att:-0.125,-0.035,4.234,-167.740,10.490,37.645
[18:07:41.517] imu_att:-0.117,0.043,4.226,-168.133,10.177,37.182
[18:07:41.557] imu_att:-0.115,-0.458,4.218,-167.551,10.597,36.615
[18:07:41.598] imu_att:-0.153,-0.662,4.203,-167.922,10.171,36.090
[18:07:41.637] imu_att:-0.078,-0.347,4.193,-168.196,10.045,35.620
[18:07:41.677] imu_att:-0.133,-0.147,4.193,-168.109,10.050,35.053
[18:07:41.716] imu_att:-0.145,-0.134,4.192,-168.225,10.045,34.587
[18:07:41.757] imu_att:-0.110,0.001,4.193,-168.248,10.081,34.017
[18:07:41.798] imu_att:-0.116,-0.130,4.193,-168.512,9.909,33.495
[18:07:41.837] imu_att:-0.114,-0.076,4.192,-168.771,9.798,32.970
[18:07:41.877] imu_att:-0.110,0.016,4.191,-168.250,9.831,32.444
[18:07:41.917] imu_att:-0.115,0.007,4.191,-167.901,10.128,31.968
[18:07:41.958] imu_att:-0.129,-0.044,4.190,-167.942,10.610,31.383
[18:07:41.997] imu_att:-0.136,-0.013,4.189,-168.165,10.031,30.850
[18:07:42.037] imu_att:-0.113,-0.030,4.189,-167.915,10.238,30.368
[18:07:42.076] imu_att:-0.124,-0.074,4.189,-168.117,10.087,29.778
[18:07:42.118] imu_att:-0.128,-0.067,4.190,-167.938,10.097,29.293
[18:07:42.157] imu_att:-0.137,-0.039,4.190,-167.422,10.129,28.752
[18:07:42.197] imu_att:-0.131,-0.002,4.189,-168.403,10.056,28.207
[18:07:42.236] imu_att:-0.135,-0.019,4.186,-167.563,10.508,27.604
[18:07:42.277] imu_att:-0.125,-0.037,4.183,-168.421,10.099,27.107
[18:07:42.317] imu_att:-0.128,-0.069,4.182,-168.269,9.890,26.500
[18:07:42.357] imu_att:-0.065,-0.049,4.181,-168.453,9.551,26.001
[18:07:42.396] imu_att:-0.100,-0.023,4.178,-168.385,9.882,25.388
[18:07:42.437] imu_att:-0.102,-0.021,4.176,-168.653,9.400,24.884
[18:07:42.477] imu_att:-0.153,0.408,4.171,-168.241,10.007,24.319
[18:07:42.517] imu_att:-0.115,-0.246,4.169,-168.126,9.946,23.756
[18:07:42.557] imu_att:-0.127,-0.137,4.169,-167.719,10.448,23.135
[18:07:42.598] imu_att:-0.118,-0.096,4.169,-167.735,10.383,22.626
[18:07:42.638] imu_att:-0.118,-0.066,4.167,-167.682,10.482,21.998
[18:07:42.677] imu_att:-0.088,-0.438,4.173,-168.894,9.498,21.433
[18:07:42.717] imu_att:-0.139,-0.595,4.177,-167.016,10.415,20.863
[18:07:42.758] imu_att:-0.193,0.638,4.176,-168.353,10.000,20.287
[18:07:42.797] imu_att:-0.150,0.126,4.175,-167.975,9.850,19.708
[18:07:42.837] imu_att:-0.155,0.128,4.173,-168.335,9.884,19.125
[18:07:42.877] imu_att:-0.145,0.032,4.170,-168.440,9.819,18.541
[18:07:42.916] imu_att:-0.115,0.323,4.165,-168.319,10.028,17.950
[18:07:42.958] imu_att:-0.114,0.083,4.158,-168.795,9.811,17.357
[18:07:42.997] imu_att:-0.123,-0.236,4.154,-167.910,10.144,16.822
[18:07:43.037] imu_att:-0.126,-0.161,4.151,-167.565,10.564,16.169
[18:07:43.076] imu_att:-0.149,-0.072,4.148,-167.692,10.488,15.572
[18:07:43.117] imu_att:-0.158,-0.024,4.144,-168.460,9.913,15.032
[18:07:43.157] imu_att:-0.170,0.073,4.133,-167.892,10.166,14.362
[18:07:43.197] imu_att:-0.143,-0.020,4.127,-168.114,10.005,13.816
[18:07:43.236] imu_att:-0.102,-0.230,4.125,-167.829,10.469,13.163
[18:07:43.278] imu_att:-0.136,0.203,4.123,-168.611,9.917,12.607
[18:07:43.317] imu_att:-0.131,0.204,4.118,-167.757,10.090,12.155
[18:07:43.357] imu_att:-0.029,0.136,4.126,-168.010,10.200,11.773
[18:07:43.396] imu_att:-0.258,0.115,4.124,-168.342,9.875,11.446
[18:07:43.437] imu_att:-0.129,0.342,4.127,-168.080,10.198,11.230
[18:07:43.477] imu_att:-0.207,-0.038,4.129,-166.992,10.836,11.047
[18:07:43.517] imu_att:-0.335,-0.241,4.110,-167.716,10.592,10.984
[18:07:43.556] imu_att:-0.206,-0.224,4.089,-167.293,10.867,10.907
[18:07:43.598] imu_att:-0.172,-0.409,4.077,-166.018,11.651,10.923
[18:07:43.637] imu_att:-1.014,-0.150,4.029,-165.236,12.272,11.002
[18:07:43.677] imu_att:-1.145,0.128,3.968,-165.042,13.062,11.289
[18:07:43.717] imu_att:-0.599,0.671,3.983,-166.058,12.414,11.546
[18:07:43.756] imu_att:-1.004,0.882,4.000,-165.007,13.110,11.754
[18:07:43.797] imu_att:-1.629,0.983,4.015,-163.806,14.302,12.172
[18:07:43.837] imu_att:-2.001,0.669,3.974,-161.912,16.027,12.703
[18:07:43.877] imu_att:-2.459,0.529,3.952,-159.675,17.969,13.220
[18:07:43.918] imu_att:-3.602,0.809,3.958,-156.463,21.195,13.886
[18:07:43.957] imu_att:-4.620,0.825,3.966,-154.392,23.225,14.437
[18:07:43.997] imu_att:-6.284,0.571,3.952,-149.247,28.121,15.089
[18:07:44.037] imu_att:-7.793,0.411,3.965,-147.322,30.327,15.710
[18:07:44.077] imu_att:-8.924,0.254,3.953,-144.624,32.707,16.246
[18:07:44.117] imu_att:-9.980,0.860,3.921,-143.104,34.612,16.826
[18:07:44.157] imu_att:-11.502,0.386,3.954,-139.916,37.513,17.474
[18:07:44.197] imu_att:-13.019,0.276,3.970,-137.489,39.977,18.168
[18:07:44.236] imu_att:-14.829,0.334,3.947,-135.323,42.271,18.764
[18:07:44.278] imu_att:-16.261,0.600,3.938,-134.353,43.637,19.376
[18:07:44.317] imu_att:-17.758,0.538,3.973,-132.278,45.539,19.972
[18:07:44.357] imu_att:-18.616,0.965,4.101,-130.865,46.989,20.788
[18:07:44.396] imu_att:-20.277,0.454,4.111,-129.853,47.946,21.426
[18:07:44.438] imu_att:-21.470,-0.002,4.106,-128.392,49.468,22.051
[18:07:44.477] imu_att:-22.185,0.391,4.120,-128.369,49.789,22.697
[18:07:44.517] imu_att:-22.923,0.475,4.152,-127.582,50.286,23.364
[18:07:44.557] imu_att:-24.210,0.416,4.170,-127.116,50.935,24.019
[18:07:44.598] imu_att:-25.281,0.631,4.180,-126.473,51.591,24.669
[18:07:44.637] imu_att:-26.312,0.383,4.189,-125.744,52.334,25.319
[18:07:44.677] imu_att:-27.558,0.471,4.204,-125.224,52.839,25.978
[18:07:44.717] imu_att:-28.339,0.724,4.212,-124.966,53.167,26.631
[18:07:44.756] imu_att:-28.813,0.712,4.233,-124.614,53.433,27.235
[18:07:44.798] imu_att:-29.403,0.486,4.245,-124.081,54.036,27.962
[18:07:44.837] imu_att:-29.790,0.416,4.241,-123.823,54.121,28.611
[18:07:44.877] imu_att:-30.059,0.119,4.241,-123.302,54.692,29.266
[18:07:44.918] imu_att:-30.111,-0.029,4.258,-122.950,55.139,29.940
[18:07:44.958] imu_att:-30.060,0.054,4.267,-123.327,54.951,30.541
[18:07:44.997] imu_att:-30.234,0.107,4.279,-123.644,54.570,31.215
[18:07:45.037] imu_att:-30.719,-0.020,4.307,-123.019,55.115,31.972
[18:07:45.076] imu_att:-30.972,0.191,4.347,-123.006,54.984,32.678
[18:07:45.118] imu_att:-31.288,0.247,4.366,-123.094,55.104,33.365
[18:07:45.157] imu_att:-31.590,0.008,4.367,-122.626,55.495,34.037
[18:07:45.197] imu_att:-31.839,-0.044,4.368,-122.515,55.303,34.643
[18:07:45.236] imu_att:-31.986,-0.107,4.360,-122.871,55.330,35.377
[18:07:45.278] imu_att:-31.954,-0.063,4.352,-122.313,55.786,35.979
[18:07:45.317] imu_att:-31.664,-0.085,4.384,-122.241,55.739,36.758
[18:07:45.357] imu_att:-31.814,-0.059,4.392,-122.403,55.929,37.447
[18:07:45.396] imu_att:-31.836,-0.109,4.391,-122.073,55.866,38.131
[18:07:45.438] imu_att:-31.710,-0.022,4.410,-122.087,56.001,38.766
[18:07:45.477] imu_att:-31.832,-0.154,4.415,-122.989,55.558,39.460
[18:07:45.517] imu_att:-31.731,-0.294,4.401,-122.359,55.767,40.205
[18:07:45.556] imu_att:-31.468,-0.209,4.406,-122.368,55.896,40.903
[18:07:45.598] imu_att:-31.729,-0.058,4.412,-122.410,55.714,41.604
[18:07:45.637] imu_att:-31.841,-0.077,4.421,-122.416,55.679,42.311
[18:07:45.677] imu_att:-31.611,0.037,4.448,-122.642,55.454,42.966
[18:07:45.716] imu_att:-31.499,-0.141,4.472,-122.810,55.420,43.763
[18:07:45.758] imu_att:-30.964,-0.192,4.499,-122.826,55.358,44.493
[18:07:45.797] imu_att:-30.847,-0.341,4.503,-122.229,55.748,45.133
[18:07:45.837] imu_att:-30.532,-0.102,4.512,-123.059,55.182,45.922
[18:07:45.876] imu_att:-30.396,-0.103,4.501,-123.472,54.935,46.621
[18:07:45.918] imu_att:-29.261,-0.146,4.479,-123.698,54.543,47.242
[18:07:45.957] imu_att:-27.659,-0.324,4.416,-124.999,53.511,47.965
[18:07:45.997] imu_att:-25.315,-0.217,4.352,-125.724,52.690,48.618
[18:07:46.036] imu_att:-23.477,0.013,4.289,-126.871,51.612,49.253
[18:07:46.077] imu_att:-21.094,0.038,4.253,-128.540,50.036,49.571
[18:07:46.117] imu_att:-18.628,0.580,4.268,-131.049,47.381,49.447
[18:07:46.157] imu_att:-17.542,0.052,4.245,-131.838,46.487,49.029
[18:07:46.196] imu_att:-15.630,0.006,4.177,-133.732,45.012,48.548
[18:07:46.238] imu_att:-14.088,-0.166,4.107,-135.871,42.643,47.993
[18:07:46.277] imu_att:-13.041,0.340,4.067,-138.164,40.555,47.465
[18:07:46.317] imu_att:-11.046,0.800,4.057,-140.931,37.764,46.964
[18:07:46.357] imu_att:-9.104,0.357,4.021,-143.990,34.623,46.387
[18:07:46.397] imu_att:-7.553,0.004,3.959,-147.772,31.322,45.830
[18:07:46.437] imu_att:-6.213,0.008,3.905,-150.639,28.181,45.279
[18:07:46.477] imu_att:-5.239,-0.107,3.879,-152.151,26.340,44.754
[18:07:46.517] imu_att:-4.328,0.240,3.850,-154.735,24.298,44.224
[18:07:46.556] imu_att:-3.679,0.452,3.853,-156.521,22.056,43.773
[18:07:46.598] imu_att:-3.155,0.752,3.819,-159.476,19.378,43.234
[18:07:46.637] imu_att:-1.951,0.862,3.815,-161.439,17.212,42.672
[18:07:46.677] imu_att:-2.449,0.726,3.836,-160.288,17.632,42.183
[18:07:46.716] imu_att:-2.723,0.401,3.854,-160.120,18.065,41.689
[18:07:46.758] imu_att:-2.919,0.415,3.861,-160.369,18.115,41.182
[18:07:46.797] imu_att:-2.424,0.434,3.849,-162.270,16.487,40.654
[18:07:46.837] imu_att:-1.920,0.220,3.843,-164.376,14.412,40.181
[18:07:46.876] imu_att:0.049,0.102,3.811,-168.049,11.117,39.577
[18:07:46.917] imu_att:0.059,-0.153,3.773,-167.552,10.489,39.068
[18:07:46.957] imu_att:-0.162,0.421,3.776,-167.202,10.815,38.494
[18:07:46.997] imu_att:-0.346,0.254,3.786,-166.693,11.402,37.978
[18:07:47.037] imu_att:-0.243,0.117,3.813,-166.985,11.278,37.475
[18:07:47.077] imu_att:-0.277,0.077,3.827,-167.358,10.960,37.011
[18:07:47.117] imu_att:-0.270,0.196,3.819,-167.310,10.888,36.417
[18:07:47.157] imu_att:-0.190,0.041,3.821,-167.607,10.680,35.882
[18:07:47.196] imu_att:-0.186,-0.649,3.829,-167.592,10.267,35.352
[18:07:47.238] imu_att:-0.253,-0.312,3.835,-167.026,10.719,34.819
[18:07:47.277] imu_att:-0.006,-0.261,3.851,-168.137,10.360,34.293
[18:07:47.317] imu_att:-0.185,-0.362,3.855,-167.702,10.560,33.752
[18:07:47.356] imu_att:-0.218,-0.017,3.859,-167.338,10.661,33.210
[18:07:47.397] imu_att:-0.250,0.280,3.859,-168.123,10.266,32.661
[18:07:47.437] imu_att:-0.220,0.109,3.860,-167.396,10.620,32.110
[18:07:47.477] imu_att:-0.225,0.059,3.860,-167.350,10.805,31.557
[18:07:47.516] imu_att:-0.200,-0.009,3.859,-167.576,10.610,31.001
[18:07:47.558] imu_att:-0.190,0.018,3.860,-166.952,11.043,30.501
[18:07:47.597] imu_att:-0.195,0.259,3.862,-167.646,10.514,29.943
[18:07:47.637] imu_att:-0.222,0.573,3.856,-167.656,10.432,29.320
[18:07:47.676] imu_att:-0.195,0.813,3.848,-167.773,10.413,28.747
[18:07:47.718] imu_att:-0.023,-1.586,3.867,-167.882,10.256,28.200
[18:07:47.757] imu_att:-0.173,-1.385,3.889,-167.184,10.900,27.654
[18:07:47.797] imu_att:-0.296,0.923,3.881,-167.219,10.966,27.074
[18:07:47.836] imu_att:-0.208,0.679,3.872,-167.983,10.455,26.493
[18:07:47.878] imu_att:-0.228,-0.058,3.849,-167.565,10.688,25.895
[18:07:47.917] imu_att:-0.177,0.400,3.819,-168.398,9.954,25.288
[18:07:47.957] imu_att:0.021,0.548,3.810,-168.041,10.119,24.700
[18:07:47.997] imu_att:-0.176,-0.093,3.833,-167.656,10.386,24.141
[18:07:48.036] imu_att:-0.271,-0.175,3.831,-169.493,10.189,23.613
[18:07:48.077] imu_att:1.420,0.262,3.856,-174.613,4.682,22.993
[18:07:48.117] imu_att:3.365,0.393,3.867,179.206,-1.431,22.417
[18:07:48.157] imu_att:5.599,0.875,3.858,171.614,-8.229,21.817
[18:07:48.198] imu_att:8.064,1.205,3.790,166.888,-13.854,21.157
[18:07:48.237] imu_att:9.311,1.384,3.768,162.902,-18.030,20.600
[18:07:48.277] imu_att:11.157,0.835,3.759,157.313,-23.377,19.934
[18:07:48.317] imu_att:12.771,0.610,3.741,153.470,-26.875,19.376
[18:07:48.357] imu_att:14.687,0.575,3.720,150.140,-31.103,18.694
[18:07:48.397] imu_att:16.037,0.223,3.692,146.763,-34.510,18.063
[18:07:48.437] imu_att:17.631,0.317,3.645,143.392,-37.437,17.410
[18:07:48.477] imu_att:19.150,0.550,3.615,141.663,-39.813,16.772
[18:07:48.516] imu_att:20.302,0.492,3.587,140.724,-40.863,16.196
[18:07:48.557] imu_att:21.257,0.640,3.500,138.950,-42.717,15.436
[18:07:48.597] imu_att:21.692,1.096,3.417,139.116,-42.715,14.738
[18:07:48.637] imu_att:21.761,0.897,3.339,137.642,-43.698,14.106
[18:07:48.678] imu_att:21.396,0.578,3.199,138.497,-43.798,13.286
[18:07:48.717] imu_att:21.532,-0.117,3.068,136.999,-44.499,12.535
[18:07:48.757] imu_att:22.327,-0.719,3.002,135.256,-46.341,11.846
[18:07:48.797] imu_att:22.680,-1.012,2.957,134.133,-47.083,11.239
[18:07:48.838] imu_att:23.705,-0.441,2.915,133.970,-47.806,10.507
[18:07:48.878] imu_att:23.927,-0.216,2.915,134.324,-47.728,9.879
[18:07:48.917] imu_att:23.560,-0.137,2.902,134.389,-47.264,9.235
[18:07:48.957] imu_att:23.566,-0.019,2.886,134.082,-47.521,8.649
[18:07:48.996] imu_att:23.968,-0.135,2.881,133.318,-48.430,8.009
[18:07:49.037] imu_att:24.091,0.152,2.887,134.242,-47.604,7.314
[18:07:49.077] imu_att:24.298,0.149,2.884,134.196,-47.664,6.672
[18:07:49.117] imu_att:24.534,0.076,2.887,133.461,-48.290,6.033
[18:07:49.156] imu_att:24.402,0.124,2.895,133.435,-48.423,5.398
[18:07:49.197] imu_att:24.430,-0.008,2.898,132.902,-48.582,4.820
[18:07:49.237] imu_att:24.654,-0.002,2.903,133.444,-48.657,4.112
[18:07:49.277] imu_att:24.695,0.178,2.913,133.301,-48.655,3.472
[18:07:49.316] imu_att:24.816,0.060,2.921,132.657,-48.883,2.894
[18:07:49.358] imu_att:24.620,-0.215,2.935,133.251,-49.037,2.188
[18:07:49.397] imu_att:24.654,0.130,2.954,133.486,-48.446,1.616
[18:07:49.437] imu_att:24.657,-0.065,2.978,132.932,-48.810,0.983
[18:07:49.476] imu_att:25.208,-0.258,2.984,131.952,-49.815,0.262
[18:07:49.517] imu_att:25.286,0.097,2.980,132.684,-49.342,-0.338
[18:07:49.557] imu_att:25.031,0.042,2.969,133.277,-48.560,-1.014
[18:07:49.597] imu_att:24.553,-0.135,2.964,133.101,-48.697,-1.753
[18:07:49.638] imu_att:24.509,-0.044,2.965,132.734,-49.069,-2.420
[18:07:49.677] imu_att:24.655,-0.013,2.969,132.893,-48.861,-3.021
[18:07:49.717] imu_att:24.960,-0.110,2.976,132.650,-49.045,-3.754
[18:07:49.757] imu_att:24.822,-0.139,2.985,132.651,-49.127,-4.421
[18:07:49.798] imu_att:24.532,-0.056,2.992,133.330,-48.680,-5.092
[18:07:49.837] imu_att:24.165,-0.212,3.012,133.380,-48.560,-5.751
[18:07:49.877] imu_att:24.086,-0.568,3.027,132.749,-49.072,-6.419
[18:07:49.917] imu_att:24.486,0.086,3.069,133.414,-48.678,-7.061
[18:07:49.956] imu_att:24.684,0.247,3.118,133.036,-48.648,-7.630
[18:07:49.997] imu_att:24.370,-0.860,3.145,132.527,-49.204,-8.360
[18:07:50.037] imu_att:23.743,-1.254,3.150,133.166,-49.018,-9.045
[18:07:50.077] imu_att:23.390,-0.232,3.136,134.227,-47.833,-9.752
[18:07:50.117] imu_att:22.646,0.240,3.154,135.318,-46.511,-10.429
[18:07:50.158] imu_att:21.857,0.144,3.191,135.943,-45.932,-11.089
[18:07:50.197] imu_att:22.829,0.405,3.185,135.402,-46.167,-11.794
[18:07:50.237] imu_att:23.244,0.237,3.177,135.469,-46.339,-12.434
[18:07:50.276] imu_att:22.359,0.051,3.175,136.009,-45.879,-13.139
[18:07:50.318] imu_att:21.284,-0.684,3.182,137.032,-45.220,-13.908
[18:07:50.357] imu_att:20.178,-0.476,3.212,137.623,-44.631,-14.586
[18:07:50.397] imu_att:19.169,-0.404,3.275,138.719,-43.255,-15.162
[18:07:50.437] imu_att:19.929,-0.469,3.340,137.943,-43.327,-15.809
[18:07:50.477] imu_att:21.546,0.363,3.259,137.287,-44.780,-16.676
[18:07:50.517] imu_att:21.914,1.717,3.019,138.646,-43.174,-17.632
[18:07:50.557] imu_att:20.107,-0.870,2.809,138.523,-43.286,-18.561
[18:07:50.596] imu_att:18.927,-1.198,2.693,139.524,-42.650,-19.327
[18:07:50.638] imu_att:18.674,-0.894,2.472,140.252,-41.787,-20.343
[18:07:50.677] imu_att:18.006,-0.848,2.334,141.106,-40.911,-21.206
[18:07:50.717] imu_att:17.045,-1.841,2.304,141.077,-40.610,-21.963
[18:07:50.758] imu_att:17.291,-1.183,2.229,142.119,-40.076,-22.768
[18:07:50.798] imu_att:16.776,0.908,2.197,143.921,-38.025,-23.531
[18:07:50.837] imu_att:15.537,0.108,2.235,145.479,-36.571,-24.227
[18:07:50.877] imu_att:14.846,-0.932,2.353,145.041,-36.779,-24.846
[18:07:50.916] imu_att:16.409,0.174,2.340,145.363,-36.488,-25.597
[18:07:50.958] imu_att:14.578,1.726,2.293,149.451,-33.405,-26.310
[18:07:50.997] imu_att:12.999,0.820,2.387,150.375,-31.267,-27.033
[18:07:51.037] imu_att:14.346,0.075,2.351,147.997,-33.068,-27.814
[18:07:51.076] imu_att:15.016,0.327,2.312,148.404,-33.721,-28.599
[18:07:51.117] imu_att:15.187,0.309,2.282,148.356,-33.817,-29.303
[18:07:51.157] imu_att:13.976,0.904,2.202,151.872,-30.721,-30.024
[18:07:51.197] imu_att:12.534,0.416,2.200,152.540,-29.469,-30.156
[18:07:51.238] imu_att:12.751,0.221,2.158,155.064,-27.491,-30.008
[18:07:51.277] imu_att:11.941,0.301,2.099,158.225,-24.699,-29.622
[18:07:51.317] imu_att:10.456,-0.188,2.072,162.216,-20.725,-29.241
[18:07:51.357] imu_att:7.446,-0.412,2.111,169.980,-13.899,-28.701
[18:07:51.397] imu_att:5.043,0.306,2.161,176.385,-7.074,-28.238
[18:07:51.438] imu_att:3.560,0.394,2.183,178.559,-3.720,-27.709
[18:07:51.477] imu_att:3.156,0.628,2.174,-179.297,-1.280,-27.256
[18:07:51.517] imu_att:2.194,1.064,2.152,-175.554,1.850,-26.813
[18:07:51.558] imu_att:1.595,0.898,2.132,-173.425,4.260,-26.367
[18:07:51.597] imu_att:0.425,1.016,2.190,-171.315,6.363,-25.840
[18:07:51.637] imu_att:0.146,-0.054,2.225,-169.888,8.103,-25.334
[18:07:51.677] imu_att:0.419,0.254,2.258,-169.955,8.081,-24.828
[18:07:51.717] imu_att:0.094,-0.110,2.286,-169.832,8.633,-24.372
[18:07:51.758] imu_att:-0.304,0.014,2.257,-168.844,9.454,-23.876
[18:07:51.797] imu_att:0.060,0.628,2.250,-169.143,9.036,-23.404
[18:07:51.837] imu_att:-0.014,0.545,2.250,-169.187,8.986,-22.970
[18:07:51.878] imu_att:-0.131,-0.323,2.244,-169.027,9.060,-22.444
[18:07:51.917] imu_att:-0.087,-0.183,2.235,-168.862,9.377,-22.016
[18:07:51.957] imu_att:-0.484,0.234,2.205,-168.272,9.689,-21.509
[18:07:51.997] imu_att:0.350,0.150,2.201,-169.322,9.223,-21.071
[18:07:52.036] imu_att:-0.181,-1.251,2.192,-168.484,9.712,-20.588
[18:07:52.077] imu_att:-0.070,-0.186,2.198,-168.170,10.036,-20.039
[18:07:52.117] imu_att:-0.074,0.250,2.197,-168.592,9.543,-19.592
[18:07:52.157] imu_att:-0.066,0.137,2.199,-168.833,9.444,-19.041
[18:07:52.198] imu_att:-0.047,-0.019,2.199,-168.494,9.474,-18.591
[18:07:52.237] imu_att:-0.074,0.079,2.198,-168.591,9.656,-18.038
[18:07:52.277] imu_att:-0.093,0.007,2.198,-169.114,9.330,-17.532
[18:07:52.317] imu_att:-0.062,0.014,2.197,-169.037,9.216,-17.025
[18:07:52.358] imu_att:-0.076,0.019,2.197,-168.864,9.349,-16.567
[18:07:52.397] imu_att:-0.094,0.036,2.196,-169.399,9.394,-16.005
[18:07:52.437] imu_att:-0.092,0.022,2.195,-168.836,9.328,-15.491
[18:07:52.477] imu_att:-0.082,0.020,2.196,-168.849,9.329,-14.974
[18:07:52.518] imu_att:-0.071,0.024,2.196,-167.564,10.151,-14.455
[18:07:52.557] imu_att:-0.067,0.021,2.198,-169.239,9.794,-13.986
[18:07:52.597] imu_att:-0.079,0.019,2.197,-168.567,9.614,-13.411
[18:07:52.636] imu_att:-0.071,0.025,2.197,-168.264,9.516,-12.887
[18:07:52.678] imu_att:-0.081,0.040,2.195,-168.568,9.895,-12.361
[18:07:52.717] imu_att:-0.118,0.059,2.195,-168.878,9.490,-11.885
[18:07:52.757] imu_att:-0.080,0.027,2.194,-168.172,9.872,-11.301
[18:07:52.796] imu_att:-0.076,0.022,2.195,-168.906,9.546,-10.820
[18:07:52.838] imu_att:-0.081,0.021,2.194,-168.382,9.743,-10.231
[18:07:52.877] imu_att:-0.072,0.016,2.194,-167.902,9.510,-9.693
[18:07:52.917] imu_att:-0.085,0.007,2.195,-167.945,10.137,-9.151
[18:07:52.957] imu_att:-0.080,0.016,2.196,-168.191,9.985,-8.662
[18:07:52.997] imu_att:-0.078,0.012,2.196,-168.246,9.904,-8.117
[18:07:53.037] imu_att:-0.087,0.015,2.196,-168.262,9.683,-7.517
[18:07:53.077] imu_att:-0.077,0.014,2.195,-168.536,9.571,-6.968
[18:07:53.117] imu_att:-0.053,0.021,2.195,-168.038,9.897,-6.472
[18:07:53.157] imu_att:-0.075,0.011,2.195,-168.527,9.842,-5.863
[18:07:53.197] imu_att:-0.083,0.021,2.193,-167.759,10.052,-5.309
[18:07:53.237] imu_att:-0.064,0.019,2.193,-168.538,9.597,-4.751
[18:07:53.277] imu_att:-0.077,0.018,2.192,-168.016,9.864,-4.249
[18:07:53.318] imu_att:-0.084,0.029,2.194,-168.413,9.765,-3.628
[18:07:53.357] imu_att:-0.096,0.033,2.193,-168.605,9.688,-3.064
[18:07:53.397] imu_att:-0.080,0.026,2.191,-168.408,9.847,-2.499
[18:07:53.436] imu_att:-0.069,0.034,2.192,-168.242,9.893,-1.987
[18:07:53.477] imu_att:-0.089,0.043,2.192,-168.286,9.951,-1.358
[18:07:53.518] imu_att:-0.078,0.032,2.191,-168.688,9.719,-0.843
[18:07:53.557] imu_att:-0.079,0.031,2.192,-168.659,9.691,-0.209
[18:07:53.597] imu_att:-0.052,0.147,2.196,-168.659,9.562,0.372
[18:07:53.637] imu_att:-0.076,-0.037,2.194,-168.775,9.348,0.950
[18:07:53.677] imu_att:-0.083,0.027,2.194,-168.908,9.318,1.532
[18:07:53.717] imu_att:-0.078,0.030,2.193,-168.623,9.584,2.116
[18:07:53.756] imu_att:-0.074,0.038,2.194,-168.402,9.677,2.704
[18:07:53.798] imu_att:-0.084,0.010,2.195,-167.940,10.128,3.293
[18:07:53.837] imu_att:-0.078,-0.011,2.191,-168.705,9.288,3.880
[18:07:53.877] imu_att:-0.087,-0.006,2.189,-168.408,9.891,4.472
[18:07:53.916] imu_att:-0.068,0.075,2.187,-168.970,9.326,5.006
[18:07:53.957] imu_att:-0.060,0.033,2.188,-168.250,9.552,5.665
[18:07:53.997] imu_att:-0.057,0.050,2.191,-168.019,10.094,6.267
[18:07:54.037] imu_att:-0.094,-0.063,2.190,-168.184,10.004,6.808
[18:07:54.077] imu_att:-0.069,0.053,2.188,-167.623,10.243,7.384
[18:07:54.118] imu_att:-0.066,0.062,2.187,-168.367,9.740,7.892
[18:07:54.157] imu_att:-0.072,0.158,2.188,-168.475,9.794,8.266
[18:07:54.197] imu_att:-0.085,0.054,2.189,-168.176,9.745,8.498
[18:07:54.237] imu_att:-0.068,0.041,2.191,-168.492,9.629,8.766
[18:07:54.278] imu_att:-0.081,0.045,2.191,-167.964,10.073,8.983
[18:07:54.317] imu_att:-0.087,0.125,2.195,-167.251,10.305,9.189
[18:07:54.357] imu_att:-0.112,0.043,2.194,-168.012,10.112,9.364
[18:07:54.396] imu_att:-0.126,0.041,2.193,-168.024,9.931,9.478
[18:07:54.438] imu_att:-0.102,0.007,2.193,-168.045,10.087,9.593
[18:07:54.477] imu_att:-0.087,0.047,2.192,-168.068,9.937,9.645
[18:07:54.517] imu_att:-0.079,0.040,2.192,-168.083,9.879,9.703
[18:07:54.557] imu_att:-0.086,0.036,2.193,-169.368,9.329,9.732
[18:07:54.598] imu_att:-0.073,0.041,2.194,-168.584,9.577,9.678
[18:07:54.637] imu_att:-0.065,0.084,2.196,-168.407,9.567,9.657
[18:07:54.677] imu_att:-0.072,0.048,2.196,-168.188,9.773,9.663
[18:07:54.716] imu_att:-0.088,0.033,2.196,-168.560,9.708,9.706
[18:07:54.758] imu_att:-0.089,0.003,2.195,-168.588,9.561,9.710
[18:07:54.797] imu_att:-0.053,0.116,2.196,-168.059,9.707,9.711
[18:07:54.837] imu_att:-0.076,0.059,2.196,-169.053,9.757,9.751
[18:07:54.876] imu_att:-0.084,0.031,2.196,-169.060,9.289,9.720
[18:07:54.918] imu_att:-0.072,0.028,2.196,-168.636,9.524,9.687
[18:07:54.957] imu_att:-0.072,0.080,2.196,-168.201,9.808,9.680
[18:07:54.997] imu_att:-0.085,0.106,2.196,-167.954,9.993,9.756
[18:07:55.037] imu_att:-0.068,0.085,2.199,-168.208,9.867,9.809
[18:07:55.077] imu_att:-0.062,0.137,2.204,-168.774,9.403,9.801
[18:07:55.117] imu_att:-0.092,-0.043,2.208,-167.137,10.250,9.793
[18:07:55.157] imu_att:-0.122,0.023,2.206,-167.798,10.035,9.819
[18:07:55.196] imu_att:-0.085,0.206,2.206,-167.673,10.297,9.860
[18:07:55.238] imu_att:-0.098,0.125,2.199,-168.669,9.773,9.897
[18:07:55.277] imu_att:-0.131,0.251,2.189,-168.179,9.797,9.853
[18:07:55.317] imu_att:-0.194,0.086,2.149,-168.206,10.033,9.855
[18:07:55.356] imu_att:0.461,-0.293,2.212,-168.534,9.508,9.882
[18:07:55.398] imu_att:1.212,-0.949,2.404,-170.138,8.185,9.861
[18:07:55.437] imu_att:-0.489,0.158,2.464,-168.421,9.310,9.726
[18:07:55.477] imu_att:-1.331,2.301,2.293,-168.126,10.258,9.703
[18:07:55.516] imu_att:-0.164,3.790,2.161,-170.547,8.198,9.508
[18:07:55.558] imu_att:0.858,5.056,2.141,-172.370,6.254,9.026
[18:07:55.597] imu_att:0.162,6.097,2.107,-172.278,5.798,8.426
[18:07:55.637] imu_att:-0.295,7.867,1.994,-172.279,5.876,7.860
[18:07:55.676] imu_att:0.036,9.465,1.884,-173.194,5.088,7.352
[18:07:55.717] imu_att:0.390,11.438,1.796,-174.217,4.213,6.754
[18:07:55.757] imu_att:0.650,13.302,1.749,-174.631,3.555,6.158
[18:07:55.797] imu_att:0.545,14.543,1.734,-175.115,3.088,5.587
[18:07:55.837] imu_att:0.738,16.311,1.759,-175.477,2.780,5.074
[18:07:55.877] imu_att:0.951,17.880,1.862,-176.469,1.920,4.697
[18:07:55.917] imu_att:0.721,19.228,2.007,-175.844,2.094,4.290
[18:07:55.957] imu_att:-0.058,20.363,2.079,-175.765,2.531,3.997
[18:07:55.996] imu_att:0.041,21.345,2.112,-175.936,2.230,3.739
[18:07:56.036] imu_att:0.362,22.424,2.157,-176.677,1.686,3.448
[18:07:56.077] imu_att:0.316,23.406,2.189,-176.609,1.710,3.136
[18:07:56.117] imu_att:0.260,24.232,2.203,-176.796,1.543,2.866
[18:07:56.157] imu_att:0.264,24.846,2.189,-176.451,1.624,2.606
[18:07:56.198] imu_att:0.348,25.638,2.164,-176.400,1.587,2.386
[18:07:56.237] imu_att:0.612,26.210,2.162,-176.870,1.409,2.208
[18:07:56.277] imu_att:0.594,26.614,2.169,-176.515,1.349,2.060
[18:07:56.317] imu_att:0.658,26.908,2.195,-176.136,1.695,1.929
[18:07:56.356] imu_att:0.641,26.425,2.244,-176.782,1.467,1.906
[18:07:56.397] imu_att:0.476,25.695,2.290,-176.755,1.402,1.839
[18:07:56.437] imu_att:0.194,25.424,2.299,-176.502,1.606,1.765
[18:07:56.476] imu_att:0.353,25.390,2.297,-176.700,1.523,1.717
[18:07:56.518] imu_att:0.431,25.590,2.297,-176.823,1.458,1.666
[18:07:56.558] imu_att:0.365,25.745,2.289,-176.994,1.384,1.617
[18:07:56.597] imu_att:0.439,25.898,2.271,-176.419,1.645,1.576
[18:07:56.637] imu_att:0.602,26.088,2.267,-176.710,1.643,1.583
[18:07:56.676] imu_att:0.572,25.979,2.279,-176.707,1.462,1.568
[18:07:56.717] imu_att:0.466,25.890,2.284,-176.849,1.438,1.558
[18:07:56.757] imu_att:0.389,25.953,2.280,-177.065,1.354,1.537
[18:07:56.797] imu_att:0.426,25.994,2.270,-176.756,1.457,1.495
[18:07:56.838] imu_att:0.384,26.013,2.250,-176.858,1.327,1.449
[18:07:56.877] imu_att:0.440,25.830,2.220,-176.522,1.628,1.429
[18:07:56.917] imu_att:0.464,25.539,2.200,-176.817,1.488,1.428
[18:07:56.957] imu_att:0.251,25.181,2.159,-176.723,1.550,1.400
[18:07:56.996] imu_att:0.210,24.989,2.098,-176.272,1.788,1.377
[18:07:57.038] imu_att:-0.053,24.787,1.993,-176.469,2.136,1.380
[18:07:57.077] imu_att:0.546,23.465,1.902,-176.461,1.813,1.398
[18:07:57.117] imu_att:0.598,22.055,1.903,-176.306,1.945,1.468
[18:07:57.156] imu_att:0.699,19.627,1.934,-175.923,2.215,1.589
[18:07:57.197] imu_att:0.625,17.057,1.985,-175.270,2.804,1.789
[18:07:57.237] imu_att:0.108,14.656,2.006,-174.852,3.364,2.039
[18:07:57.277] imu_att:-0.047,11.921,1.973,-173.958,4.196,2.363
[18:07:57.316] imu_att:0.410,9.812,1.980,-173.346,4.775,2.775
[18:07:57.358] imu_att:0.435,7.962,2.026,-173.512,4.632,3.159
[18:07:57.397] imu_att:0.339,6.309,2.092,-171.631,5.863,3.573
[18:07:57.437] imu_att:-0.149,4.644,2.110,-171.206,6.897,4.146
[18:07:57.476] imu_att:-0.070,3.745,2.105,-170.427,7.349,4.620
[18:07:57.517] imu_att:-0.061,3.164,2.088,-170.286,7.674,5.160
[18:07:57.557] imu_att:-0.095,2.356,2.057,-169.787,8.282,5.654
[18:07:57.597] imu_att:0.294,1.486,2.061,-170.199,8.380,6.152
[18:07:57.637] imu_att:-0.056,1.227,2.060,-169.287,8.676,6.547
[18:07:57.678] imu_att:-0.420,0.519,1.983,-168.700,9.442,6.945
[18:07:57.718] imu_att:0.228,0.632,1.937,-169.306,9.092,7.354
[18:07:57.757] imu_att:0.737,0.554,1.984,-168.966,8.952,7.690
[18:07:57.796] imu_att:-0.175,0.283,2.032,-168.419,9.313,7.947
[18:07:57.838] imu_att:-0.449,0.386,2.010,-167.682,10.447,8.278
[18:07:57.877] imu_att:-0.049,0.633,2.022,-168.708,9.580,8.648
[18:07:57.917] imu_att:-0.142,0.585,2.024,-168.819,9.464,8.819
[18:07:57.956] imu_att:-0.155,0.469,2.025,-168.555,9.446,8.923
[18:07:57.997] imu_att:-0.068,0.325,2.029,-168.542,9.686,9.071
[18:07:58.037] imu_att:-0.166,0.254,2.031,-168.333,9.741,9.183
[18:07:58.077] imu_att:-0.106,0.261,2.030,-168.890,9.300,9.246
[18:07:58.117] imu_att:-0.181,0.073,2.025,-168.739,9.526,9.287
[18:07:58.158] imu_att:-0.146,-0.235,2.025,-168.429,9.575,9.306
[18:07:58.197] imu_att:-0.126,-0.223,2.028,-168.537,9.650,9.367
[18:07:58.237] imu_att:-0.224,0.501,2.032,-169.033,9.535,9.426
[18:07:58.277] imu_att:-0.119,0.114,2.030,-168.839,9.315,9.423
[18:07:58.318] imu_att:-0.132,0.109,2.030,-168.330,9.596,9.447
[18:07:58.357] imu_att:-0.147,0.100,2.031,-168.307,9.845,9.516
[18:07:58.397] imu_att:-0.103,0.086,2.032,-168.718,9.560,9.551
[18:07:58.436] imu_att:-0.128,0.092,2.033,-169.114,9.695,9.611
[18:07:58.477] imu_att:-0.107,0.069,2.033,-168.514,9.483,9.606
[18:07:58.517] imu_att:-0.140,0.065,2.032,-168.943,9.264,9.581
[18:07:58.557] imu_att:-0.113,0.096,2.031,-168.586,9.577,9.560
[18:07:58.596] imu_att:-0.124,0.050,2.032,-168.351,9.666,9.607
[18:07:58.636] imu_att:-0.122,0.093,2.032,-168.692,9.358,9.585
[18:07:58.677] imu_att:-0.152,0.062,2.033,-168.726,9.573,9.588
[18:07:58.717] imu_att:-0.128,0.106,2.034,-168.968,9.472,9.623
[18:07:58.757] imu_att:-0.171,0.047,2.031,-168.517,9.505,9.616
[18:07:58.798] imu_att:-0.141,-0.001,2.027,-168.759,9.258,9.599
[18:07:58.837] imu_att:-0.134,0.097,2.021,-168.879,9.318,9.567
[18:07:58.877] imu_att:-0.135,0.092,2.016,-168.482,9.650,9.571
[18:07:58.917] imu_att:-0.116,-0.005,2.013,-168.596,9.467,9.581
[18:07:58.957] imu_att:-0.117,-0.180,2.013,-169.136,9.190,9.564
[18:07:58.997] imu_att:-0.151,-0.065,2.007,-168.879,9.281,9.507
[18:07:59.037] imu_att:-0.127,-0.013,2.002,-168.548,9.552,9.514
[18:07:59.077] imu_att:-0.187,0.077,1.995,-168.718,9.483,9.511
[18:07:59.117] imu_att:-0.088,0.024,1.994,-168.932,9.232,9.505
[18:07:59.157] imu_att:-0.168,0.113,1.993,-168.781,9.460,9.474
[18:07:59.197] imu_att:-0.160,0.133,1.990,-169.310,8.988,9.430
[18:07:59.237] imu_att:-0.150,0.033,1.983,-168.877,9.381,9.416
[18:07:59.276] imu_att:-0.040,-0.109,1.985,-169.336,9.138,9.411
[18:07:59.317] imu_att:-0.145,-0.265,1.979,-168.860,9.329,9.390
[18:07:59.357] imu_att:-0.107,-0.210,1.975,-168.525,9.632,9.419
[18:07:59.397] imu_att:-0.072,-0.112,1.977,-168.258,9.726,9.462
[18:07:59.436] imu_att:-0.162,-0.193,1.982,-168.477,9.614,9.506
[18:07:59.477] imu_att:-0.167,-0.110,1.986,-168.724,9.215,9.481
[18:07:59.517] imu_att:-0.211,0.092,2.013,-168.898,9.578,9.523
[18:07:59.557] imu_att:-0.335,0.304,2.108,-168.401,9.681,9.638
[18:07:59.596] imu_att:-0.347,-0.582,2.260,-166.525,11.093,9.928
[18:07:59.638] imu_att:-0.211,-1.558,2.417,-166.413,11.570,10.319
[18:07:59.677] imu_att:-0.115,-2.692,2.566,-165.397,12.563,10.800
[18:07:59.717] imu_att:-0.179,-3.570,2.689,-164.470,13.300,11.305
[18:07:59.756] imu_att:-0.031,-4.373,2.779,-162.666,14.522,11.889
[18:07:59.798] imu_att:-0.005,-5.570,2.799,-161.546,16.193,12.528
[18:07:59.837] imu_att:-0.075,-6.997,2.803,-159.049,18.449,13.155
[18:07:59.877] imu_att:-0.037,-8.719,2.758,-154.907,22.118,13.733
[18:07:59.916] imu_att:-0.120,-10.688,2.693,-150.024,27.021,14.295
[18:07:59.958] imu_att:-0.170,-12.235,2.635,-141.418,34.450,14.865
[18:07:59.997] imu_att:-0.196,-13.330,2.559,-132.550,43.702,15.420
[18:08:00.037] imu_att:-0.028,-14.384,2.450,-122.477,52.228,15.882
[18:08:00.077] imu_att:-0.314,-16.285,2.390,-107.744,67.823,16.520
[18:08:00.118] imu_att:-0.494,-16.964,2.398,-98.634,76.873,17.167
[18:08:00.157] imu_att:-0.213,-16.784,2.398,-101.289,77.235,17.806
[18:08:00.197] imu_att:-0.239,-16.495,2.404,-101.986,76.457,18.390
[18:08:00.237] imu_att:-0.214,-16.380,2.419,-104.291,74.097,19.114
[18:08:00.277] imu_att:-0.224,-16.319,2.436,-103.944,73.875,19.714
[18:08:00.317] imu_att:-0.211,-16.082,2.468,-108.127,72.930,20.459
[18:08:00.357] imu_att:-0.226,-15.905,2.512,-109.174,69.334,21.089
[18:08:00.397] imu_att:-0.141,-15.781,2.570,-111.753,66.981,21.866
[18:08:00.438] imu_att:-0.124,-15.752,2.614,-111.285,66.373,22.566
[18:08:00.477] imu_att:-0.179,-15.833,2.669,-109.539,69.097,23.279
[18:08:00.517] imu_att:-0.232,-15.946,2.757,-107.817,69.877,24.027
[18:08:00.556] imu_att:-0.223,-15.957,2.872,-107.944,69.812,24.805
[18:08:00.598] imu_att:-0.179,-16.021,2.999,-107.333,71.630,25.530
[18:08:00.637] imu_att:-0.174,-15.975,3.220,-108.627,70.035,26.484
[18:08:00.677] imu_att:-0.140,-15.972,3.441,-107.694,70.968,27.375
[18:08:00.716] imu_att:-0.024,-15.913,3.608,-107.562,70.774,28.146
[18:08:00.757] imu_att:0.047,-15.917,3.713,-108.417,69.347,28.992
[18:08:00.797] imu_att:0.064,-15.935,3.746,-107.627,70.195,29.701
[18:08:00.837] imu_att:-0.006,-15.916,3.747,-107.968,70.161,30.312
[18:08:00.876] imu_att:-0.151,-15.875,3.766,-110.332,68.269,31.080
[18:08:00.917] imu_att:-0.176,-15.830,3.817,-106.317,70.576,31.745
[18:08:00.957] imu_att:-0.156,-15.860,3.864,-108.286,70.387,32.477
[18:08:00.997] imu_att:0.028,-15.891,3.862,-109.118,69.586,33.230
[18:08:01.036] imu_att:0.001,-15.806,3.830,-110.617,68.787,33.888
[18:08:01.078] imu_att:-0.095,-15.626,3.797,-111.746,67.001,34.546
[18:08:01.117] imu_att:-0.251,-15.498,3.788,-115.821,63.757,35.232
[18:08:01.157] imu_att:-0.302,-15.409,3.819,-111.559,65.672,35.958
[18:08:01.197] imu_att:-0.222,-15.274,3.895,-115.113,63.990,36.663
[18:08:01.238] imu_att:-0.330,-15.020,4.087,-115.593,63.132,37.555
[18:08:01.277] imu_att:-0.451,-14.694,4.415,-117.838,59.979,38.586
[18:08:01.317] imu_att:-0.256,-14.597,4.810,-120.065,58.253,39.756
[18:08:01.356] imu_att:0.069,-14.738,5.078,-118.303,59.043,40.731
[18:08:01.398] imu_att:0.243,-14.633,5.180,-122.457,56.923,41.543
[18:08:01.437] imu_att:0.324,-14.524,5.109,-122.550,56.073,42.111
[18:08:01.477] imu_att:0.232,-14.470,4.886,-123.864,54.432,42.674
[18:08:01.517] imu_att:0.031,-14.475,4.623,-127.716,51.020,43.126
[18:08:01.558] imu_att:-0.097,-14.098,4.373,-130.112,47.958,43.595
[18:08:01.597] imu_att:-0.178,-13.681,4.137,-137.889,42.201,43.711
[18:08:01.637] imu_att:-0.138,-12.643,3.900,-143.874,36.275,43.014
[18:08:01.676] imu_att:-0.085,-11.384,3.652,-148.948,30.269,42.330
[18:08:01.716] imu_att:0.045,-9.954,3.309,-153.873,25.538,41.501
[18:08:01.757] imu_att:0.057,-8.479,2.828,-157.505,21.200,40.483
[18:08:01.797] imu_att:0.096,-7.233,2.291,-161.151,17.617,39.455
[18:08:01.836] imu_att:0.098,-6.407,1.614,-163.368,15.692,38.285
[18:08:01.878] imu_att:0.064,-5.450,0.818,-165.321,13.797,36.994
[18:08:01.917] imu_att:-0.294,-4.424,0.089,-165.812,12.313,35.768
[18:08:01.957] imu_att:-0.658,-3.056,-0.426,-167.311,11.241,34.754
[18:08:01.997] imu_att:-0.737,-1.571,-0.734,-168.348,9.982,33.994
[18:08:02.036] imu_att:-0.748,-0.245,-0.936,-169.021,9.256,33.239
[18:08:02.077] imu_att:-0.604,0.120,-1.040,-169.794,8.335,32.680
[18:08:02.117] imu_att:-0.576,-0.140,-1.120,-170.638,7.585,32.042
[18:08:02.156] imu_att:0.244,-1.415,-1.170,-171.229,6.873,31.533
[18:08:02.196] imu_att:-0.072,-1.912,-1.203,-170.171,7.943,30.937
[18:08:02.237] imu_att:-0.136,-0.998,-1.244,-171.737,6.752,30.383
[18:08:02.277] imu_att:0.056,-0.686,-1.335,-171.903,6.543,29.776
[18:08:02.317] imu_att:0.093,-0.602,-1.544,-171.421,6.359,29.048
[18:08:02.356] imu_att:0.143,-0.517,-1.843,-171.770,6.606,28.229
[18:08:02.397] imu_att:-0.059,-0.320,-2.140,-171.989,6.182,27.410
[18:08:02.437] imu_att:-0.381,0.058,-2.318,-172.307,6.147,26.708
[18:08:02.477] imu_att:-0.523,0.057,-2.308,-171.167,7.037,26.192
[18:08:02.516] imu_att:-0.253,-0.280,-2.304,-171.630,6.750,25.720
[18:08:02.557] imu_att:-0.161,-0.341,-2.297,-171.749,6.402,25.144
[18:08:02.597] imu_att:-0.156,-0.303,-2.297,-171.123,6.844,24.612
[18:08:02.636] imu_att:-0.095,-0.204,-2.281,-172.414,5.898,24.093
[18:08:02.676] imu_att:-0.132,-0.074,-2.255,-171.605,6.446,23.582
[18:08:02.717] imu_att:-0.221,-0.232,-2.258,-172.009,6.563,23.095
[18:08:02.757] imu_att:-0.076,0.124,-2.250,-172.292,5.976,22.563
[18:08:02.797] imu_att:-0.118,-0.160,-2.236,-171.719,6.331,22.034
[18:08:02.836] imu_att:-0.102,0.020,-2.238,-171.485,6.779,21.432
[18:08:02.878] imu_att:-0.146,0.123,-2.236,-170.839,6.853,20.943
[18:08:02.917] imu_att:-0.136,0.085,-2.230,-171.948,6.709,20.400
[18:08:02.957] imu_att:-0.001,1.331,-2.200,-171.878,6.089,19.824
[18:08:02.997] imu_att:-0.052,0.406,-2.195,-171.416,6.531,19.276
[18:08:03.037] imu_att:-0.033,0.023,-2.171,-171.111,6.555,18.744
[18:08:03.077] imu_att:-0.178,0.060,-2.164,-171.659,6.755,18.194
[18:08:03.117] imu_att:-0.130,-0.503,-2.157,-171.672,6.612,17.642
[18:08:03.157] imu_att:-0.180,-0.922,-2.159,-170.693,7.288,17.078
[18:08:03.198] imu_att:-0.079,-0.474,-2.165,-171.645,6.790,16.509
[18:08:03.237] imu_att:-0.059,-0.198,-2.157,-171.444,6.674,15.951
[18:08:03.277] imu_att:-0.088,0.072,-2.153,-171.015,6.916,15.444
[18:08:03.316] imu_att:-0.138,0.040,-2.154,-171.430,6.798,14.873
[18:08:03.357] imu_att:-0.146,-0.135,-2.162,-171.328,6.940,14.236
[18:08:03.397] imu_att:-0.103,0.044,-2.173,-171.604,6.516,13.708
[18:08:03.437] imu_att:-0.064,0.170,-2.182,-171.678,6.477,13.066
[18:08:03.477] imu_att:-0.114,-0.018,-2.182,-170.878,6.568,12.488
[18:08:03.518] imu_att:-0.079,-0.122,-2.177,-171.601,6.626,11.913
[18:08:03.557] imu_att:-0.157,-0.125,-2.184,-171.957,6.240,11.322
[18:08:03.597] imu_att:-0.164,-0.057,-2.188,-171.313,6.650,10.734
[18:08:03.637] imu_att:-0.135,0.219,-2.188,-171.632,6.420,10.147
[18:08:03.676] imu_att:-0.123,0.027,-2.188,-171.904,6.410,9.617
[18:08:03.718] imu_att:-0.089,0.086,-2.189,-171.836,6.475,9.066
[18:08:03.757] imu_att:-0.128,0.127,-2.187,-171.278,6.729,8.550
[18:08:03.796] imu_att:-0.109,0.140,-2.187,-171.740,6.352,8.195
[18:08:03.836] imu_att:-0.116,0.115,-2.188,-171.545,6.321,7.859
[18:08:03.877] imu_att:-0.135,-0.085,-2.191,-171.549,6.632,7.615
[18:08:03.917] imu_att:-0.158,-0.150,-2.199,-171.633,6.526,7.423
[18:08:03.957] imu_att:-0.135,0.031,-2.213,-171.539,6.613,7.287
[18:08:03.998] imu_att:-0.180,0.049,-2.227,-171.982,6.330,7.112
[18:08:04.037] imu_att:-0.085,-0.089,-2.244,-171.228,6.810,7.003
[18:08:04.077] imu_att:0.144,0.227,-2.225,-171.697,5.995,6.868
[18:08:04.117] imu_att:-0.098,-0.017,-2.215,-171.642,6.495,6.782
[18:08:04.156] imu_att:-0.181,-0.190,-2.221,-171.021,6.896,6.742
[18:08:04.197] imu_att:-0.114,0.030,-2.230,-171.219,6.519,6.730
[18:08:04.237] imu_att:-0.088,0.091,-2.228,-172.078,6.192,6.684
[18:08:04.277] imu_att:-0.093,0.011,-2.230,-171.025,6.747,6.603
[18:08:04.316] imu_att:-0.195,0.030,-2.245,-170.893,7.224,6.671
[18:08:04.357] imu_att:-0.002,0.044,-2.253,-170.801,6.861,6.703
[18:08:04.397] imu_att:-0.013,-0.056,-2.247,-171.839,6.372,6.669
[18:08:04.437] imu_att:-0.064,0.219,-2.243,-171.719,6.438,6.615
[18:08:04.476] imu_att:-0.119,0.067,-2.242,-171.766,6.577,6.609
[18:08:04.517] imu_att:-0.090,0.045,-2.238,-172.052,6.297,6.607
[18:08:04.557] imu_att:-0.024,0.118,-2.224,-171.381,6.807,6.642
[18:08:04.597] imu_att:-0.132,0.063,-2.214,-171.305,6.785,6.662
[18:08:04.636] imu_att:-0.076,0.069,-2.199,-171.960,6.364,6.677
[18:08:04.677] imu_att:-0.135,0.029,-2.188,-171.386,6.763,6.670
[18:08:04.717] imu_att:-0.146,-0.002,-2.182,-171.374,6.613,6.671
[18:08:04.757] imu_att:-0.327,0.076,-2.197,-172.009,6.213,6.626
[18:08:04.796] imu_att:0.256,-0.005,-2.193,-171.570,6.696,6.630
[18:08:04.838] imu_att:0.063,-0.644,-2.199,-170.978,7.129,6.685
[18:08:04.877] imu_att:0.021,0.081,-2.199,-171.769,6.644,6.754
[18:08:04.917] imu_att:-0.093,0.508,-2.199,-171.303,6.741,6.742
[18:08:04.956] imu_att:-0.147,0.126,-2.200,-171.812,6.417,6.710
[18:08:04.998] imu_att:-0.103,0.113,-2.201,-172.262,6.027,6.600
[18:08:05.037] imu_att:-0.108,0.060,-2.202,-172.084,6.077,6.524
[18:08:05.076] imu_att:-0.096,0.063,-2.203,-171.412,6.828,6.540
[18:08:05.116] imu_att:-0.127,0.046,-2.204,-171.458,6.638,6.541
[18:08:05.157] imu_att:-0.105,0.059,-2.204,-171.384,6.766,6.575
[18:08:05.197] imu_att:-0.125,0.023,-2.206,-170.470,7.432,6.640
[18:08:05.237] imu_att:-0.088,0.202,-2.213,-171.055,6.873,6.700
[18:08:05.276] imu_att:-0.176,0.241,-2.213,-171.233,6.892,6.739
[18:08:05.318] imu_att:-0.149,-0.079,-2.215,-170.918,7.172,6.786
[18:08:05.357] imu_att:-0.097,0.166,-2.211,-171.301,7.210,6.889
[18:08:05.397] imu_att:-0.080,1.016,-2.201,-171.842,6.371,6.818
[18:08:05.436] imu_att:-0.148,-0.082,-2.203,-171.618,6.301,6.696
[18:08:05.477] imu_att:-0.162,-0.445,-2.207,-170.873,7.127,6.713
[18:08:05.517] imu_att:-0.215,-0.288,-2.215,-171.587,6.541,6.711
[18:08:05.557] imu_att:-0.175,-0.434,-2.231,-171.514,6.649,6.675
[18:08:05.596] imu_att:-0.084,-0.117,-2.238,-171.513,6.839,6.711
[18:08:05.637] imu_att:-0.092,-0.525,-2.234,-171.227,6.721,6.707
[18:08:05.677] imu_att:-0.039,0.329,-2.229,-171.780,6.459,6.692
[18:08:05.717] imu_att:-0.230,0.447,-2.218,-171.701,6.452,6.630
[18:08:05.756] imu_att:-0.247,0.604,-2.209,-171.299,6.689,6.613
[18:08:05.797] imu_att:-0.325,-0.230,-2.213,-170.902,7.112,6.660
[18:08:05.837] imu_att:-0.263,-0.426,-2.222,-170.967,7.484,6.790
[18:08:05.876] imu_att:-0.069,-0.001,-2.217,-170.870,7.284,6.888
[18:08:05.916] imu_att:-0.277,0.010,-2.208,-170.142,7.410,6.935
[18:08:05.957] imu_att:-0.100,0.303,-2.165,-170.443,7.592,7.074
[18:08:05.997] imu_att:-0.261,-0.119,-2.183,-170.642,7.531,7.124
[18:08:06.037] imu_att:-0.895,-0.202,-2.248,-167.713,9.910,7.403
[18:08:06.076] imu_att:-1.394,-0.017,-2.298,-165.426,12.368,7.897
[18:08:06.118] imu_att:-3.328,0.040,-2.330,-160.078,16.764,8.532
[18:08:06.157] imu_att:-4.942,0.434,-2.341,-157.389,20.208,9.069
[18:08:06.197] imu_att:-6.326,0.099,-2.363,-153.531,23.959,9.719
[18:08:06.236] imu_att:-7.037,0.219,-2.343,-150.956,26.259,10.291
[18:08:06.277] imu_att:-8.577,-0.197,-2.339,-149.416,28.307,10.972
[18:08:06.317] imu_att:-10.556,-0.012,-2.355,-144.664,32.378,11.573
[18:08:06.357] imu_att:-12.221,-0.074,-2.345,-141.950,35.316,12.204
[18:08:06.396] imu_att:-13.767,-0.229,-2.308,-140.053,37.635,12.862
[18:08:06.438] imu_att:-14.881,-0.047,-2.256,-138.471,39.447,13.539
[18:08:06.477] imu_att:-16.043,-0.072,-2.197,-136.962,40.934,14.225
[18:08:06.517] imu_att:-17.615,-0.175,-2.158,-134.767,42.935,14.892
[18:08:06.556] imu_att:-18.898,-0.073,-2.144,-133.385,44.081,15.537
[18:08:06.597] imu_att:-20.335,-0.034,-2.136,-132.168,45.591,16.179
[18:08:06.637] imu_att:-21.624,0.067,-2.153,-131.276,46.795,16.796
[18:08:06.677] imu_att:-22.517,-0.052,-2.156,-130.292,47.484,17.431
[18:08:06.717] imu_att:-22.734,0.124,-2.147,-130.131,47.969,18.079
[18:08:06.758] imu_att:-23.568,0.235,-2.124,-129.693,48.341,18.744
[18:08:06.797] imu_att:-24.271,0.079,-2.098,-129.455,48.650,19.413
[18:08:06.837] imu_att:-24.768,-0.060,-2.074,-129.219,48.940,20.019
[18:08:06.877] imu_att:-25.253,-0.498,-2.078,-128.106,49.949,20.727
[18:08:06.918] imu_att:-25.136,-0.399,-2.082,-127.829,50.227,21.374
[18:08:06.957] imu_att:-25.687,-0.105,-2.076,-128.047,50.233,21.967
[18:08:06.997] imu_att:-25.970,-0.180,-2.035,-127.874,50.289,22.728
[18:08:07.036] imu_att:-26.080,-0.489,-2.031,-127.049,50.848,23.323
[18:08:07.078] imu_att:-25.080,-0.154,-2.068,-128.651,49.940,24.011
[18:08:07.117] imu_att:-24.035,-0.045,-2.076,-128.992,49.307,24.663
[18:08:07.158] imu_att:-23.954,-0.025,-2.063,-128.843,49.244,25.340
[18:08:07.196] imu_att:-24.816,-0.340,-2.056,-128.540,49.515,26.013
[18:08:07.238] imu_att:-25.324,-0.222,-2.053,-128.122,50.068,26.683
[18:08:07.277] imu_att:-25.138,-0.174,-2.042,-128.084,50.074,27.364
[18:08:07.317] imu_att:-25.036,-0.218,-2.036,-127.818,50.089,28.042
[18:08:07.357] imu_att:-25.388,-0.232,-2.030,-127.995,50.192,28.655
[18:08:07.398] imu_att:-25.664,-0.140,-2.028,-128.019,50.123,29.401
[18:08:07.437] imu_att:-25.339,-0.235,-2.040,-128.210,50.104,29.999
[18:08:07.477] imu_att:-25.181,-0.210,-2.050,-127.678,50.315,30.738
[18:08:07.516] imu_att:-25.430,-0.255,-2.043,-127.752,50.354,31.428
[18:08:07.558] imu_att:-25.597,-0.376,-2.055,-128.106,50.222,32.101
[18:08:07.597] imu_att:-25.196,-0.164,-2.065,-127.997,50.255,32.709
[18:08:07.637] imu_att:-25.126,-0.164,-2.037,-127.864,50.109,33.496
[18:08:07.676] imu_att:-25.361,-0.422,-2.033,-128.079,49.934,34.122
[18:08:07.718] imu_att:-25.008,-0.494,-2.058,-127.951,50.201,34.861
[18:08:07.757] imu_att:-24.729,-0.344,-2.070,-128.349,50.097,35.475
[18:08:07.797] imu_att:-24.296,-0.459,-2.072,-128.286,49.607,36.241
[18:08:07.836] imu_att:-23.956,-0.416,-2.089,-129.439,49.078,36.854
[18:08:07.876] imu_att:-23.707,-0.434,-2.108,-129.615,48.877,37.538
[18:08:07.917] imu_att:-23.447,-0.481,-2.126,-128.651,49.406,38.295
[18:08:07.957] imu_att:-23.033,-0.427,-2.151,-129.803,48.596,38.977
[18:08:07.997] imu_att:-22.441,-0.356,-2.167,-130.128,48.151,39.599
[18:08:08.038] imu_att:-21.293,-0.466,-2.194,-131.055,47.602,40.355
[18:08:08.077] imu_att:-20.148,-0.400,-2.226,-132.532,45.817,40.965
[18:08:08.117] imu_att:-18.929,-0.724,-2.288,-132.922,45.110,41.619
[18:08:08.157] imu_att:-16.860,-0.390,-2.325,-135.394,43.066,42.125
[18:08:08.196] imu_att:-16.007,-0.274,-2.325,-137.321,41.444,42.245
[18:08:08.237] imu_att:-15.369,-0.208,-2.286,-138.328,40.091,42.063
[18:08:08.277] imu_att:-13.806,-0.277,-2.266,-140.562,38.736,41.716
[18:08:08.317] imu_att:-12.249,-0.414,-2.255,-142.681,35.893,41.240
[18:08:08.356] imu_att:-10.676,-0.286,-2.263,-145.469,33.395,40.744
[18:08:08.398] imu_att:-9.412,-0.051,-2.283,-148.422,30.632,40.282
[18:08:08.437] imu_att:-7.344,0.156,-2.282,-152.469,26.692,39.739
[18:08:08.476] imu_att:-5.776,0.120,-2.286,-155.508,23.485,39.239
[18:08:08.516] imu_att:-4.984,0.067,-2.303,-157.252,21.248,38.774
[18:08:08.557] imu_att:-4.083,-0.093,-2.341,-159.470,18.921,38.186
[18:08:08.597] imu_att:-3.807,-0.192,-2.388,-160.458,17.731,37.687
[18:08:08.636] imu_att:-3.477,0.236,-2.391,-162.109,16.259,37.179
[18:08:08.676] imu_att:-2.709,0.255,-2.354,-164.651,14.409,36.659
[18:08:08.718] imu_att:-2.073,0.244,-2.306,-165.776,12.506,36.198
[18:08:08.757] imu_att:-1.482,0.104,-2.270,-166.806,11.450,35.724
[18:08:08.797] imu_att:-0.905,0.097,-2.263,-169.875,9.012,35.217
[18:08:08.837] imu_att:-0.249,-0.041,-2.276,-170.977,7.865,34.688
[18:08:08.877] imu_att:-0.084,-0.341,-2.295,-170.751,7.264,34.203
[18:08:08.917] imu_att:-0.166,0.132,-2.289,-171.013,7.291,33.638
[18:08:08.957] imu_att:-0.329,-0.054,-2.278,-170.939,6.994,33.127
[18:08:08.996] imu_att:-0.339,-0.321,-2.284,-171.854,6.725,32.597
[18:08:09.038] imu_att:-0.358,-0.097,-2.330,-171.750,6.744,32.024
[18:08:09.077] imu_att:0.389,0.256,-2.296,-172.061,6.087,31.529
[18:08:09.117] imu_att:-0.150,0.096,-2.288,-171.717,6.538,31.059
[18:08:09.156] imu_att:-0.118,0.072,-2.282,-171.648,6.527,30.532
[18:08:09.198] imu_att:-0.202,0.046,-2.273,-172.245,6.015,29.952
[18:08:09.237] imu_att:-0.171,0.051,-2.272,-171.251,6.806,29.416
[18:08:09.277] imu_att:-0.173,0.040,-2.270,-170.933,6.983,28.878
[18:08:09.316] imu_att:-0.161,0.057,-2.270,-171.231,6.927,28.335
[18:08:09.357] imu_att:-0.164,0.046,-2.271,-171.245,7.008,27.790
[18:08:09.397] imu_att:-0.158,0.043,-2.271,-171.853,6.308,27.244
[18:08:09.437] imu_att:-0.156,0.053,-2.271,-172.048,6.269,26.750
[18:08:09.477] imu_att:-0.157,0.054,-2.271,-171.906,6.446,26.144
[18:08:09.518] imu_att:-0.161,0.377,-2.272,-171.813,6.517,25.590
[18:08:09.557] imu_att:-0.117,0.858,-2.279,-171.563,6.542,25.028
[18:08:09.597] imu_att:-0.063,0.038,-2.277,-171.674,6.509,24.472
[18:08:09.637] imu_att:-0.052,-0.387,-2.272,-171.677,6.568,23.973
[18:08:09.676] imu_att:-0.142,-0.275,-2.270,-171.327,6.864,23.413
[18:08:09.717] imu_att:-0.197,-0.098,-2.278,-170.925,7.066,22.785
[18:08:09.757] imu_att:-0.204,-0.187,-2.285,-171.281,7.127,22.268
[18:08:09.796] imu_att:-0.041,-0.299,-2.281,-171.293,6.850,21.647
[18:08:09.837] imu_att:-0.178,0.804,-2.287,-171.718,6.537,21.070
[18:08:09.877] imu_att:-0.133,1.040,-2.299,-171.646,6.617,20.485
[18:08:09.917] imu_att:-0.154,-0.386,-2.321,-171.230,6.881,19.945
[18:08:09.956] imu_att:0.062,0.102,-2.340,-173.014,5.787,19.348
[18:08:09.997] imu_att:0.510,0.481,-2.322,-175.069,3.566,18.728
[18:08:10.037] imu_att:1.547,0.710,-2.331,-177.746,0.864,18.196
[18:08:10.077] imu_att:3.663,0.077,-2.343,176.621,-4.379,17.541
[18:08:10.116] imu_att:4.605,0.356,-2.369,172.380,-8.580,16.928
[18:08:10.158] imu_att:6.144,1.328,-2.404,168.607,-12.466,16.305
[18:08:10.197] imu_att:7.691,1.448,-2.412,164.752,-16.065,15.706
[18:08:10.237] imu_att:9.057,1.071,-2.401,162.980,-18.346,15.183
[18:08:10.277] imu_att:11.714,0.527,-2.440,155.061,-25.818,14.489
[18:08:10.317] imu_att:13.745,0.263,-2.494,150.814,-30.244,13.838
[18:08:10.357] imu_att:15.325,-0.259,-2.564,146.792,-33.696,13.168
[18:08:10.397] imu_att:16.955,0.052,-2.630,144.329,-36.888,12.499
[18:08:10.437] imu_att:18.399,1.129,-2.672,142.692,-38.568,11.914
[18:08:10.477] imu_att:20.476,0.813,-2.678,139.779,-41.255,11.241
[18:08:10.517] imu_att:21.781,0.072,-2.696,138.435,-43.145,10.615
[18:08:10.557] imu_att:22.690,-0.180,-2.743,136.950,-44.693,9.957
[18:08:10.596] imu_att:23.360,-0.141,-2.767,135.984,-45.640,9.382
[18:08:10.638] imu_att:22.642,-0.015,-2.784,136.515,-45.525,8.688
[18:08:10.677] imu_att:22.395,0.260,-2.849,137.523,-44.552,8.068
[18:08:10.717] imu_att:23.107,0.532,-2.873,136.217,-45.546,7.363
[18:08:10.756] imu_att:22.647,0.277,-2.913,136.994,-45.073,6.702
[18:08:10.797] imu_att:23.183,0.215,-2.969,135.881,-45.664,6.022
[18:08:10.837] imu_att:23.721,0.124,-2.973,135.441,-46.411,5.393
[18:08:10.877] imu_att:23.398,0.253,-2.979,135.598,-46.377,4.758
[18:08:10.916] imu_att:23.890,0.242,-2.985,135.246,-46.386,4.122
[18:08:10.956] imu_att:23.800,0.233,-2.980,135.739,-46.187,3.495
[18:08:10.997] imu_att:23.714,0.242,-2.988,135.325,-46.557,2.853
[18:08:11.037] imu_att:23.426,0.253,-2.989,134.960,-46.570,2.216
[18:08:11.076] imu_att:23.021,0.293,-2.990,135.497,-46.525,1.640
[18:08:11.116] imu_att:23.490,0.269,-2.989,135.828,-45.956,1.000
[18:08:11.157] imu_att:23.540,0.190,-2.985,136.137,-45.972,0.297
[18:08:11.197] imu_att:23.262,0.147,-2.983,135.273,-46.532,-0.346
[18:08:11.236] imu_att:23.019,0.202,-2.980,136.038,-45.944,-0.990
[18:08:11.278] imu_att:22.877,0.322,-2.968,135.610,-45.605,-1.628
[18:08:11.317] imu_att:22.888,0.220,-2.960,136.360,-45.931,-2.271
[18:08:11.357] imu_att:22.782,0.241,-2.956,136.309,-45.461,-2.921
[18:08:11.396] imu_att:22.811,0.299,-2.947,137.160,-44.877,-3.568
[18:08:11.436] imu_att:22.660,0.232,-2.937,136.423,-45.367,-4.217
[18:08:11.478] imu_att:22.261,0.287,-2.933,138.003,-44.240,-4.873
[18:08:11.517] imu_att:21.420,0.319,-2.932,138.769,-43.183,-5.469
[18:08:11.557] imu_att:20.774,0.485,-2.894,140.547,-41.537,-6.162
[18:08:11.596] imu_att:19.375,0.492,-2.828,143.538,-39.123,-6.763
[18:08:11.638] imu_att:16.793,0.447,-2.778,146.174,-36.403,-7.315
[18:08:11.677] imu_att:14.382,0.695,-2.741,149.937,-32.750,-8.016
[18:08:11.716] imu_att:12.820,1.081,-2.687,153.509,-29.337,-8.635
[18:08:11.756] imu_att:11.528,0.565,-2.664,155.786,-26.858,-9.220
[18:08:11.797] imu_att:10.499,0.575,-2.650,159.837,-22.905,-9.953
[18:08:11.837] imu_att:8.928,0.515,-2.623,164.691,-18.869,-10.537
[18:08:11.876] imu_att:5.496,0.390,-2.571,170.956,-12.276,-11.165
[18:08:11.916] imu_att:4.590,0.868,-2.529,172.868,-9.058,-11.010
[18:08:11.957] imu_att:3.985,0.812,-2.461,176.194,-6.362,-10.448
[18:08:11.997] imu_att:2.969,0.777,-2.471,179.189,-3.551,-9.936
[18:08:12.037] imu_att:2.332,0.962,-2.510,-178.515,-1.013,-9.451
[18:08:12.076] imu_att:1.395,1.164,-2.502,-175.013,2.337,-8.917
[18:08:12.117] imu_att:-0.372,1.546,-2.420,-171.852,5.762,-8.360
[18:08:12.157] imu_att:-0.768,0.088,-2.387,-171.344,7.125,-7.744
[18:08:12.197] imu_att:-0.328,0.148,-2.368,-171.713,6.314,-7.193
[18:08:12.236] imu_att:-0.321,0.462,-2.372,-171.780,6.953,-6.663
[18:08:12.277] imu_att:-0.072,0.226,-2.364,-171.810,6.233,-6.118
[18:08:12.317] imu_att:0.449,0.370,-2.293,-172.063,5.963,-5.509
[18:08:12.357] imu_att:-0.153,-0.198,-2.351,-171.729,7.109,-5.026
[18:08:12.396] imu_att:-0.323,-0.287,-2.365,-171.153,6.381,-4.552
[18:08:12.437] imu_att:-0.041,0.052,-2.358,-171.442,6.453,-4.000
[18:08:12.477] imu_att:0.154,-0.211,-2.337,-171.153,6.602,-3.378
[18:08:12.516] imu_att:-0.047,-2.521,-2.294,-170.791,6.846,-2.841
[18:08:12.556] imu_att:0.245,-2.543,-2.258,-171.432,6.500,-2.199
[18:08:12.597] imu_att:-0.495,0.063,-2.300,-171.754,6.641,-1.743
[18:08:12.637] imu_att:-0.004,2.098,-2.296,-173.194,5.076,-1.184
[18:08:12.677] imu_att:-0.097,2.468,-2.291,-173.049,5.069,-0.566
[18:08:12.716] imu_att:-0.111,1.336,-2.289,-172.369,5.654,-0.060
[18:08:12.757] imu_att:-0.083,0.545,-2.289,-172.807,5.447,0.557
[18:08:12.797] imu_att:-0.120,-0.159,-2.292,-172.894,5.534,1.118
[18:08:12.836] imu_att:-0.115,-0.035,-2.292,-172.589,5.553,1.684
[18:08:12.876] imu_att:-0.087,-0.005,-2.292,-172.206,5.939,2.195
[18:08:12.917] imu_att:-0.100,0.060,-2.291,-173.294,5.159,2.800
[18:08:12.957] imu_att:-0.095,0.071,-2.293,-172.512,5.643,3.246
[18:08:12.996] imu_att:-0.072,0.080,-2.294,-172.404,5.507,3.649
[18:08:13.037] imu_att:-0.085,0.094,-2.294,-172.072,5.932,4.014
[18:08:13.077] imu_att:-0.086,0.096,-2.294,-172.620,5.781,4.307
[18:08:13.117] imu_att:-0.091,0.097,-2.294,-172.919,5.265,4.483
[18:08:13.157] imu_att:-0.096,0.095,-2.294,-172.669,5.296,4.595
[18:08:13.196] imu_att:-0.091,0.080,-2.294,-172.501,5.638,4.760
[18:08:13.237] imu_att:-0.096,0.101,-2.295,-172.156,5.917,4.913
[18:08:13.277] imu_att:-0.087,0.123,-2.296,-172.479,5.630,5.053
[18:08:13.316] imu_att:-0.081,0.104,-2.297,-171.601,6.454,5.221
[18:08:13.356] imu_att:-0.087,0.063,-2.297,-172.726,5.609,5.337
[18:08:13.397] imu_att:-0.081,0.102,-2.298,-172.787,5.565,5.397
[18:08:13.437] imu_att:-0.085,0.104,-2.298,-172.649,5.689,5.413
[18:08:13.476] imu_att:-0.076,0.075,-2.298,-172.753,5.357,5.394
[18:08:13.516] imu_att:-0.075,0.063,-2.298,-172.890,5.777,5.484
[18:08:13.556] imu_att:-0.096,0.072,-2.299,-171.743,6.080,5.538
[18:08:13.597] imu_att:-0.102,0.084,-2.299,-172.404,5.690,5.542
[18:08:13.637] imu_att:-0.096,0.100,-2.299,-172.181,5.826,5.557
[18:08:13.676] imu_att:-0.088,0.090,-2.300,-172.516,5.759,5.604
[18:08:13.717] imu_att:-0.096,0.091,-2.300,-172.253,5.699,5.593
[18:08:13.757] imu_att:-0.090,0.109,-2.300,-172.133,6.040,5.653
[18:08:13.797] imu_att:-0.093,0.088,-2.300,-173.584,4.825,5.584
[18:08:13.836] imu_att:-0.090,0.089,-2.302,-172.368,5.652,5.473
[18:08:13.876] imu_att:-0.077,0.095,-2.303,-172.367,5.736,5.501
[18:08:13.917] imu_att:-0.070,0.071,-2.303,-172.730,5.630,5.536
[18:08:13.957] imu_att:-0.081,0.080,-2.304,-172.532,5.657,5.538
[18:08:13.997] imu_att:-0.073,0.078,-2.304,-171.955,5.761,5.535
[18:08:14.036] imu_att:-0.094,0.087,-2.306,-172.738,5.739,5.581
[18:08:14.077] imu_att:-0.091,0.090,-2.307,-172.153,5.920,5.593
[18:08:14.117] imu_att:-0.049,0.113,-2.307,-172.333,5.532,5.594
[18:08:14.156] imu_att:-0.061,0.095,-2.308,-172.209,5.924,5.617
[18:08:14.196] imu_att:-0.070,0.064,-2.310,-172.620,5.734,5.656
[18:08:14.237] imu_att:-0.039,0.075,-2.309,-172.713,5.481,5.630
[18:08:14.277] imu_att:-0.087,0.072,-2.309,-171.937,6.001,5.620
[18:08:14.316] imu_att:-0.066,0.068,-2.308,-172.254,6.001,5.693
[18:08:14.356] imu_att:-0.055,0.078,-2.308,-172.317,5.747,5.689
[18:08:14.396] imu_att:-0.051,0.092,-2.310,-172.767,5.506,5.679
[18:08:14.437] imu_att:-0.088,0.083,-2.311,-172.761,5.590,5.624
[18:08:14.477] imu_att:-0.072,0.077,-2.312,-172.409,5.901,5.637
[18:08:14.516] imu_att:-0.083,0.096,-2.312,-172.496,5.928,5.709
[18:08:14.557] imu_att:-0.090,0.086,-2.311,-172.945,5.420,5.698
[18:08:14.597] imu_att:-0.088,0.077,-2.310,-172.835,5.437,5.636
[18:08:14.637] imu_att:-0.094,0.061,-2.310,-172.740,5.350,5.562
[18:08:14.676] imu_att:-0.082,0.058,-2.311,-172.173,5.965,5.587
[18:08:14.716] imu_att:-0.082,0.074,-2.312,-171.504,6.236,5.622
[18:08:14.757] imu_att:-0.077,0.074,-2.311,-172.936,5.593,5.666
[18:08:14.797] imu_att:-0.079,0.086,-2.310,-172.262,5.741,5.618
[18:08:14.836] imu_att:-0.075,0.086,-2.311,-172.194,5.946,5.647
[18:08:14.876] imu_att:-0.080,0.085,-2.313,-172.252,5.926,5.677
[18:08:14.917] imu_att:-0.074,0.080,-2.315,-172.306,5.710,5.662
[18:08:14.957] imu_att:-0.074,0.084,-2.316,-172.547,5.608,5.644
[18:08:14.996] imu_att:-0.067,0.083,-2.317,-172.596,5.540,5.622
[18:08:15.036] imu_att:-0.052,0.091,-2.318,-172.655,5.767,5.651
[18:08:15.077] imu_att:-0.078,0.085,-2.318,-172.166,5.759,5.613
[18:08:15.117] imu_att:-0.088,0.075,-2.319,-171.934,5.773,5.608
[18:08:15.156] imu_att:-0.073,0.077,-2.319,-172.260,5.921,5.662
[18:08:15.196] imu_att:-0.048,0.086,-2.319,-172.025,6.015,5.695
[18:08:15.236] imu_att:-0.052,0.084,-2.318,-172.294,6.049,5.764
[18:08:15.277] imu_att:-0.074,0.090,-2.320,-172.729,5.559,5.730
[18:08:15.317] imu_att:-0.091,0.078,-2.319,-172.185,5.580,5.647
[18:08:15.356] imu_att:-0.092,0.082,-2.321,-172.341,5.810,5.645
[18:08:15.396] imu_att:-0.085,0.076,-2.321,-172.821,5.588,5.633
[18:08:15.437] imu_att:-0.118,0.045,-2.322,-172.470,5.676,5.596
[18:08:15.477] imu_att:-0.084,0.111,-2.323,-172.727,5.562,5.619
[18:08:15.516] imu_att:-0.104,0.089,-2.322,-172.495,5.663,5.617
[18:08:15.557] imu_att:-0.107,0.078,-2.325,-172.510,5.457,5.560
[18:08:15.597] imu_att:-0.113,0.089,-2.324,-172.424,5.749,5.562
[18:08:15.637] imu_att:-0.104,0.086,-2.325,-172.229,5.891,5.591
[18:08:15.677] imu_att:-0.106,0.106,-2.325,-172.849,5.605,5.631
