# Serial Log - 2026-04-18T17:22:50.947261
# Port: COM36 @ 115200bps
#============================================================
[17:22:50.947] .747,171.435,3.144,2.231
[17:22:50.987] imu_att:-3.534,2.027,-0.748,170.607,2.161,2.250
[17:22:51.027] imu_att:-3.522,1.999,-0.750,169.673,1.357,2.123
[17:22:51.066] imu_att:-3.515,2.002,-0.751,169.785,1.727,2.024
[17:22:51.107] imu_att:-3.534,1.995,-0.753,169.893,1.885,2.059
[17:22:51.147] imu_att:-3.537,1.996,-0.754,170.433,2.496,2.154
[17:22:51.187] imu_att:-3.535,1.995,-0.757,169.594,1.790,2.167
[17:22:51.227] imu_att:-3.520,2.010,-0.758,170.825,2.359,2.133
[17:22:51.266] imu_att:-3.540,2.009,-0.759,170.440,2.175,2.188
[17:22:51.307] imu_att:-3.542,1.992,-0.761,170.300,2.080,2.177
[17:22:51.347] imu_att:-3.527,1.993,-0.764,169.944,1.935,2.218
[17:22:51.387] imu_att:-3.540,2.008,-0.766,170.932,2.462,2.226
[17:22:51.427] imu_att:-3.537,1.999,-0.767,169.999,1.822,2.222
[17:22:51.467] imu_att:-3.527,2.009,-0.767,170.652,1.981,2.148
[17:22:51.507] imu_att:-3.529,1.999,-0.769,170.968,2.472,2.165
[17:22:51.547] imu_att:-3.526,2.005,-0.771,170.615,2.428,2.229
[17:22:51.587] imu_att:-3.530,2.001,-0.770,169.643,1.531,2.165
[17:22:51.626] imu_att:-3.518,2.005,-0.772,169.948,1.517,2.054
[17:22:51.667] imu_att:-3.539,1.995,-0.773,169.521,1.677,1.963
[17:22:51.707] imu_att:-3.537,2.000,-0.775,170.221,2.336,1.982
[17:22:51.747] imu_att:-3.537,1.996,-0.777,169.789,2.007,2.023
[17:22:51.786] imu_att:-3.540,2.010,-0.779,170.330,2.073,2.023
[17:22:51.828] imu_att:-3.539,2.015,-0.780,170.647,2.310,2.025
[17:22:51.867] imu_att:-3.528,1.992,-0.779,169.705,1.591,2.025
[17:22:51.907] imu_att:-3.520,2.007,-0.778,170.328,1.820,1.936
[17:22:51.946] imu_att:-3.519,2.000,-0.779,169.807,1.662,1.931
[17:22:51.986] imu_att:-3.517,2.000,-0.780,170.250,1.881,1.918
[17:22:52.027] imu_att:-3.506,1.993,-0.781,169.728,1.678,1.898
[17:22:52.067] imu_att:-3.519,2.004,-0.782,170.674,2.548,1.955
[17:22:52.107] imu_att:-3.517,2.008,-0.785,170.710,2.217,2.048
[17:22:52.146] imu_att:-3.513,2.005,-0.786,170.108,2.004,2.086
[17:22:52.186] imu_att:-3.531,2.012,-0.788,171.218,2.282,2.060
[17:22:52.227] imu_att:-3.521,2.006,-0.788,169.925,2.082,2.155
[17:22:52.267] imu_att:-3.529,1.995,-0.791,170.318,1.731,2.108
[17:22:52.307] imu_att:-3.527,1.988,-0.793,170.410,1.891,2.023
[17:22:52.346] imu_att:-3.519,2.005,-0.795,169.877,1.584,1.981
[17:22:52.387] imu_att:-3.528,2.014,-0.795,170.061,2.100,1.949
[17:22:52.427] imu_att:-3.515,2.024,-0.795,170.025,1.774,1.932
[17:22:52.467] imu_att:-3.508,2.008,-0.795,169.034,1.207,1.888
[17:22:52.506] imu_att:-3.535,2.031,-0.796,170.138,1.883,1.860
[17:22:52.547] imu_att:-3.520,2.008,-0.800,169.263,1.259,1.834
[17:22:52.587] imu_att:-3.529,2.010,-0.800,170.671,2.463,1.852
[17:22:52.627] imu_att:-3.533,1.994,-0.801,170.082,2.007,1.921
[17:22:52.667] imu_att:-3.527,2.008,-0.801,170.046,2.034,2.032
[17:22:52.706] imu_att:-3.520,2.019,-0.801,170.641,2.333,2.049
[17:22:52.747] imu_att:-3.522,1.989,-0.801,168.862,1.327,2.017
[17:22:52.787] imu_att:-3.526,2.013,-0.803,170.761,2.549,2.058
[17:22:52.827] imu_att:-3.527,2.012,-0.804,170.019,1.829,2.087
[17:22:52.866] imu_att:-3.521,2.006,-0.807,170.819,2.371,2.098
[17:22:52.907] imu_att:-3.531,1.985,-0.808,170.548,2.278,2.138
[17:22:52.947] imu_att:-3.547,2.009,-0.810,169.130,1.083,2.069
[17:22:52.987] imu_att:-3.540,2.000,-0.811,170.354,1.815,1.965
[17:22:53.026] imu_att:-3.514,2.006,-0.813,170.602,2.008,1.918
[17:22:53.068] imu_att:-3.536,2.015,-0.814,169.987,2.001,1.952
[17:22:53.108] imu_att:-3.535,2.007,-0.817,170.051,1.977,1.914
[17:22:53.147] imu_att:-3.524,1.988,-0.819,170.320,1.936,1.892
[17:22:53.187] imu_att:-3.516,2.002,-0.820,169.695,1.562,1.890
[17:22:53.226] imu_att:-3.519,2.010,-0.823,170.712,2.538,1.924
[17:22:53.267] imu_att:-3.536,2.006,-0.825,169.896,1.784,1.946
[17:22:53.307] imu_att:-3.518,2.006,-0.827,170.486,2.178,1.977
[17:22:53.347] imu_att:-3.526,2.014,-0.829,170.298,2.148,2.043
[17:22:53.386] imu_att:-3.540,2.006,-0.831,170.817,2.487,2.084
[17:22:53.428] imu_att:-3.510,1.993,-0.831,170.340,1.951,2.103
[17:22:53.467] imu_att:-3.529,2.014,-0.831,171.147,2.622,2.136
[17:22:53.507] imu_att:-3.531,2.002,-0.831,170.644,2.388,2.178
[17:22:53.547] imu_att:-3.537,2.018,-0.832,170.254,1.957,2.174
[17:22:53.586] imu_att:-3.523,2.011,-0.834,170.644,2.061,2.075
[17:22:53.627] imu_att:-3.513,2.021,-0.835,170.787,2.331,2.113
[17:22:53.667] imu_att:-3.535,2.006,-0.835,170.685,2.339,2.128
[17:22:53.707] imu_att:-3.530,2.017,-0.837,169.576,1.700,2.170
[17:22:53.746] imu_att:-3.526,2.008,-0.838,170.558,1.946,2.103
[17:22:53.787] imu_att:-3.519,2.006,-0.838,170.246,2.157,2.147
[17:22:53.827] imu_att:-3.522,2.006,-0.840,170.636,2.272,2.158
[17:22:53.867] imu_att:-3.536,2.005,-0.843,170.083,1.891,2.159
[17:22:53.907] imu_att:-3.543,2.016,-0.846,170.270,1.977,2.105
[17:22:53.946] imu_att:-3.527,2.020,-0.848,170.388,1.887,2.008
[17:22:53.987] imu_att:-3.513,2.009,-0.850,169.609,1.774,2.016
[17:22:54.027] imu_att:-3.513,2.018,-0.850,169.998,1.916,2.036
[17:22:54.067] imu_att:-3.524,2.017,-0.851,169.708,1.735,2.018
[17:22:54.106] imu_att:-3.508,2.008,-0.851,170.452,2.181,1.997
[17:22:54.147] imu_att:-3.521,2.002,-0.853,170.497,2.258,2.039
[17:22:54.187] imu_att:-3.538,1.996,-0.855,169.650,1.680,2.050
[17:22:54.227] imu_att:-3.531,2.004,-0.855,170.087,2.029,2.024
[17:22:54.266] imu_att:-3.518,2.015,-0.856,170.525,1.975,2.018
[17:22:54.306] imu_att:-3.523,2.014,-0.858,169.557,2.008,2.040
[17:22:54.347] imu_att:-3.516,2.015,-0.859,170.197,1.979,2.031
[17:22:54.387] imu_att:-3.529,2.001,-0.862,170.372,2.025,2.016
[17:22:54.427] imu_att:-3.520,2.000,-0.864,170.501,2.139,2.001
[17:22:54.466] imu_att:-3.525,2.013,-0.865,170.423,2.102,2.016
[17:22:54.506] imu_att:-3.525,2.003,-0.867,170.178,1.970,2.010
[17:22:54.547] imu_att:-3.516,1.997,-0.867,170.076,1.841,2.004
[17:22:54.587] imu_att:-3.531,1.986,-0.869,170.384,1.930,1.963
[17:22:54.626] imu_att:-3.517,1.982,-0.870,169.580,1.481,1.928
[17:22:54.666] imu_att:-3.515,1.990,-0.871,170.052,1.766,1.897
[17:22:54.707] imu_att:-3.514,2.004,-0.870,170.917,2.495,1.940
[17:22:54.747] imu_att:-3.537,2.005,-0.872,170.550,2.235,2.005
[17:22:54.787] imu_att:-3.538,2.003,-0.876,170.346,2.033,2.010
[17:22:54.826] imu_att:-3.535,1.993,-0.879,170.102,2.267,2.061
[17:22:54.866] imu_att:-3.509,2.013,-0.880,170.071,1.815,2.033
[17:22:54.907] imu_att:-3.516,2.015,-0.883,170.142,1.952,2.050
[17:22:54.947] imu_att:-3.512,2.019,-0.882,170.356,1.869,2.006
[17:22:54.987] imu_att:-3.534,2.016,-0.882,170.828,1.835,1.959
[17:22:55.026] imu_att:-3.527,1.981,-0.884,169.523,1.208,1.868
[17:22:55.067] imu_att:-3.547,2.036,-0.884,169.221,0.975,1.705
[17:22:55.107] imu_att:-3.539,2.038,-0.884,169.013,0.838,1.505
[17:22:55.147] imu_att:-3.525,2.018,-0.886,168.220,-0.047,1.246
[17:22:55.186] imu_att:-3.536,2.017,-0.888,168.654,0.292,1.085
[17:22:55.226] imu_att:-3.522,2.010,-0.888,168.890,0.557,0.983
[17:22:55.267] imu_att:-3.523,2.002,-0.888,167.422,-0.755,0.759
[17:22:55.307] imu_att:-3.538,1.973,-0.888,167.135,-0.974,0.488
[17:22:55.347] imu_att:-3.533,2.142,-0.889,167.903,-0.208,0.359
[17:22:55.386] imu_att:-3.581,2.108,-0.886,168.038,0.124,0.311
[17:22:55.427] imu_att:-3.685,1.954,-0.887,168.149,0.016,0.233
[17:22:55.467] imu_att:-3.539,1.972,-0.889,169.311,0.365,0.124
[17:22:55.507] imu_att:-3.507,2.031,-0.889,168.388,0.448,0.198
[17:22:55.546] imu_att:-3.531,1.992,-0.888,169.226,0.869,0.304
[17:22:55.586] imu_att:-3.561,1.996,-0.887,169.075,0.889,0.352
[17:22:55.627] imu_att:-3.574,1.954,-0.890,166.943,-0.536,0.328
[17:22:55.667] imu_att:-3.499,1.967,-0.890,167.936,-0.320,0.228
[17:22:55.707] imu_att:-3.485,2.142,-0.889,168.574,-0.032,0.199
[17:22:55.746] imu_att:-3.598,2.165,-0.887,167.498,-0.402,0.168
[17:22:55.787] imu_att:-3.602,2.186,-0.887,167.439,-0.408,0.090
[17:22:55.827] imu_att:-3.539,2.008,-0.889,168.595,0.346,0.073
[17:22:55.867] imu_att:-3.539,1.951,-0.889,167.962,-0.064,0.093
[17:22:55.906] imu_att:-3.529,2.015,-0.890,168.323,-0.011,0.048
[17:22:55.946] imu_att:-3.550,1.959,-0.889,168.293,0.013,0.026
[17:22:55.987] imu_att:-3.555,1.962,-0.890,168.922,0.544,0.102
[17:22:56.027] imu_att:-3.547,2.015,-0.890,168.251,-0.023,0.118
[17:22:56.067] imu_att:-3.559,2.010,-0.890,168.386,0.138,0.092
[17:22:56.106] imu_att:-3.558,2.024,-0.891,168.581,0.148,0.110
[17:22:56.147] imu_att:-3.540,2.018,-0.891,168.407,-0.047,0.060
[17:22:56.187] imu_att:-3.543,2.025,-0.892,168.390,0.010,0.018
[17:22:56.227] imu_att:-3.581,2.000,-0.890,166.965,-0.720,-0.054
[17:22:56.266] imu_att:-3.557,1.982,-0.892,169.685,0.711,-0.101
[17:22:56.307] imu_att:-3.514,2.019,-0.892,167.893,-0.190,-0.015
[17:22:56.347] imu_att:-3.516,1.986,-0.890,168.244,-0.046,-0.073
[17:22:56.387] imu_att:-3.538,1.979,-0.890,168.497,0.036,-0.074
[17:22:56.427] imu_att:-3.519,2.071,-0.891,168.347,0.156,-0.041
[17:22:56.466] imu_att:-3.550,1.975,-0.889,168.547,-0.021,-0.036
[17:22:56.507] imu_att:-3.558,1.909,-0.893,168.200,0.069,-0.023
[17:22:56.547] imu_att:-3.452,1.327,-0.900,169.580,1.168,0.090
[17:22:56.587] imu_att:-3.541,1.781,-0.903,169.518,1.553,0.380
[17:22:56.626] imu_att:-3.593,2.447,-0.901,167.653,-0.124,0.360
[17:22:56.667] imu_att:-3.398,1.945,-0.902,168.147,0.052,0.268
[17:22:56.707] imu_att:-3.657,1.742,-0.904,169.745,1.106,0.303
[17:22:56.747] imu_att:-3.412,1.887,-0.904,168.730,0.511,0.342
[17:22:56.786] imu_att:-3.491,1.415,-0.911,169.447,1.478,0.535
[17:22:56.826] imu_att:-3.617,1.450,-0.906,169.795,1.534,0.740
[17:22:56.867] imu_att:-3.489,2.389,-0.912,166.815,-1.122,0.627
[17:22:56.907] imu_att:-3.440,1.722,-0.911,168.698,0.582,0.522
[17:22:56.947] imu_att:-3.474,1.303,-0.915,170.118,1.540,0.592
[17:22:56.986] imu_att:-3.559,1.901,-0.922,169.306,0.893,0.721
[17:22:57.027] imu_att:-3.573,2.157,-0.920,167.779,-0.349,0.577
[17:22:57.067] imu_att:-3.491,2.198,-0.928,167.474,-0.248,0.448
[17:22:57.107] imu_att:-3.436,1.655,-0.924,168.851,-0.209,0.277
[17:22:57.146] imu_att:-3.555,2.463,-0.906,166.966,-0.829,0.215
[17:22:57.186] imu_att:-3.400,2.497,-0.901,167.342,-0.851,-0.006
[17:22:57.227] imu_att:-3.523,1.533,-0.899,169.830,1.113,0.042
[17:22:57.267] imu_att:-3.552,1.648,-0.894,169.144,1.100,0.287
[17:22:57.307] imu_att:-3.488,1.817,-0.892,167.798,-0.351,0.239
[17:22:57.346] imu_att:-3.458,1.942,-0.899,168.373,0.086,0.150
[17:22:57.387] imu_att:-3.457,1.980,-0.907,168.381,0.057,0.160
[17:22:57.427] imu_att:-3.604,1.986,-0.906,168.330,-0.150,0.113
[17:22:57.467] imu_att:-3.549,1.988,-0.906,168.454,0.118,0.093
[17:22:57.506] imu_att:-3.529,2.002,-0.906,168.541,0.106,0.056
[17:22:57.546] imu_att:-3.508,2.004,-0.907,168.121,-0.122,0.001
[17:22:57.587] imu_att:-3.508,1.977,-0.907,169.241,0.355,0.017
[17:22:57.627] imu_att:-3.512,1.995,-0.908,167.902,-0.313,0.027
[17:22:57.666] imu_att:-3.507,1.997,-0.908,168.335,-0.304,-0.058
[17:22:57.706] imu_att:-3.526,1.996,-0.908,168.247,-0.002,-0.037
[17:22:57.747] imu_att:-3.506,1.980,-0.907,168.250,-0.019,-0.002
[17:22:57.787] imu_att:-3.502,1.991,-0.906,167.790,-0.450,-0.061
[17:22:57.827] imu_att:-3.510,2.001,-0.907,168.512,0.022,-0.098
[17:22:57.866] imu_att:-3.510,1.991,-0.909,169.351,0.463,-0.072
[17:22:57.907] imu_att:-3.517,1.972,-0.908,168.252,0.243,0.034
[17:22:57.947] imu_att:-3.506,1.974,-0.908,168.085,-0.219,-0.029
[17:22:57.987] imu_att:-3.529,1.991,-0.910,168.476,0.024,-0.037
[17:22:58.027] imu_att:-3.508,1.988,-0.910,167.799,-0.757,-0.112
[17:22:58.066] imu_att:-3.506,1.983,-0.909,167.887,-0.266,-0.180
[17:22:58.107] imu_att:-3.525,1.985,-0.910,168.826,0.313,-0.149
[17:22:58.147] imu_att:-3.516,2.000,-0.910,168.856,0.435,-0.073
[17:22:58.187] imu_att:-3.513,1.987,-0.908,168.625,0.332,-0.034
[17:22:58.226] imu_att:-3.518,2.008,-0.907,168.785,0.427,0.013
[17:22:58.266] imu_att:-3.521,2.008,-0.907,167.979,-0.127,0.049
[17:22:58.307] imu_att:-3.523,1.975,-0.908,168.475,0.086,0.015
[17:22:58.347] imu_att:-3.524,1.986,-0.908,167.506,-0.214,0.046
[17:22:58.387] imu_att:-3.518,1.987,-0.909,167.342,-0.542,-0.014
[17:22:58.426] imu_att:-3.506,1.983,-0.910,168.685,0.442,0.009
[17:22:58.467] imu_att:-3.513,1.967,-0.910,168.336,0.158,0.037
[17:22:58.507] imu_att:-3.515,1.964,-0.910,168.462,0.120,0.043
[17:22:58.547] imu_att:-3.533,1.978,-0.910,168.231,0.009,0.060
[17:22:58.586] imu_att:-3.526,1.968,-0.910,168.669,0.251,0.084
[17:22:58.627] imu_att:-3.497,1.906,-0.913,168.291,0.153,0.098
[17:22:58.667] imu_att:-3.548,2.008,-0.911,167.712,-0.243,0.064
[17:22:58.707] imu_att:-3.515,4.158,-0.905,164.305,-3.024,-0.226
[17:22:58.746] imu_att:-3.457,2.907,-0.907,166.370,-2.590,-0.833
[17:22:58.787] imu_att:-3.564,0.334,-0.900,171.475,2.097,-0.684
[17:22:58.827] imu_att:-3.574,0.525,-0.883,171.880,3.827,-0.071
[17:22:58.867] imu_att:-3.472,2.340,-0.877,168.238,0.683,0.323
[17:22:58.907] imu_att:-3.490,2.976,-0.874,166.542,-1.522,0.113
[17:22:58.946] imu_att:-3.514,1.649,-0.877,168.212,-0.315,-0.133
[17:22:58.987] imu_att:-3.512,1.169,-0.877,170.027,1.653,0.082
[17:22:59.027] imu_att:-3.498,1.937,-0.879,168.211,0.430,0.312
[17:22:59.067] imu_att:-3.579,2.836,-0.863,165.786,-2.109,0.059
[17:22:59.106] imu_att:-3.377,2.630,-0.862,167.355,-0.952,-0.215
[17:22:59.146] imu_att:-3.494,2.355,-0.866,167.570,-0.624,-0.319
[17:22:59.187] imu_att:-3.510,2.098,-0.860,168.949,0.392,-0.287
[17:22:59.227] imu_att:-3.247,2.184,-0.852,170.598,1.691,-0.026
[17:22:59.266] imu_att:-2.323,2.529,-0.849,171.302,2.493,0.346
[17:22:59.306] imu_att:-1.051,2.442,-0.853,175.137,5.739,0.970
[17:22:59.347] imu_att:0.147,2.062,-0.850,176.381,8.084,1.515
[17:22:59.387] imu_att:1.110,2.366,-0.856,178.302,9.918,2.175
[17:22:59.427] imu_att:1.690,2.696,-0.900,178.796,10.147,2.737
[17:22:59.466] imu_att:2.196,2.671,-0.933,-179.586,11.467,3.313
[17:22:59.507] imu_att:2.892,2.068,-0.937,-177.318,13.813,3.860
[17:22:59.547] imu_att:3.749,1.920,-0.934,-177.613,14.455,4.539
[17:22:59.587] imu_att:4.066,2.066,-0.907,-176.396,15.603,5.182
[17:22:59.626] imu_att:4.682,2.363,-0.903,-175.501,16.264,5.805
[17:22:59.667] imu_att:5.189,2.442,-0.912,-174.815,16.340,6.417
[17:22:59.707] imu_att:5.587,2.140,-0.921,-174.705,16.925,6.969
[17:22:59.747] imu_att:5.653,1.950,-0.925,-173.451,18.166,7.653
[17:22:59.786] imu_att:5.541,1.915,-0.930,-173.819,18.110,8.213
[17:22:59.826] imu_att:5.778,2.075,-0.955,-173.115,18.216,8.819
[17:22:59.867] imu_att:5.988,2.129,-0.988,-173.254,18.489,9.482
[17:22:59.907] imu_att:6.284,2.106,-1.006,-173.239,18.693,10.099
[17:22:59.947] imu_att:6.573,1.989,-1.016,-173.966,18.104,10.727
[17:22:59.986] imu_att:6.314,2.055,-1.043,-175.453,16.593,11.340
[17:23:00.027] imu_att:4.962,2.182,-1.156,-178.293,13.845,11.824
[17:23:00.067] imu_att:1.576,1.823,-1.239,179.606,11.399,11.846
[17:23:00.107] imu_att:-0.373,1.830,-1.192,176.934,9.129,11.574
[17:23:00.146] imu_att:-0.477,2.391,-1.148,174.895,7.407,11.120
[17:23:00.186] imu_att:-0.300,2.659,-1.128,174.428,6.200,10.576
[17:23:00.227] imu_att:-0.730,2.324,-1.105,171.978,4.818,10.033
[17:23:00.267] imu_att:-2.057,1.942,-1.080,171.117,2.927,9.433
[17:23:00.307] imu_att:-3.327,1.951,-1.057,169.093,1.374,8.885
[17:23:00.346] imu_att:-4.536,2.681,-1.056,166.351,-1.152,8.313
[17:23:00.387] imu_att:-3.496,2.262,-1.031,168.182,-0.354,7.761
[17:23:00.427] imu_att:-3.266,2.326,-1.036,167.715,-0.899,7.179
[17:23:00.467] imu_att:-3.290,2.319,-1.035,167.962,-0.564,6.599
[17:23:00.506] imu_att:-3.567,2.128,-1.029,168.186,-0.224,6.022
[17:23:00.546] imu_att:-3.520,2.137,-1.026,168.552,-0.177,5.498
[17:23:00.587] imu_att:-3.452,2.029,-1.026,168.712,0.607,4.912
[17:23:00.627] imu_att:-3.561,1.956,-1.023,168.948,0.604,4.325
[17:23:00.667] imu_att:-3.479,2.039,-1.052,168.058,-0.184,3.704
[17:23:00.706] imu_att:-3.624,1.921,-1.054,168.851,0.358,3.054
[17:23:00.747] imu_att:-3.572,2.011,-1.055,168.024,0.132,2.567
[17:23:00.787] imu_att:-3.735,2.106,-1.035,168.113,-0.055,2.160
[17:23:00.827] imu_att:-3.368,2.246,-1.036,168.025,-0.072,1.826
[17:23:00.866] imu_att:-3.388,2.032,-1.043,168.859,0.048,1.451
[17:23:00.907] imu_att:-3.558,1.599,-1.042,168.586,0.417,1.196
[17:23:00.947] imu_att:-3.573,2.102,-1.037,167.507,-0.045,1.041
[17:23:00.987] imu_att:-3.575,2.107,-1.031,168.144,-0.140,0.792
[17:23:01.027] imu_att:-3.535,2.023,-1.035,167.742,-0.469,0.587
[17:23:01.066] imu_att:-3.526,1.870,-1.037,168.484,0.439,0.524
[17:23:01.107] imu_att:-3.592,2.136,-1.035,168.893,0.137,0.418
[17:23:01.147] imu_att:-3.533,2.043,-1.046,168.331,0.103,0.364
[17:23:01.187] imu_att:-3.573,1.884,-1.043,168.255,0.011,0.287
[17:23:01.226] imu_att:-3.556,1.972,-1.042,169.118,0.208,0.212
[17:23:01.267] imu_att:-3.507,1.983,-1.042,168.624,0.244,0.169
[17:23:01.307] imu_att:-3.508,2.027,-1.042,167.754,0.232,0.229
[17:23:01.347] imu_att:-3.489,2.164,-1.046,169.056,-0.023,0.150
[17:23:01.387] imu_att:-3.606,1.666,-1.046,169.208,0.563,0.176
[17:23:01.426] imu_att:-3.458,1.923,-1.043,168.659,1.238,0.407
[17:23:01.468] imu_att:-3.612,3.800,-1.038,164.252,-3.467,-0.022
[17:23:01.507] imu_att:-3.672,1.775,-1.013,168.288,-0.811,-0.404
[17:23:01.547] imu_att:-3.508,1.220,-1.003,169.962,1.447,-0.192
[17:23:01.586] imu_att:-3.448,1.878,-0.993,168.506,0.558,0.034
[17:23:01.627] imu_att:-3.417,2.052,-1.010,168.336,0.076,0.034
[17:23:01.667] imu_att:-3.651,2.090,-1.006,166.756,-1.407,-0.151
[17:23:01.707] imu_att:-3.625,2.118,-1.006,167.202,-0.835,-0.274
[17:23:01.747] imu_att:-3.553,2.131,-1.010,167.712,-0.714,-0.473
[17:23:01.786] imu_att:-3.712,2.256,-1.011,167.036,-0.857,-0.537
[17:23:01.828] imu_att:-3.632,2.323,-1.019,166.378,-1.650,-0.676
[17:23:01.867] imu_att:-3.837,2.235,-0.994,166.052,-1.972,-0.834
[17:23:01.907] imu_att:-3.092,2.158,-1.024,165.199,-2.635,-1.141
[17:23:01.946] imu_att:-4.261,1.976,-1.000,162.069,-5.460,-1.621
[17:23:01.987] imu_att:-6.212,2.296,-0.970,156.268,-10.893,-2.205
[17:23:02.027] imu_att:-7.916,2.784,-0.976,149.009,-17.982,-2.828
[17:23:02.067] imu_att:-9.500,2.911,-1.009,142.924,-23.441,-3.481
[17:23:02.107] imu_att:-10.994,2.658,-1.105,139.469,-27.978,-4.198
[17:23:02.146] imu_att:-13.213,1.907,-1.086,134.442,-33.104,-4.741
[17:23:02.187] imu_att:-14.746,1.989,-1.083,128.907,-37.965,-5.427
[17:23:02.227] imu_att:-16.419,2.276,-1.103,123.576,-43.757,-6.076
[17:23:02.267] imu_att:-17.103,2.178,-1.127,121.037,-46.508,-6.668
[17:23:02.306] imu_att:-18.109,2.107,-1.138,118.443,-49.216,-7.375
[17:23:02.346] imu_att:-18.962,2.132,-1.150,116.004,-51.459,-7.960
[17:23:02.387] imu_att:-19.767,2.214,-1.162,114.461,-53.361,-8.673
[17:23:02.427] imu_att:-20.799,2.443,-1.173,110.300,-57.049,-9.325
[17:23:02.466] imu_att:-20.658,2.323,-1.205,111.577,-56.827,-10.000
[17:23:02.506] imu_att:-20.868,2.267,-1.229,111.454,-57.316,-10.669
[17:23:02.548] imu_att:-21.270,2.185,-1.233,110.428,-57.737,-11.321
[17:23:02.587] imu_att:-20.624,2.487,-1.219,112.190,-56.870,-11.956
[17:23:02.627] imu_att:-20.035,2.387,-1.196,112.016,-56.347,-12.520
[17:23:02.666] imu_att:-19.628,1.928,-1.188,113.510,-55.066,-13.231
[17:23:02.708] imu_att:-19.234,1.780,-1.162,115.580,-53.088,-13.863
[17:23:02.747] imu_att:-18.665,1.865,-1.135,117.116,-51.418,-14.495
[17:23:02.787] imu_att:-17.639,1.959,-1.112,122.366,-47.302,-15.067
[17:23:02.827] imu_att:-16.096,2.020,-1.079,126.311,-42.769,-15.764
[17:23:02.866] imu_att:-14.024,2.186,-1.072,132.825,-36.871,-16.423
[17:23:02.907] imu_att:-11.527,2.298,-1.081,140.353,-29.947,-17.034
[17:23:02.947] imu_att:-10.003,2.778,-1.082,145.343,-24.100,-17.772
[17:23:02.987] imu_att:-8.914,3.306,-1.057,148.851,-21.278,-18.420
[17:23:03.026] imu_att:-6.911,3.279,-1.109,153.110,-16.319,-18.543
[17:23:03.068] imu_att:-6.194,2.443,-1.144,159.084,-10.257,-17.998
[17:23:03.107] imu_att:-5.683,2.243,-1.103,159.862,-8.438,-17.425
[17:23:03.147] imu_att:-4.818,2.421,-1.069,162.379,-6.806,-16.857
[17:23:03.187] imu_att:-4.007,2.767,-1.066,165.069,-3.626,-16.318
[17:23:03.227] imu_att:-2.920,2.958,-1.062,166.277,-2.529,-15.775
[17:23:03.267] imu_att:-3.721,2.248,-1.062,167.545,-1.497,-15.233
[17:23:03.307] imu_att:-3.703,2.093,-1.050,166.977,-1.165,-14.678
[17:23:03.347] imu_att:-3.644,1.973,-1.025,167.711,-0.297,-14.161
[17:23:03.386] imu_att:-3.189,1.958,-1.022,168.729,0.108,-13.556
[17:23:03.427] imu_att:-3.337,1.726,-1.057,169.017,1.000,-13.039
[17:23:03.467] imu_att:-3.544,2.012,-1.063,167.951,-0.328,-12.492
[17:23:03.507] imu_att:-3.593,2.201,-1.069,167.256,-0.393,-11.943
[17:23:03.546] imu_att:-3.549,2.041,-1.072,168.115,0.239,-11.389
[17:23:03.586] imu_att:-3.557,1.976,-1.072,168.431,0.051,-10.829
[17:23:03.627] imu_att:-3.526,2.031,-1.073,168.333,0.077,-10.267
[17:23:03.667] imu_att:-3.526,2.003,-1.071,167.691,-0.155,-9.757
[17:23:03.707] imu_att:-3.512,1.992,-1.069,169.886,0.809,-9.131
[17:23:03.746] imu_att:-3.530,2.036,-1.070,169.054,0.929,-8.562
[17:23:03.787] imu_att:-3.594,1.878,-1.063,169.498,0.774,-7.984
[17:23:03.827] imu_att:-3.393,1.636,-1.078,169.587,1.510,-7.483
[17:23:03.867] imu_att:-3.577,2.200,-1.084,167.230,-0.676,-6.855
[17:23:03.906] imu_att:-3.744,3.051,-1.063,167.328,-0.732,-6.255
[17:23:03.947] imu_att:-3.641,3.140,-1.013,166.287,-2.321,-5.624
[17:23:03.987] imu_att:-3.306,1.864,-1.006,169.539,0.344,-5.091
[17:23:04.027] imu_att:-3.694,1.477,-0.974,169.655,1.896,-4.415
[17:23:04.067] imu_att:-4.813,2.247,-0.795,168.323,0.311,-3.707
[17:23:04.106] imu_att:-3.877,2.843,-0.525,166.681,-1.433,-2.982
[17:23:04.148] imu_att:-1.452,3.418,-0.546,167.708,-0.780,-2.690
[17:23:04.187] imu_att:-2.153,4.455,-0.731,165.668,-1.544,-2.560
[17:23:04.227] imu_att:-3.674,6.332,-0.791,162.983,-4.892,-2.837
[17:23:04.267] imu_att:-3.600,8.482,-0.801,161.492,-6.580,-3.421
[17:23:04.306] imu_att:-2.901,10.601,-0.876,161.633,-6.929,-4.107
[17:23:04.347] imu_att:-2.915,13.219,-1.016,159.717,-7.939,-4.849
[17:23:04.387] imu_att:-3.498,16.511,-1.126,158.774,-9.430,-5.578
[17:23:04.427] imu_att:-3.466,19.563,-1.216,158.062,-10.367,-6.288
[17:23:04.466] imu_att:-3.178,21.717,-1.312,158.135,-10.511,-6.944
[17:23:04.508] imu_att:-3.826,23.681,-1.360,156.875,-11.189,-7.679
[17:23:04.547] imu_att:-3.945,25.193,-1.283,157.942,-10.545,-8.194
[17:23:04.587] imu_att:-3.392,26.576,-1.199,157.588,-10.596,-8.569
[17:23:04.626] imu_att:-3.038,28.343,-1.154,159.110,-9.582,-8.855
[17:23:04.666] imu_att:-3.382,29.876,-1.055,159.429,-9.117,-8.883
[17:23:04.707] imu_att:-3.489,30.721,-0.875,159.901,-8.499,-8.728
[17:23:04.747] imu_att:-3.089,31.752,-0.688,161.129,-7.374,-8.431
[17:23:04.787] imu_att:-2.597,32.640,-0.569,161.345,-7.064,-8.151
[17:23:04.826] imu_att:-2.751,33.753,-0.425,162.344,-6.051,-7.746
[17:23:04.868] imu_att:-3.112,35.541,-0.256,162.562,-5.961,-7.290
[17:23:04.907] imu_att:-3.058,36.326,-0.014,162.700,-5.669,-6.814
[17:23:04.947] imu_att:-2.469,36.977,0.116,163.615,-4.711,-6.389
[17:23:04.986] imu_att:-2.325,37.876,0.186,165.046,-3.712,-5.948
[17:23:05.026] imu_att:-2.582,38.060,0.399,164.919,-3.333,-5.302
[17:23:05.067] imu_att:-2.720,39.175,0.413,164.532,-3.631,-4.939
[17:23:05.107] imu_att:-1.758,41.310,0.356,164.906,-3.556,-4.797
[17:23:05.147] imu_att:-2.487,41.041,0.194,164.828,-3.168,-4.643
[17:23:05.186] imu_att:-2.879,40.568,0.140,164.663,-3.459,-4.456
[17:23:05.226] imu_att:-2.858,40.262,0.107,164.791,-3.314,-4.310
[17:23:05.267] imu_att:-2.832,40.668,0.086,164.620,-3.547,-4.180
[17:23:05.307] imu_att:-2.699,40.681,0.062,163.479,-4.165,-4.161
[17:23:05.347] imu_att:-2.294,40.119,-0.060,163.990,-4.302,-4.309
[17:23:05.386] imu_att:-1.988,39.115,-0.284,162.904,-5.163,-4.592
[17:23:05.427] imu_att:-2.332,37.684,-0.588,161.618,-6.386,-5.103
[17:23:05.467] imu_att:-2.641,34.878,-0.926,160.410,-7.501,-5.771
[17:23:05.507] imu_att:-3.066,32.435,-1.192,159.512,-8.428,-6.369
[17:23:05.546] imu_att:-3.469,28.898,-1.482,159.131,-9.307,-7.233
[17:23:05.587] imu_att:-3.612,25.321,-1.675,156.703,-10.062,-7.754
[17:23:05.627] imu_att:-3.819,21.814,-1.800,156.170,-11.801,-8.495
[17:23:05.667] imu_att:-3.581,18.568,-1.887,156.539,-11.750,-9.178
[17:23:05.707] imu_att:-3.638,15.440,-1.943,156.586,-11.661,-9.706
[17:23:05.746] imu_att:-3.567,12.470,-1.981,155.920,-12.514,-10.228
[17:23:05.786] imu_att:-2.568,9.696,-2.122,157.854,-10.786,-10.593
[17:23:05.827] imu_att:-3.161,7.674,-2.287,158.000,-10.086,-10.657
[17:23:05.867] imu_att:-4.284,5.781,-2.328,158.959,-9.947,-10.660
[17:23:05.906] imu_att:-3.481,3.107,-2.337,162.290,-7.163,-10.322
[17:23:05.946] imu_att:-3.104,1.576,-2.396,165.747,-3.414,-9.806
[17:23:05.987] imu_att:-3.364,0.983,-2.437,166.506,-2.336,-9.329
[17:23:06.027] imu_att:-4.543,1.547,-2.381,164.293,-3.393,-8.637
[17:23:06.067] imu_att:-3.351,2.317,-2.366,162.281,-4.947,-8.041
[17:23:06.106] imu_att:-3.586,2.506,-2.373,162.410,-5.943,-7.669
[17:23:06.147] imu_att:-3.358,2.275,-2.399,162.786,-5.384,-7.266
[17:23:06.187] imu_att:-3.636,1.916,-2.428,163.783,-4.534,-6.818
[17:23:06.227] imu_att:-3.572,1.795,-2.428,163.996,-4.265,-6.369
[17:23:06.266] imu_att:-3.599,1.993,-2.428,163.778,-3.983,-5.914
[17:23:06.307] imu_att:-3.618,1.829,-2.429,163.862,-4.115,-5.606
[17:23:06.347] imu_att:-3.445,1.743,-2.450,165.173,-3.056,-5.221
[17:23:06.387] imu_att:-3.648,2.750,-2.464,162.318,-5.659,-5.098
[17:23:06.426] imu_att:-3.682,2.228,-2.434,164.429,-4.455,-5.115
[17:23:06.466] imu_att:-3.518,2.117,-2.410,164.294,-4.003,-4.918
[17:23:06.507] imu_att:-3.334,2.473,-2.298,162.504,-5.418,-4.790
[17:23:06.547] imu_att:-2.912,2.129,-2.031,163.847,-4.923,-4.675
[17:23:06.587] imu_att:-3.336,-0.900,-1.772,169.704,-0.532,-4.152
[17:23:06.626] imu_att:-3.593,-4.779,-1.640,179.268,8.332,-3.424
[17:23:06.666] imu_att:-3.378,-7.161,-1.542,-173.327,17.130,-2.729
[17:23:06.707] imu_att:-3.241,-8.555,-1.418,-166.214,23.510,-2.065
[17:23:06.747] imu_att:-3.437,-10.428,-1.171,-153.848,33.847,-1.157
[17:23:06.787] imu_att:-3.113,-12.810,-0.992,-142.100,46.910,-0.434
[17:23:06.826] imu_att:-2.953,-15.521,-0.757,-130.581,59.384,0.468
[17:23:06.867] imu_att:-2.340,-16.570,-0.305,-129.344,62.577,1.528
[17:23:06.907] imu_att:-2.934,-16.523,0.313,-125.027,65.891,2.757
[17:23:06.947] imu_att:-4.184,-16.252,0.735,-119.865,71.070,3.729
[17:23:06.986] imu_att:-4.651,-16.274,0.909,-116.256,74.698,4.580
[17:23:07.027] imu_att:-4.767,-16.391,0.896,-115.893,75.889,5.184
[17:23:07.067] imu_att:-4.307,-16.130,0.845,-117.476,74.488,5.752
[17:23:07.107] imu_att:-3.579,-16.508,0.731,-117.124,74.342,6.259
[17:23:07.146] imu_att:-3.405,-16.878,0.679,-114.625,76.199,6.831
[17:23:07.186] imu_att:-3.119,-17.012,0.673,-117.066,74.641,7.450
[17:23:07.227] imu_att:-3.197,-16.905,0.669,-119.369,72.631,8.073
[17:23:07.267] imu_att:-3.342,-16.656,0.706,-120.183,72.152,8.741
[17:23:07.307] imu_att:-3.629,-16.401,0.713,-119.420,72.113,9.379
[17:23:07.346] imu_att:-3.760,-16.135,0.660,-122.459,70.279,9.961
[17:23:07.387] imu_att:-3.802,-15.750,0.623,-124.045,67.916,10.559
[17:23:07.427] imu_att:-3.733,-15.038,0.582,-127.761,65.205,11.157
[17:23:07.467] imu_att:-3.669,-14.202,0.376,-132.294,60.982,11.591
[17:23:07.506] imu_att:-3.498,-13.433,-0.021,-138.021,55.545,11.772
[17:23:07.546] imu_att:-3.655,-11.713,-0.782,-148.029,45.283,11.720
[17:23:07.587] imu_att:-3.918,-11.103,-1.446,-152.267,41.800,11.703
[17:23:07.627] imu_att:-3.571,-10.241,-2.015,-159.924,33.437,11.783
[17:23:07.667] imu_att:-3.168,-9.107,-2.361,-168.417,25.380,12.088
[17:23:07.706] imu_att:-3.101,-8.135,-2.536,-172.200,19.682,12.566
[17:23:07.746] imu_att:-3.394,-6.683,-2.674,-177.617,15.360,13.006
[17:23:07.787] imu_att:-3.684,-3.579,-2.899,173.568,7.025,12.511
[17:23:07.827] imu_att:-3.682,-0.976,-3.152,167.463,0.619,11.711
[17:23:07.866] imu_att:-3.593,1.163,-3.394,164.046,-3.368,10.921
[17:23:07.906] imu_att:-2.982,2.960,-3.491,161.647,-4.524,10.273
[17:23:07.947] imu_att:-3.470,-1.680,-3.575,170.883,3.001,9.636
[17:23:07.987] imu_att:-2.793,0.785,-3.563,165.680,-1.834,9.093
[17:23:08.027] imu_att:-3.703,1.771,-3.555,162.501,-5.070,8.544
[17:23:08.066] imu_att:-3.855,1.070,-3.526,164.209,-4.209,8.014
[17:23:08.107] imu_att:-3.478,1.915,-3.513,163.976,-4.452,7.466
[17:23:08.147] imu_att:-3.214,2.267,-3.520,162.641,-5.436,6.895
[17:23:08.187] imu_att:-3.736,2.024,-3.519,163.468,-5.322,6.331
[17:23:08.226] imu_att:-3.620,1.850,-3.517,163.680,-4.643,5.766
[17:23:08.266] imu_att:-3.559,2.025,-3.517,163.260,-4.758,5.253
[17:23:08.307] imu_att:-3.552,1.950,-3.518,163.268,-5.254,4.624
[17:23:08.347] imu_att:-3.548,1.958,-3.519,163.193,-5.109,4.050
[17:23:08.387] imu_att:-3.538,1.963,-3.519,162.545,-5.379,3.532
[17:23:08.426] imu_att:-3.529,1.950,-3.518,164.409,-4.874,2.898
[17:23:08.466] imu_att:-3.520,1.970,-3.516,163.486,-4.771,2.319
[17:23:08.507] imu_att:-3.519,1.955,-3.517,163.020,-5.116,1.737
[17:23:08.547] imu_att:-3.536,1.942,-3.517,163.238,-5.135,1.153
[17:23:08.587] imu_att:-3.547,1.950,-3.519,163.210,-5.048,0.624
[17:23:08.626] imu_att:-3.535,1.952,-3.520,163.376,-4.905,0.035
[17:23:08.666] imu_att:-3.544,1.954,-3.522,163.035,-5.244,-0.557
[17:23:08.707] imu_att:-3.550,1.931,-3.522,163.480,-5.128,-1.208
[17:23:08.747] imu_att:-3.542,1.940,-3.523,163.683,-4.591,-1.799
[17:23:08.786] imu_att:-3.537,1.958,-3.524,162.712,-5.175,-2.354
[17:23:08.826] imu_att:-3.535,1.933,-3.524,163.259,-5.096,-2.877
[17:23:08.867] imu_att:-3.553,1.941,-3.525,163.098,-5.160,-3.252
[17:23:08.907] imu_att:-3.536,1.951,-3.526,163.565,-4.854,-3.605
[17:23:08.946] imu_att:-3.531,1.951,-3.526,164.359,-3.951,-3.733
[17:23:08.986] imu_att:-3.532,1.936,-3.528,163.195,-4.947,-3.874
[17:23:09.027] imu_att:-3.528,1.935,-3.529,163.699,-4.782,-4.067
[17:23:09.067] imu_att:-3.542,1.938,-3.531,163.624,-4.646,-4.199
[17:23:09.107] imu_att:-3.537,1.939,-3.531,163.395,-4.618,-4.272
[17:23:09.146] imu_att:-3.540,1.933,-3.530,162.966,-4.511,-4.359
[17:23:09.187] imu_att:-3.536,1.948,-3.530,163.963,-4.584,-4.433
[17:23:09.227] imu_att:-3.536,1.949,-3.527,163.138,-5.192,-4.527
[17:23:09.267] imu_att:-3.532,1.957,-3.525,163.264,-4.979,-4.595
[17:23:09.306] imu_att:-3.538,1.965,-3.526,163.094,-5.227,-4.708
[17:23:09.346] imu_att:-3.544,1.957,-3.527,163.228,-4.927,-4.739
[17:23:09.387] imu_att:-3.527,1.954,-3.526,163.849,-4.319,-4.735
[17:23:09.427] imu_att:-3.545,1.951,-3.526,162.657,-5.467,-4.768
[17:23:09.466] imu_att:-3.527,1.960,-3.524,163.421,-5.103,-4.884
[17:23:09.506] imu_att:-3.524,1.949,-3.524,163.553,-4.659,-4.906
[17:23:09.547] imu_att:-3.533,1.950,-3.524,163.317,-4.903,-4.891
[17:23:09.587] imu_att:-3.524,1.957,-3.524,164.425,-3.989,-4.808
[17:23:09.627] imu_att:-3.524,1.948,-3.524,163.404,-4.918,-4.801
[17:23:09.666] imu_att:-3.517,1.935,-3.524,163.255,-4.978,-4.848
[17:23:09.706] imu_att:-3.527,1.948,-3.525,163.264,-4.727,-4.819
[17:23:09.747] imu_att:-3.528,1.937,-3.526,163.017,-5.124,-4.845
[17:23:09.787] imu_att:-3.523,1.941,-3.524,163.173,-5.287,-4.912
[17:23:09.826] imu_att:-3.515,1.947,-3.523,163.372,-4.683,-4.882
[17:23:09.866] imu_att:-3.520,1.944,-3.523,163.097,-4.891,-4.877
[17:23:09.907] imu_att:-3.541,1.942,-3.524,162.849,-5.300,-4.915
[17:23:09.947] imu_att:-3.541,1.943,-3.523,162.979,-5.356,-5.007
[17:23:09.987] imu_att:-3.530,1.945,-3.523,163.337,-4.868,-5.017
[17:23:10.026] imu_att:-3.526,1.946,-3.522,163.576,-5.093,-5.079
[17:23:10.066] imu_att:-3.534,1.944,-3.522,162.362,-5.244,-5.039
[17:23:10.107] imu_att:-3.530,1.952,-3.523,164.012,-4.472,-4.992
[17:23:10.147] imu_att:-3.540,1.944,-3.524,162.429,-5.544,-5.016
[17:23:10.186] imu_att:-3.531,1.943,-3.524,163.378,-4.727,-4.982
[17:23:10.226] imu_att:-3.536,1.942,-3.525,163.718,-4.755,-4.973
[17:23:10.267] imu_att:-3.544,1.949,-3.523,163.035,-4.914,-4.919
[17:23:10.307] imu_att:-3.547,1.944,-3.524,163.707,-4.921,-4.918
[17:23:10.347] imu_att:-3.504,2.011,-3.530,163.913,-4.930,-4.924
[17:23:10.386] imu_att:-3.694,1.801,-3.524,163.217,-4.505,-4.810
[17:23:10.427] imu_att:-3.486,1.897,-3.527,163.161,-5.023,-4.830
[17:23:10.467] imu_att:-3.527,1.966,-3.528,162.576,-5.449,-4.912
[17:23:10.507] imu_att:-3.535,1.962,-3.529,162.812,-5.319,-4.950
[17:23:10.546] imu_att:-3.519,1.932,-3.529,163.101,-5.078,-4.977
[17:23:10.586] imu_att:-3.521,1.936,-3.530,162.917,-5.137,-4.992
[17:23:10.627] imu_att:-3.530,1.928,-3.533,164.281,-4.311,-4.957
[17:23:10.667] imu_att:-3.517,1.915,-3.535,163.794,-4.582,-4.852
[17:23:10.707] imu_att:-3.534,1.955,-3.535,163.476,-4.845,-4.870
[17:23:10.746] imu_att:-3.523,1.915,-3.534,163.000,-5.251,-4.901
[17:23:10.787] imu_att:-3.509,1.920,-3.536,163.041,-5.225,-4.982
[17:23:10.827] imu_att:-3.526,1.882,-3.535,164.022,-4.797,-5.040
[17:23:10.867] imu_att:-3.504,2.036,-3.535,163.727,-4.585,-4.979
[17:23:10.906] imu_att:-3.507,1.986,-3.535,163.487,-4.838,-4.958
[17:23:10.946] imu_att:-3.530,1.905,-3.535,164.150,-4.250,-4.906
