# Serial Log - 2026-04-18T17:46:42.003529
# Port: COM36 @ 115200bps
#============================================================
[17:46:42.005] :-2.268,4.298,-0.476,-174.291,0.949,1.455
[17:46:42.045] imu_att:-2.279,4.289,-0.477,-173.003,1.543,1.398
[17:46:42.086] imu_att:-2.277,4.305,-0.479,-174.080,1.305,1.425
[17:46:42.126] imu_att:-2.274,4.297,-0.482,-173.462,1.256,1.370
[17:46:42.165] imu_att:-2.265,4.301,-0.483,-173.587,1.074,1.298
[17:46:42.205] imu_att:-2.273,4.291,-0.483,-173.472,1.294,1.286
[17:46:42.246] imu_att:-2.267,4.299,-0.483,-173.242,1.537,1.316
[17:46:42.286] imu_att:-2.266,4.301,-0.484,-173.598,1.364,1.347
[17:46:42.325] imu_att:-2.259,4.306,-0.486,-173.417,1.489,1.343
[17:46:42.365] imu_att:-2.272,4.319,-0.488,-173.221,1.644,1.377
[17:46:42.406] imu_att:-2.279,4.308,-0.490,-172.912,1.660,1.396
[17:46:42.446] imu_att:-2.268,4.310,-0.491,-173.076,1.445,1.373
[17:46:42.485] imu_att:-2.259,4.307,-0.492,-173.541,1.320,1.381
[17:46:42.525] imu_att:-2.267,4.309,-0.492,-173.685,1.163,1.349
[17:46:42.566] imu_att:-2.265,4.320,-0.495,-174.166,0.841,1.282
[17:46:42.606] imu_att:-2.279,4.306,-0.498,-173.272,1.552,1.312
[17:46:42.645] imu_att:-2.270,4.310,-0.499,-172.716,1.781,1.349
[17:46:42.685] imu_att:-2.276,4.305,-0.499,-173.183,1.554,1.388
[17:46:42.726] imu_att:-2.282,4.305,-0.499,-172.993,1.909,1.460
[17:46:42.766] imu_att:-2.265,4.307,-0.502,-173.642,1.293,1.478
[17:46:42.806] imu_att:-2.274,4.311,-0.504,-173.460,1.416,1.453
[17:46:42.845] imu_att:-2.281,4.312,-0.506,-172.835,1.857,1.480
[17:46:42.886] imu_att:-2.285,4.304,-0.507,-173.282,1.501,1.521
[17:46:42.926] imu_att:-2.268,4.302,-0.510,-173.493,1.257,1.474
[17:46:42.966] imu_att:-2.265,4.292,-0.513,-173.642,1.168,1.451
[17:46:43.005] imu_att:-2.252,4.292,-0.514,-173.643,1.112,1.386
[17:46:43.046] imu_att:-2.274,4.297,-0.516,-173.133,1.548,1.373
[17:46:43.086] imu_att:-2.266,4.304,-0.517,-173.325,1.477,1.397
[17:46:43.126] imu_att:-2.259,4.307,-0.518,-173.828,1.328,1.452
[17:46:43.165] imu_att:-2.270,4.314,-0.519,-173.139,1.672,1.450
[17:46:43.205] imu_att:-2.271,4.301,-0.522,-173.158,1.632,1.486
[17:46:43.246] imu_att:-2.273,4.302,-0.523,-172.993,1.880,1.557
[17:46:43.286] imu_att:-2.269,4.312,-0.523,-173.457,1.617,1.605
[17:46:43.325] imu_att:-2.270,4.307,-0.524,-173.474,1.271,1.569
[17:46:43.365] imu_att:-2.257,4.317,-0.525,-174.389,1.070,1.575
[17:46:43.406] imu_att:-2.272,4.304,-0.524,-173.250,1.211,1.452
[17:46:43.446] imu_att:-2.273,4.307,-0.525,-173.760,1.151,1.441
[17:46:43.485] imu_att:-2.265,4.302,-0.528,-173.602,1.487,1.464
[17:46:43.525] imu_att:-2.265,4.313,-0.531,-173.535,1.354,1.437
[17:46:43.566] imu_att:-2.267,4.310,-0.533,-174.183,1.048,1.397
[17:46:43.606] imu_att:-2.274,4.295,-0.535,-172.952,1.554,1.361
[17:46:43.646] imu_att:-2.268,4.292,-0.536,-172.967,1.816,1.435
[17:46:43.685] imu_att:-2.282,4.309,-0.536,-173.213,1.572,1.469
[17:46:43.726] imu_att:-2.276,4.307,-0.538,-173.561,1.482,1.487
[17:46:43.766] imu_att:-2.283,4.308,-0.539,-173.328,1.403,1.475
[17:46:43.806] imu_att:-2.266,4.311,-0.541,-173.536,1.445,1.457
[17:46:43.845] imu_att:-2.276,4.306,-0.543,-173.269,1.388,1.423
[17:46:43.886] imu_att:-2.272,4.312,-0.544,-173.588,1.309,1.414
[17:46:43.926] imu_att:-2.262,4.310,-0.544,-173.682,1.169,1.386
[17:46:43.965] imu_att:-2.267,4.296,-0.546,-172.642,1.614,1.395
[17:46:44.005] imu_att:-2.252,4.317,-0.549,-173.134,1.564,1.450
[17:46:44.046] imu_att:-2.270,4.309,-0.550,-173.498,1.536,1.474
[17:46:44.086] imu_att:-2.269,4.310,-0.552,-173.611,1.113,1.430
[17:46:44.126] imu_att:-2.261,4.321,-0.554,-173.595,1.098,1.367
[17:46:44.165] imu_att:-2.259,4.318,-0.555,-173.116,1.612,1.373
[17:46:44.205] imu_att:-2.271,4.315,-0.556,-174.019,1.199,1.410
[17:46:44.246] imu_att:-2.257,4.312,-0.559,-173.288,1.283,1.357
[17:46:44.286] imu_att:-2.252,4.304,-0.560,-173.454,1.455,1.362
[17:46:44.326] imu_att:-2.277,4.304,-0.562,-173.828,1.263,1.369
[17:46:44.366] imu_att:-2.280,4.301,-0.563,-173.048,1.608,1.364
[17:46:44.406] imu_att:-2.264,4.312,-0.565,-173.205,1.380,1.376
[17:46:44.446] imu_att:-2.285,4.314,-0.568,-173.396,1.333,1.357
[17:46:44.485] imu_att:-2.286,4.313,-0.570,-173.129,1.683,1.372
[17:46:44.525] imu_att:-2.284,4.316,-0.572,-173.540,1.500,1.389
[17:46:44.566] imu_att:-2.289,4.317,-0.575,-173.714,1.039,1.362
[17:46:44.606] imu_att:-2.289,4.301,-0.576,-172.668,1.915,1.378
[17:46:44.645] imu_att:-2.275,4.308,-0.576,-173.462,1.512,1.465
[17:46:44.685] imu_att:-2.274,4.316,-0.576,-173.135,1.508,1.455
[17:46:44.726] imu_att:-2.283,4.316,-0.577,-173.568,1.621,1.517
[17:46:44.766] imu_att:-2.276,4.318,-0.578,-173.083,1.481,1.500
[17:46:44.805] imu_att:-2.265,4.314,-0.578,-172.928,1.508,1.451
[17:46:44.845] imu_att:-2.277,4.312,-0.578,-172.845,1.623,1.431
[17:46:44.886] imu_att:-2.283,4.308,-0.578,-173.789,1.162,1.404
[17:46:44.926] imu_att:-2.280,4.310,-0.580,-173.585,1.105,1.345
[17:46:44.965] imu_att:-2.272,4.305,-0.581,-173.232,1.539,1.377
[17:46:45.005] imu_att:-2.282,4.316,-0.584,-173.572,1.145,1.330
[17:46:45.046] imu_att:-2.271,4.320,-0.586,-173.159,1.500,1.337
[17:46:45.086] imu_att:-2.268,4.315,-0.588,-173.284,1.421,1.362
[17:46:45.126] imu_att:-2.277,4.298,-0.590,-172.969,1.761,1.411
[17:46:45.165] imu_att:-2.282,4.289,-0.590,-173.227,1.732,1.483
[17:46:45.205] imu_att:-2.276,4.289,-0.591,-173.281,1.539,1.493
[17:46:45.246] imu_att:-2.280,4.307,-0.594,-173.883,1.171,1.504
[17:46:45.285] imu_att:-2.287,4.325,-0.595,-173.464,1.302,1.453
[17:46:45.325] imu_att:-2.279,4.313,-0.597,-173.506,1.705,1.491
[17:46:45.365] imu_att:-2.272,4.309,-0.598,-173.445,1.403,1.477
[17:46:45.406] imu_att:-2.275,4.305,-0.599,-173.141,1.420,1.424
[17:46:45.446] imu_att:-2.267,4.304,-0.600,-173.442,1.235,1.419
[17:46:45.485] imu_att:-2.269,4.313,-0.602,-173.228,1.591,1.415
[17:46:45.525] imu_att:-2.273,4.306,-0.602,-173.474,1.349,1.423
[17:46:45.567] imu_att:-2.264,4.312,-0.605,-172.617,1.719,1.450
[17:46:45.606] imu_att:-2.267,4.314,-0.607,-173.267,1.472,1.435
[17:46:45.645] imu_att:-2.276,4.302,-0.607,-173.728,1.072,1.384
[17:46:45.685] imu_att:-2.274,4.305,-0.608,-173.538,1.530,1.395
[17:46:45.726] imu_att:-2.281,4.308,-0.610,-173.133,1.586,1.407
[17:46:45.766] imu_att:-2.268,4.319,-0.610,-173.556,1.206,1.417
[17:46:45.805] imu_att:-2.273,4.315,-0.612,-173.077,1.515,1.410
[17:46:45.845] imu_att:-2.275,4.312,-0.613,-173.732,1.421,1.422
[17:46:45.885] imu_att:-2.268,4.321,-0.615,-173.237,1.557,1.413
[17:46:45.926] imu_att:-2.262,4.336,-0.615,-173.765,1.272,1.437
[17:46:45.966] imu_att:-2.262,4.314,-0.618,-173.384,1.486,1.442
[17:46:46.005] imu_att:-2.259,4.309,-0.618,-173.441,1.578,1.482
[17:46:46.045] imu_att:-2.260,4.319,-0.620,-173.387,1.388,1.452
[17:46:46.086] imu_att:-2.260,4.313,-0.622,-173.707,1.262,1.460
[17:46:46.126] imu_att:-2.263,4.306,-0.622,-173.599,1.190,1.411
[17:46:46.165] imu_att:-2.265,4.309,-0.624,-173.227,1.495,1.396
[17:46:46.205] imu_att:-2.294,4.301,-0.625,-173.163,1.589,1.427
[17:46:46.246] imu_att:-2.283,4.283,-0.628,-172.917,1.669,1.419
[17:46:46.286] imu_att:-2.272,4.312,-0.630,-172.900,1.869,1.470
[17:46:46.325] imu_att:-2.272,4.314,-0.633,-173.245,1.668,1.492
[17:46:46.365] imu_att:-2.274,4.317,-0.633,-173.891,0.991,1.467
[17:46:46.406] imu_att:-2.276,4.305,-0.632,-173.470,1.574,1.457
[17:46:46.446] imu_att:-2.277,4.306,-0.634,-172.847,1.599,1.457
[17:46:46.485] imu_att:-2.275,4.304,-0.634,-173.105,1.481,1.449
[17:46:46.525] imu_att:-2.286,4.300,-0.635,-173.427,1.283,1.380
[17:46:46.566] imu_att:-2.272,4.295,-0.637,-173.895,0.909,1.297
[17:46:46.606] imu_att:-2.257,4.301,-0.639,-173.976,0.818,1.216
[17:46:46.645] imu_att:-2.265,4.291,-0.640,-173.248,1.362,1.173
[17:46:46.685] imu_att:-2.284,4.281,-0.640,-173.248,1.250,1.193
[17:46:46.726] imu_att:-2.274,4.298,-0.642,-173.161,1.400,1.210
[17:46:46.766] imu_att:-2.274,4.308,-0.644,-172.896,1.883,1.313
[17:46:46.806] imu_att:-2.268,4.320,-0.646,-173.889,1.442,1.382
[17:46:46.845] imu_att:-2.256,4.309,-0.646,-173.179,1.538,1.396
[17:46:46.885] imu_att:-2.271,4.305,-0.647,-173.745,1.371,1.439
[17:46:46.926] imu_att:-2.259,4.312,-0.647,-173.231,1.602,1.442
[17:46:46.966] imu_att:-2.269,4.318,-0.649,-173.728,1.122,1.389
[17:46:47.005] imu_att:-2.256,4.310,-0.650,-173.076,1.505,1.365
[17:46:47.045] imu_att:-2.263,4.300,-0.652,-173.007,1.729,1.436
[17:46:47.086] imu_att:-2.259,4.311,-0.654,-173.389,1.508,1.489
[17:46:47.126] imu_att:-2.263,4.300,-0.656,-173.232,1.475,1.478
[17:46:47.165] imu_att:-2.274,4.304,-0.657,-172.990,1.776,1.511
[17:46:47.205] imu_att:-2.267,4.313,-0.658,-173.423,1.483,1.521
[17:46:47.246] imu_att:-2.270,4.307,-0.659,-173.423,1.350,1.494
[17:46:47.286] imu_att:-2.278,4.302,-0.659,-173.244,1.573,1.524
[17:46:47.325] imu_att:-2.264,4.308,-0.661,-173.168,1.453,1.525
[17:46:47.365] imu_att:-2.277,4.307,-0.663,-172.689,1.918,1.572
[17:46:47.406] imu_att:-2.253,4.308,-0.666,-173.913,0.979,1.518
[17:46:47.446] imu_att:-2.259,4.308,-0.667,-173.221,1.368,1.475
[17:46:47.485] imu_att:-2.269,4.321,-0.668,-173.079,1.589,1.484
[17:46:47.525] imu_att:-2.275,4.313,-0.672,-173.084,1.715,1.465
[17:46:47.565] imu_att:-2.276,4.312,-0.673,-173.299,1.488,1.480
[17:46:47.606] imu_att:-2.259,4.311,-0.676,-173.677,1.134,1.446
[17:46:47.646] imu_att:-2.268,4.302,-0.678,-172.945,1.898,1.490
[17:46:47.685] imu_att:-2.273,4.312,-0.680,-174.017,0.886,1.465
[17:46:47.725] imu_att:-2.267,4.313,-0.680,-173.002,1.624,1.428
[17:46:47.766] imu_att:-2.264,4.334,-0.683,-173.262,1.423,1.416
[17:46:47.806] imu_att:-2.265,4.316,-0.684,-173.464,1.063,1.366
[17:46:47.845] imu_att:-2.252,4.326,-0.686,-173.825,1.261,1.336
[17:46:47.885] imu_att:-2.266,4.315,-0.688,-172.905,1.921,1.372
[17:46:47.926] imu_att:-2.271,4.309,-0.688,-173.170,1.286,1.390
[17:46:47.966] imu_att:-2.271,4.320,-0.690,-173.051,1.591,1.385
[17:46:48.005] imu_att:-2.274,4.313,-0.691,-173.457,1.579,1.433
[17:46:48.045] imu_att:-2.272,4.309,-0.691,-173.908,0.993,1.405
[17:46:48.085] imu_att:-2.273,4.309,-0.692,-173.460,1.316,1.378
[17:46:48.126] imu_att:-2.268,4.314,-0.694,-172.710,1.721,1.383
[17:46:48.166] imu_att:-2.255,4.311,-0.695,-173.976,1.062,1.412
[17:46:48.205] imu_att:-2.277,4.298,-0.696,-173.179,1.299,1.365
[17:46:48.246] imu_att:-2.272,4.308,-0.698,-173.462,1.355,1.395
[17:46:48.286] imu_att:-2.270,4.310,-0.699,-173.469,1.368,1.404
[17:46:48.326] imu_att:-2.273,4.305,-0.700,-173.460,1.392,1.391
[17:46:48.365] imu_att:-2.259,4.319,-0.703,-173.725,1.200,1.375
[17:46:48.405] imu_att:-2.283,4.311,-0.702,-173.953,1.015,1.365
[17:46:48.446] imu_att:-2.269,4.314,-0.703,-173.436,1.284,1.306
[17:46:48.486] imu_att:-2.271,4.307,-0.706,-173.476,1.274,1.289
[17:46:48.525] imu_att:-2.268,4.310,-0.707,-173.269,1.928,1.359
[17:46:48.565] imu_att:-2.275,4.308,-0.709,-173.088,1.574,1.383
[17:46:48.606] imu_att:-2.283,4.305,-0.711,-173.129,1.663,1.430
[17:46:48.646] imu_att:-2.281,4.295,-0.712,-173.188,1.697,1.474
[17:46:48.685] imu_att:-2.275,4.313,-0.714,-173.437,1.769,1.573
[17:46:48.725] imu_att:-2.275,4.310,-0.714,-173.710,1.349,1.516
[17:46:48.766] imu_att:-2.272,4.303,-0.714,-172.924,2.322,1.573
[17:46:48.806] imu_att:-2.268,4.307,-0.716,-173.120,1.510,1.611
[17:46:48.845] imu_att:-2.271,4.317,-0.717,-173.708,1.352,1.572
[17:46:48.885] imu_att:-2.266,4.320,-0.719,-173.448,1.300,1.521
[17:46:48.926] imu_att:-2.264,4.321,-0.720,-172.846,1.728,1.550
[17:46:48.966] imu_att:-2.264,4.322,-0.721,-173.089,1.604,1.554
[17:46:49.006] imu_att:-2.264,4.310,-0.724,-173.650,1.131,1.506
[17:46:49.045] imu_att:-2.261,4.309,-0.726,-173.740,1.054,1.446
[17:46:49.085] imu_att:-2.255,4.312,-0.726,-172.861,1.494,1.382
[17:46:49.126] imu_att:-2.269,4.312,-0.727,-173.215,1.521,1.419
[17:46:49.166] imu_att:-2.263,4.310,-0.728,-173.514,1.068,1.398
[17:46:49.205] imu_att:-2.260,4.309,-0.730,-173.202,1.431,1.386
[17:46:49.245] imu_att:-2.267,4.310,-0.732,-173.470,1.317,1.353
[17:46:49.286] imu_att:-2.258,4.311,-0.734,-173.562,1.410,1.375
[17:46:49.326] imu_att:-2.268,4.302,-0.735,-173.565,1.340,1.385
[17:46:49.365] imu_att:-2.271,4.304,-0.737,-173.170,1.713,1.424
[17:46:49.405] imu_att:-2.259,4.305,-0.739,-174.479,0.999,1.428
[17:46:49.446] imu_att:-2.270,4.301,-0.740,-173.510,1.261,1.370
[17:46:49.486] imu_att:-2.270,4.302,-0.741,-173.454,1.329,1.400
[17:46:49.525] imu_att:-2.288,4.306,-0.742,-173.029,1.373,1.342
[17:46:49.565] imu_att:-2.284,4.309,-0.743,-173.579,1.211,1.324
[17:46:49.606] imu_att:-2.278,4.309,-0.745,-172.457,1.892,1.316
[17:46:49.646] imu_att:-2.275,4.312,-0.745,-173.504,1.216,1.353
[17:46:49.686] imu_att:-2.274,4.309,-0.746,-173.864,1.265,1.325
[17:46:49.725] imu_att:-2.274,4.288,-0.748,-173.679,1.215,1.336
[17:46:49.765] imu_att:-2.256,4.297,-0.749,-173.151,1.348,1.339
[17:46:49.806] imu_att:-2.265,4.308,-0.751,-173.638,1.302,1.367
[17:46:49.846] imu_att:-2.264,4.314,-0.752,-172.634,1.721,1.350
[17:46:49.885] imu_att:-2.267,4.305,-0.751,-174.391,0.729,1.312
[17:46:49.925] imu_att:-2.276,4.298,-0.752,-172.824,1.370,1.235
[17:46:49.966] imu_att:-2.266,4.303,-0.754,-174.020,1.052,1.253
[17:46:50.006] imu_att:-2.262,4.318,-0.755,-173.660,1.105,1.218
[17:46:50.046] imu_att:-2.279,4.321,-0.757,-173.545,1.240,1.217
[17:46:50.085] imu_att:-2.270,4.311,-0.758,-173.552,1.237,1.221
[17:46:50.126] imu_att:-2.262,4.319,-0.760,-173.042,1.598,1.265
[17:46:50.166] imu_att:-2.267,4.311,-0.760,-172.939,1.755,1.322
[17:46:50.205] imu_att:-2.266,4.297,-0.763,-172.965,1.757,1.413
[17:46:50.245] imu_att:-2.281,4.300,-0.764,-173.722,1.424,1.477
[17:46:50.286] imu_att:-2.275,4.299,-0.764,-173.167,1.581,1.488
[17:46:50.326] imu_att:-2.276,4.309,-0.766,-173.234,1.661,1.520
[17:46:50.366] imu_att:-2.271,4.303,-0.768,-173.536,1.287,1.489
[17:46:50.405] imu_att:-2.273,4.303,-0.768,-173.473,1.195,1.410
[17:46:50.446] imu_att:-2.271,4.297,-0.770,-173.475,1.417,1.413
[17:46:50.486] imu_att:-2.264,4.295,-0.771,-174.096,1.198,1.427
[17:46:50.526] imu_att:-2.263,4.295,-0.772,-173.686,1.079,1.354
[17:46:50.565] imu_att:-2.263,4.290,-0.774,-173.844,0.967,1.292
[17:46:50.605] imu_att:-2.264,4.294,-0.774,-173.269,1.426,1.291
[17:46:50.646] imu_att:-2.274,4.294,-0.776,-172.964,1.763,1.357
[17:46:50.686] imu_att:-2.273,4.299,-0.778,-172.429,2.283,1.522
[17:46:50.725] imu_att:-2.268,4.308,-0.780,-173.372,1.508,1.557
[17:46:50.765] imu_att:-2.270,4.301,-0.780,-173.231,1.445,1.529
[17:46:50.806] imu_att:-2.273,4.306,-0.781,-172.870,1.583,1.510
[17:46:50.846] imu_att:-2.288,4.301,-0.783,-173.766,1.487,1.554
[17:46:50.885] imu_att:-2.286,4.295,-0.784,-173.463,1.422,1.554
[17:46:50.925] imu_att:-2.281,4.308,-0.785,-172.690,1.911,1.563
[17:46:50.966] imu_att:-2.288,4.304,-0.786,-173.711,1.480,1.610
[17:46:51.006] imu_att:-2.284,4.302,-0.787,-173.161,1.547,1.578
[17:46:51.045] imu_att:-2.282,4.314,-0.788,-173.214,1.594,1.585
[17:46:51.085] imu_att:-2.279,4.308,-0.788,-173.196,1.580,1.585
[17:46:51.126] imu_att:-2.268,4.312,-0.788,-172.597,1.769,1.592
[17:46:51.166] imu_att:-2.275,4.320,-0.791,-173.489,1.523,1.622
[17:46:51.205] imu_att:-2.273,4.310,-0.793,-173.992,1.342,1.666
[17:46:51.245] imu_att:-2.265,4.315,-0.795,-172.809,1.756,1.615
[17:46:51.286] imu_att:-2.252,4.303,-0.795,-173.050,1.592,1.626
[17:46:51.326] imu_att:-2.256,4.313,-0.796,-173.143,1.285,1.565
[17:46:51.366] imu_att:-2.263,4.304,-0.797,-174.319,0.809,1.450
[17:46:51.405] imu_att:-2.268,4.302,-0.798,-172.891,1.731,1.414
[17:46:51.445] imu_att:-2.252,4.311,-0.800,-172.431,1.763,1.406
[17:46:51.486] imu_att:-2.258,4.312,-0.803,-173.634,1.322,1.435
[17:46:51.526] imu_att:-2.270,4.296,-0.803,-173.088,1.593,1.450
[17:46:51.565] imu_att:-2.261,4.303,-0.806,-173.685,1.520,1.489
[17:46:51.605] imu_att:-2.266,4.312,-0.807,-173.253,1.703,1.505
[17:46:51.646] imu_att:-2.284,4.312,-0.807,-173.730,1.581,1.527
[17:46:51.686] imu_att:-2.282,4.309,-0.809,-173.201,1.440,1.566
[17:46:51.725] imu_att:-2.268,4.311,-0.810,-173.570,1.247,1.502
[17:46:51.765] imu_att:-2.262,4.294,-0.812,-173.610,1.144,1.461
[17:46:51.806] imu_att:-2.259,4.296,-0.814,-173.032,1.540,1.442
[17:46:51.846] imu_att:-2.277,4.290,-0.817,-172.912,1.476,1.418
[17:46:51.886] imu_att:-2.277,4.314,-0.819,-173.398,1.540,1.433
[17:46:51.925] imu_att:-2.277,4.313,-0.820,-173.370,1.378,1.458
[17:46:51.966] imu_att:-2.279,4.307,-0.822,-173.389,1.446,1.471
[17:46:52.006] imu_att:-2.280,4.299,-0.823,-172.904,1.785,1.506
[17:46:52.045] imu_att:-2.280,4.307,-0.824,-172.952,1.828,1.566
[17:46:52.085] imu_att:-2.281,4.307,-0.825,-173.306,1.403,1.564
[17:46:52.125] imu_att:-2.268,4.316,-0.826,-173.489,1.551,1.574
[17:46:52.166] imu_att:-2.264,4.325,-0.830,-173.441,1.390,1.607
[17:46:52.205] imu_att:-2.253,4.321,-0.833,-173.552,1.260,1.560
[17:46:52.245] imu_att:-2.263,4.319,-0.833,-173.565,1.166,1.516
[17:46:52.285] imu_att:-2.264,4.323,-0.836,-173.098,1.545,1.487
[17:46:52.326] imu_att:-2.263,4.311,-0.837,-174.028,0.975,1.433
[17:46:52.366] imu_att:-2.260,4.313,-0.840,-173.178,1.237,1.358
[17:46:52.405] imu_att:-2.256,4.315,-0.841,-173.249,1.437,1.352
[17:46:52.446] imu_att:-2.272,4.306,-0.843,-174.118,0.785,1.299
[17:46:52.486] imu_att:-2.266,4.302,-0.845,-173.814,0.872,1.207
[17:46:52.526] imu_att:-2.263,4.306,-0.846,-173.196,1.513,1.206
[17:46:52.565] imu_att:-2.264,4.308,-0.846,-173.593,1.387,1.268
[17:46:52.605] imu_att:-2.272,4.308,-0.847,-173.256,1.531,1.298
[17:46:52.646] imu_att:-2.276,4.306,-0.848,-173.948,1.160,1.361
[17:46:52.686] imu_att:-2.268,4.305,-0.848,-172.681,2.106,1.428
[17:46:52.725] imu_att:-2.278,4.307,-0.850,-172.905,1.335,1.439
[17:46:52.765] imu_att:-2.257,4.306,-0.851,-173.461,1.422,1.458
[17:46:52.806] imu_att:-2.256,4.305,-0.855,-173.232,1.635,1.500
[17:46:52.846] imu_att:-2.281,4.314,-0.857,-173.070,1.599,1.495
[17:46:52.885] imu_att:-2.260,4.309,-0.858,-173.231,1.629,1.540
[17:46:52.925] imu_att:-2.269,4.311,-0.859,-173.472,1.609,1.545
[17:46:52.966] imu_att:-2.249,4.296,-0.862,-173.820,1.118,1.499
[17:46:53.006] imu_att:-2.270,4.298,-0.862,-173.223,1.438,1.455
[17:46:53.045] imu_att:-2.276,4.290,-0.863,-172.937,1.700,1.477
[17:46:53.085] imu_att:-2.270,4.301,-0.864,-173.849,1.198,1.477
[17:46:53.125] imu_att:-2.266,4.313,-0.867,-173.247,1.424,1.431
[17:46:53.166] imu_att:-2.259,4.318,-0.868,-173.170,1.773,1.445
[17:46:53.205] imu_att:-2.276,4.316,-0.870,-172.328,2.126,1.535
[17:46:53.245] imu_att:-2.278,4.313,-0.871,-172.961,1.837,1.614
[17:46:53.285] imu_att:-2.256,4.304,-0.873,-173.536,1.499,1.642
[17:46:53.326] imu_att:-2.260,4.322,-0.874,-174.125,0.701,1.557
[17:46:53.366] imu_att:-2.262,4.306,-0.875,-174.317,0.335,1.384
[17:46:53.406] imu_att:-2.273,4.304,-0.877,-173.987,0.687,1.232
[17:46:53.445] imu_att:-2.273,4.317,-0.880,-173.676,0.941,1.162
[17:46:53.486] imu_att:-2.257,4.324,-0.883,-173.175,1.324,1.155
[17:46:53.526] imu_att:-2.262,4.316,-0.883,-173.186,1.591,1.219
[17:46:53.565] imu_att:-2.255,4.308,-0.884,-173.195,1.458,1.292
[17:46:53.605] imu_att:-2.239,4.313,-0.886,-173.470,1.300,1.314
[17:46:53.646] imu_att:-2.231,4.311,-0.889,-173.170,1.835,1.406
[17:46:53.686] imu_att:-2.273,4.287,-0.892,-173.240,1.656,1.487
[17:46:53.726] imu_att:-2.263,4.306,-0.894,-172.643,2.148,1.559
[17:46:53.765] imu_att:-2.298,4.245,-0.894,-173.325,1.553,1.616
[17:46:53.806] imu_att:-2.278,4.260,-0.895,-173.187,1.471,1.610
[17:46:53.846] imu_att:-2.269,4.305,-0.897,-173.463,1.460,1.612
[17:46:53.885] imu_att:-2.272,4.318,-0.898,-172.472,2.057,1.659
[17:46:53.926] imu_att:-2.271,4.327,-0.902,-173.352,1.505,1.688
[17:46:53.966] imu_att:-2.278,4.318,-0.905,-173.096,1.691,1.684
[17:46:54.006] imu_att:-2.259,4.311,-0.907,-172.654,2.114,1.742
[17:46:54.045] imu_att:-2.273,4.306,-0.908,-173.168,1.749,1.784
[17:46:54.085] imu_att:-2.277,4.314,-0.908,-173.501,1.449,1.755
[17:46:54.126] imu_att:-2.267,4.305,-0.911,-173.154,1.551,1.733
[17:46:54.166] imu_att:-2.281,4.340,-0.913,-173.402,1.472,1.666
[17:46:54.205] imu_att:-2.232,4.322,-0.914,-174.010,0.866,1.549
[17:46:54.245] imu_att:-2.253,4.479,-0.918,-172.404,2.083,1.536
[17:46:54.286] imu_att:-2.297,4.535,-0.920,-173.107,1.456,1.537
[17:46:54.326] imu_att:-2.246,4.431,-0.921,-173.312,1.431,1.494
[17:46:54.365] imu_att:-2.242,4.390,-0.923,-173.129,1.534,1.475
[17:46:54.405] imu_att:-2.278,4.314,-0.921,-173.463,1.377,1.514
[17:46:54.446] imu_att:-2.278,4.279,-0.922,-174.235,0.927,1.462
[17:46:54.486] imu_att:-2.258,4.289,-0.925,-173.038,1.660,1.427
[17:46:54.526] imu_att:-2.270,4.311,-0.928,-173.521,1.461,1.472
[17:46:54.565] imu_att:-2.274,4.304,-0.930,-173.470,1.626,1.516
[17:46:54.605] imu_att:-2.266,4.293,-0.932,-173.300,1.606,1.532
[17:46:54.646] imu_att:-2.289,4.304,-0.935,-173.596,1.096,1.474
[17:46:54.686] imu_att:-2.283,4.308,-0.938,-173.180,1.553,1.454
[17:46:54.725] imu_att:-2.255,4.310,-0.940,-172.561,1.981,1.504
[17:46:54.765] imu_att:-2.260,4.326,-0.942,-173.049,1.698,1.523
[17:46:54.806] imu_att:-2.254,4.329,-0.944,-173.409,1.267,1.523
[17:46:54.846] imu_att:-2.265,4.300,-0.946,-173.132,1.701,1.562
[17:46:54.885] imu_att:-2.261,4.293,-0.948,-172.820,1.771,1.562
[17:46:54.925] imu_att:-2.267,4.308,-0.949,-173.206,1.804,1.614
[17:46:54.966] imu_att:-2.270,4.304,-0.951,-173.235,1.656,1.654
[17:46:55.006] imu_att:-2.268,4.301,-0.954,-173.100,1.617,1.640
[17:46:55.045] imu_att:-2.266,4.328,-0.955,-172.744,1.945,1.672
[17:46:55.085] imu_att:-2.253,4.337,-0.957,-173.277,1.770,1.677
[17:46:55.126] imu_att:-2.246,4.321,-0.958,-173.789,1.331,1.660
[17:46:55.166] imu_att:-2.254,4.317,-0.960,-172.682,1.900,1.643
[17:46:55.205] imu_att:-2.253,4.332,-0.961,-172.842,1.834,1.671
[17:46:55.245] imu_att:-2.274,4.304,-0.963,-173.553,1.258,1.593
[17:46:55.286] imu_att:-2.273,4.303,-0.965,-173.484,1.229,1.518
[17:46:55.326] imu_att:-2.275,4.301,-0.966,-174.308,1.188,1.481
[17:46:55.366] imu_att:-2.277,4.295,-0.967,-173.581,1.019,1.411
[17:46:55.405] imu_att:-2.259,4.304,-0.969,-173.175,1.149,1.321
[17:46:55.445] imu_att:-2.262,4.322,-0.972,-173.107,1.782,1.385
[17:46:55.486] imu_att:-2.265,4.311,-0.974,-173.123,1.671,1.442
[17:46:55.526] imu_att:-2.262,4.311,-0.976,-173.066,1.726,1.478
[17:46:55.566] imu_att:-2.272,4.315,-0.977,-173.046,1.564,1.491
[17:46:55.605] imu_att:-2.267,4.324,-0.979,-173.570,1.153,1.479
[17:46:55.646] imu_att:-2.269,4.303,-0.981,-173.618,1.107,1.390
[17:46:55.686] imu_att:-2.249,4.297,-0.981,-173.723,1.057,1.311
[17:46:55.725] imu_att:-2.273,4.308,-0.982,-173.237,1.333,1.266
[17:46:55.765] imu_att:-2.270,4.319,-0.985,-172.948,1.258,1.259
[17:46:55.806] imu_att:-2.263,4.315,-0.985,-173.974,0.985,1.264
[17:46:55.846] imu_att:-2.276,4.312,-0.987,-173.016,1.359,1.243
[17:46:55.886] imu_att:-2.266,4.319,-0.988,-173.162,1.516,1.282
[17:46:55.925] imu_att:-2.258,4.310,-0.989,-173.593,1.191,1.265
[17:46:55.965] imu_att:-2.266,4.309,-0.991,-173.474,1.279,1.241
[17:46:56.006] imu_att:-2.256,4.319,-0.993,-172.978,1.774,1.288
[17:46:56.046] imu_att:-2.275,4.385,-0.989,-173.309,1.449,1.359
[17:46:56.085] imu_att:-2.149,3.674,-0.953,-173.888,0.768,1.311
[17:46:56.125] imu_att:-2.241,3.740,-0.937,-174.142,0.512,1.180
[17:46:56.166] imu_att:-2.441,5.442,-0.944,-171.450,2.467,1.195
[17:46:56.206] imu_att:-2.293,5.473,-0.946,-171.359,3.356,1.550
[17:46:56.245] imu_att:-2.291,4.225,-0.947,-173.627,1.856,1.745
[17:46:56.285] imu_att:-2.263,3.650,-0.949,-174.243,0.744,1.625
[17:46:56.324] imu_att:-2.261,3.731,-0.953,-173.899,0.567,1.409
[17:46:56.366] imu_att:-2.115,4.326,-0.928,-173.280,1.503,1.383
[17:46:56.405] imu_att:-2.657,4.447,-0.960,-173.319,1.576,1.396
[17:46:56.445] imu_att:-2.626,5.518,-1.050,-171.646,2.866,1.464
[17:46:56.486] imu_att:-2.267,5.891,-1.114,-171.266,3.494,1.750
[17:46:56.526] imu_att:-1.923,5.193,-1.066,-172.942,2.544,2.091
[17:46:56.565] imu_att:-1.239,4.398,-1.003,-177.094,-1.243,1.884
[17:46:56.605] imu_att:1.076,4.214,-0.949,-179.926,-4.433,1.279
[17:46:56.645] imu_att:2.902,3.867,-0.999,177.324,-7.235,0.628
[17:46:56.686] imu_att:5.128,4.525,-1.075,176.398,-8.856,-0.052
[17:46:56.726] imu_att:5.816,5.100,-1.181,175.779,-8.911,-0.765
[17:46:56.765] imu_att:6.569,4.828,-1.266,175.541,-9.845,-1.459
[17:46:56.805] imu_att:7.772,5.137,-1.252,174.183,-10.704,-2.057
[17:46:56.846] imu_att:7.913,4.621,-1.269,171.962,-12.601,-2.687
[17:46:56.886] imu_att:8.823,4.430,-1.304,171.468,-13.628,-3.338
[17:46:56.926] imu_att:9.859,5.190,-1.313,170.802,-14.147,-3.966
[17:46:56.965] imu_att:10.861,5.064,-1.319,170.428,-14.620,-4.593
[17:46:57.006] imu_att:12.020,4.775,-1.336,168.399,-16.208,-5.233
[17:46:57.046] imu_att:13.403,4.957,-1.326,168.026,-17.078,-5.847
[17:46:57.086] imu_att:14.578,5.072,-1.270,167.300,-17.768,-6.357
[17:46:57.125] imu_att:15.747,4.845,-1.172,167.228,-17.905,-6.952
[17:46:57.165] imu_att:16.219,4.436,-1.105,167.235,-18.009,-7.517
[17:46:57.206] imu_att:15.584,4.325,-1.072,166.946,-17.969,-8.118
[17:46:57.246] imu_att:14.219,4.183,-1.086,167.658,-17.616,-8.770
[17:46:57.285] imu_att:12.894,4.422,-1.090,168.211,-17.089,-9.413
[17:46:57.325] imu_att:11.691,4.830,-1.103,169.904,-15.543,-10.068
[17:46:57.366] imu_att:10.952,4.731,-1.115,170.654,-14.532,-10.724
[17:46:57.406] imu_att:10.405,4.562,-1.144,171.556,-13.825,-11.379
[17:46:57.445] imu_att:9.315,4.574,-1.153,173.350,-12.965,-11.802
[17:46:57.485] imu_att:7.466,4.233,-1.204,174.087,-11.405,-11.923
[17:46:57.525] imu_att:6.238,4.426,-1.176,175.931,-9.772,-11.708
[17:46:57.566] imu_att:5.269,6.024,-1.028,178.385,-7.193,-11.038
[17:46:57.605] imu_att:4.440,5.465,-0.869,178.691,-6.517,-10.265
[17:46:57.645] imu_att:3.861,5.421,-0.834,179.217,-6.051,-9.670
[17:46:57.685] imu_att:3.499,5.576,-0.768,-178.636,-4.482,-9.042
[17:46:57.726] imu_att:2.555,4.654,-0.722,-178.333,-3.393,-8.430
[17:46:57.766] imu_att:0.872,3.995,-0.691,-177.358,-2.612,-7.832
[17:46:57.805] imu_att:-0.112,3.855,-0.673,-176.436,-1.928,-7.245
[17:46:57.845] imu_att:-0.704,4.017,-0.695,-175.101,-0.696,-6.694
[17:46:57.886] imu_att:-0.989,4.265,-0.763,-174.436,0.086,-6.189
[17:46:57.926] imu_att:-1.309,4.798,-0.842,-172.373,2.054,-5.748
[17:46:57.965] imu_att:-3.672,5.325,-0.914,-170.348,3.902,-5.183
[17:46:58.005] imu_att:-2.441,5.393,-1.014,-171.184,3.283,-4.703
[17:46:58.046] imu_att:-2.095,5.287,-1.075,-171.029,3.735,-4.180
[17:46:58.086] imu_att:-1.957,4.446,-1.115,-172.919,2.362,-3.634
[17:46:58.125] imu_att:-1.816,3.888,-1.108,-173.623,1.294,-3.040
[17:46:58.165] imu_att:-1.578,3.280,-1.051,-174.871,0.405,-2.394
[17:46:58.206] imu_att:-2.456,3.340,-1.042,-174.077,0.255,-1.924
[17:46:58.246] imu_att:-2.182,3.877,-1.032,-173.095,1.227,-1.450
[17:46:58.285] imu_att:-2.142,4.337,-1.027,-172.275,2.003,-0.928
[17:46:58.325] imu_att:-2.102,4.580,-1.028,-172.636,2.181,-0.368
[17:46:58.365] imu_att:-2.086,4.641,-1.028,-172.285,2.498,0.084
[17:46:58.406] imu_att:-2.104,4.511,-1.034,-172.126,2.842,0.614
[17:46:58.446] imu_att:-2.006,3.672,-1.030,-173.794,1.366,0.894
[17:46:58.485] imu_att:-2.064,3.940,-1.029,-173.164,1.490,0.971
[17:46:58.525] imu_att:-2.077,4.090,-1.030,-173.534,1.207,0.994
[17:46:58.566] imu_att:-2.093,4.203,-1.032,-172.850,1.626,1.015
[17:46:58.606] imu_att:-2.079,4.043,-1.035,-173.512,1.297,1.140
[17:46:58.645] imu_att:-2.094,4.235,-1.038,-173.220,1.362,1.149
[17:46:58.685] imu_att:-2.061,4.737,-1.037,-172.508,2.151,1.262
[17:46:58.726] imu_att:-2.093,4.391,-1.040,-172.365,2.418,1.515
[17:46:58.766] imu_att:-2.075,4.195,-1.042,-173.234,1.804,1.636
[17:46:58.805] imu_att:-2.070,4.157,-1.043,-172.897,2.202,1.753
[17:46:58.845] imu_att:-2.067,4.205,-1.047,-173.047,1.783,1.734
[17:46:58.886] imu_att:-2.073,4.235,-1.050,-173.039,1.534,1.721
[17:46:58.926] imu_att:-2.072,4.252,-1.052,-172.662,1.944,1.703
[17:46:58.965] imu_att:-2.089,4.238,-1.054,-172.967,1.959,1.771
[17:46:59.005] imu_att:-2.085,4.230,-1.056,-173.307,1.930,1.838
[17:46:59.044] imu_att:-2.083,4.230,-1.058,-173.182,1.499,1.781
[17:46:59.086] imu_att:-2.080,4.223,-1.061,-172.441,1.921,1.760
[17:46:59.125] imu_att:-2.071,4.209,-1.064,-172.980,1.752,1.747
[17:46:59.165] imu_att:-2.074,4.210,-1.066,-173.915,1.079,1.667
[17:46:59.204] imu_att:-2.071,4.208,-1.067,-173.018,1.623,1.636
[17:46:59.246] imu_att:-2.067,4.210,-1.071,-173.808,1.113,1.544
[17:46:59.285] imu_att:-2.067,4.222,-1.074,-173.842,1.188,1.516
[17:46:59.325] imu_att:-2.067,4.219,-1.077,-173.084,1.411,1.499
[17:46:59.365] imu_att:-2.070,4.214,-1.079,-173.169,1.595,1.511
[17:46:59.406] imu_att:-2.070,4.227,-1.081,-172.889,1.334,1.426
[17:46:59.446] imu_att:-2.067,4.222,-1.085,-172.898,1.875,1.492
[17:46:59.485] imu_att:-2.069,4.217,-1.088,-172.986,1.962,1.577
[17:46:59.525] imu_att:-2.067,4.219,-1.090,-172.921,1.827,1.630
[17:46:59.566] imu_att:-2.083,4.219,-1.093,-173.032,1.695,1.655
[17:46:59.606] imu_att:-2.071,4.201,-1.094,-172.959,1.764,1.663
[17:46:59.645] imu_att:-2.068,4.212,-1.096,-173.532,1.109,1.583
[17:46:59.685] imu_att:-2.073,4.217,-1.098,-173.277,1.550,1.554
[17:46:59.726] imu_att:-2.084,4.212,-1.102,-172.567,2.115,1.640
[17:46:59.766] imu_att:-2.082,4.218,-1.104,-173.183,1.677,1.674
[17:46:59.805] imu_att:-2.092,4.221,-1.106,-172.760,1.696,1.700
[17:46:59.845] imu_att:-2.080,4.221,-1.109,-173.422,1.514,1.725
[17:46:59.886] imu_att:-2.075,4.218,-1.112,-173.348,1.477,1.670
[17:46:59.926] imu_att:-2.081,4.213,-1.113,-173.113,1.660,1.662
[17:46:59.965] imu_att:-2.067,4.214,-1.115,-172.929,1.840,1.677
[17:47:00.005] imu_att:-2.066,4.212,-1.118,-173.841,0.968,1.656
[17:47:00.044] imu_att:-2.078,4.217,-1.119,-173.299,1.151,1.539
[17:47:00.085] imu_att:-2.099,4.168,-1.123,-173.136,1.608,1.526
[17:47:00.125] imu_att:-2.077,4.167,-1.127,-172.444,1.705,1.553
[17:47:00.165] imu_att:-2.061,4.289,-1.124,-172.635,1.993,1.629
[17:47:00.205] imu_att:-2.138,4.223,-1.134,-173.220,1.475,1.637
[17:47:00.246] imu_att:-2.055,4.223,-1.138,-173.149,1.542,1.598
[17:47:00.286] imu_att:-2.047,4.234,-1.144,-173.784,1.329,1.580
[17:47:00.325] imu_att:-2.068,4.331,-1.149,-174.006,0.748,1.453
[17:47:00.365] imu_att:-2.014,4.178,-1.147,-173.826,1.618,1.453
[17:47:00.406] imu_att:-2.050,3.938,-1.128,-174.599,0.376,1.352
[17:47:00.446] imu_att:-2.140,4.092,-1.125,-172.883,1.486,1.232
[17:47:00.485] imu_att:-2.085,4.479,-1.131,-173.599,1.833,1.363
[17:47:00.525] imu_att:-2.069,4.284,-1.124,-172.977,1.216,1.360
[17:47:00.566] imu_att:-2.084,4.173,-1.116,-173.180,1.605,1.430
[17:47:00.606] imu_att:-2.136,4.526,-1.112,-172.484,2.174,1.532
[17:47:00.645] imu_att:-1.988,4.640,-1.108,-172.145,2.728,1.721
[17:47:00.685] imu_att:-2.093,5.183,-1.088,-170.270,4.157,2.078
[17:47:00.724] imu_att:-2.862,5.384,-1.090,-168.577,5.913,2.564
[17:47:00.766] imu_att:-2.689,4.640,-1.047,-169.743,5.307,3.215
[17:47:00.805] imu_att:-3.294,4.771,-1.017,-168.002,6.313,3.657
[17:47:00.845] imu_att:-3.359,4.378,-1.000,-167.078,7.197,4.248
[17:47:00.885] imu_att:-4.248,5.076,-1.017,-163.765,10.419,4.848
[17:47:00.926] imu_att:-5.059,5.640,-1.012,-160.744,12.793,5.410
[17:47:00.965] imu_att:-6.782,5.625,-1.002,-156.887,16.962,6.041
[17:47:01.005] imu_att:-8.473,5.175,-0.974,-153.244,20.497,6.755
[17:47:01.045] imu_att:-9.782,5.389,-0.962,-149.971,23.771,7.393
[17:47:01.086] imu_att:-10.966,5.725,-0.944,-145.888,28.106,8.040
[17:47:01.126] imu_att:-12.155,5.332,-0.933,-142.942,31.101,8.681
[17:47:01.165] imu_att:-13.536,5.393,-0.884,-139.719,34.212,9.364
[17:47:01.205] imu_att:-14.786,5.556,-0.821,-137.017,36.997,9.998
[17:47:01.246] imu_att:-16.089,5.403,-0.780,-133.786,40.462,10.676
[17:47:01.286] imu_att:-16.884,5.099,-0.730,-131.466,42.869,11.430
[17:47:01.325] imu_att:-17.791,4.983,-0.693,-129.711,44.504,12.044
[17:47:01.365] imu_att:-18.749,5.135,-0.690,-126.701,47.148,12.756
[17:47:01.406] imu_att:-19.434,5.293,-0.684,-125.475,48.988,13.409
[17:47:01.446] imu_att:-19.965,5.313,-0.661,-124.895,49.635,14.080
[17:47:01.485] imu_att:-20.304,4.925,-0.630,-124.510,50.590,14.762
[17:47:01.525] imu_att:-20.440,4.365,-0.630,-125.557,49.575,15.349
[17:47:01.566] imu_att:-20.139,4.869,-0.630,-125.233,49.464,16.071
[17:47:01.606] imu_att:-19.453,5.227,-0.569,-125.964,48.958,16.789
[17:47:01.645] imu_att:-18.644,5.308,-0.484,-128.478,46.623,17.534
[17:47:01.685] imu_att:-17.659,4.992,-0.469,-131.519,43.905,18.211
[17:47:01.726] imu_att:-15.174,5.027,-0.492,-138.569,37.514,18.853
[17:47:01.766] imu_att:-13.003,5.312,-0.511,-143.332,32.873,19.433
[17:47:01.805] imu_att:-10.412,5.351,-0.525,-149.880,26.464,20.155
[17:47:01.845] imu_att:-8.551,4.838,-0.564,-154.784,20.815,20.599
[17:47:01.885] imu_att:-6.198,4.653,-0.649,-160.330,14.961,20.064
[17:47:01.926] imu_att:-3.999,5.314,-0.695,-164.550,11.053,19.485
[17:47:01.966] imu_att:-2.496,5.720,-0.695,-167.715,7.939,18.949
[17:47:02.005] imu_att:-0.429,5.278,-0.752,-169.876,5.784,18.354
[17:47:02.045] imu_att:-2.012,3.762,-0.773,-171.734,2.827,17.794
[17:47:02.086] imu_att:-2.653,4.895,-0.784,-170.310,4.167,17.241
[17:47:02.126] imu_att:-2.257,5.274,-0.828,-170.285,4.479,16.653
[17:47:02.165] imu_att:-2.533,4.809,-0.902,-171.381,3.421,16.032
[17:47:02.205] imu_att:-2.129,4.605,-0.971,-172.171,2.426,15.415
[17:47:02.246] imu_att:-2.081,4.065,-0.968,-172.184,2.405,14.867
[17:47:02.286] imu_att:-2.182,3.854,-0.961,-173.192,1.999,14.321
[17:47:02.325] imu_att:-2.260,4.466,-0.965,-172.112,2.407,13.762
[17:47:02.365] imu_att:-2.239,4.522,-0.971,-172.308,2.427,13.199
[17:47:02.406] imu_att:-2.235,4.331,-0.974,-172.048,2.717,12.636
[17:47:02.446] imu_att:-2.267,4.295,-0.976,-172.328,2.497,12.073
[17:47:02.485] imu_att:-2.272,4.358,-0.977,-172.453,2.140,11.565
[17:47:02.525] imu_att:-2.278,4.364,-0.979,-172.474,2.040,10.940
[17:47:02.565] imu_att:-2.253,4.338,-0.982,-172.443,2.411,10.369
[17:47:02.606] imu_att:-2.264,4.347,-0.984,-171.767,2.659,9.796
[17:47:02.645] imu_att:-2.256,4.335,-0.986,-172.788,2.052,9.222
[17:47:02.685] imu_att:-2.264,4.352,-0.987,-172.244,2.307,8.704
[17:47:02.725] imu_att:-2.249,4.351,-0.989,-172.247,2.110,8.125
[17:47:02.766] imu_att:-2.247,4.346,-0.991,-171.758,2.446,7.485
[17:47:02.805] imu_att:-2.266,4.333,-0.994,-172.602,2.367,6.902
[17:47:02.845] imu_att:-2.242,4.340,-0.997,-172.821,2.125,6.373
[17:47:02.885] imu_att:-2.255,4.343,-0.999,-171.826,2.630,5.727
[17:47:02.925] imu_att:-2.258,4.330,-1.000,-171.475,3.110,5.258
[17:47:02.966] imu_att:-2.267,4.339,-1.002,-172.732,2.063,4.699
[17:47:03.005] imu_att:-2.262,4.334,-1.005,-172.001,2.327,4.297
[17:47:03.045] imu_att:-2.273,4.322,-1.008,-172.382,2.483,3.960
[17:47:03.086] imu_att:-2.278,4.332,-1.010,-173.187,1.973,3.609
[17:47:03.126] imu_att:-2.260,4.327,-1.011,-171.774,2.349,3.290
[17:47:03.165] imu_att:-2.248,4.345,-1.014,-172.466,2.504,3.143
[17:47:03.205] imu_att:-2.245,4.337,-1.016,-172.782,2.173,2.978
[17:47:03.246] imu_att:-2.240,4.348,-1.019,-172.778,1.784,2.773
[17:47:03.286] imu_att:-2.244,4.355,-1.021,-171.590,2.875,2.704
[17:47:03.325] imu_att:-2.248,4.338,-1.024,-172.410,2.519,2.706
[17:47:03.365] imu_att:-2.255,4.333,-1.028,-172.700,2.132,2.640
[17:47:03.406] imu_att:-2.254,4.332,-1.031,-172.495,2.666,2.621
[17:47:03.446] imu_att:-2.275,4.328,-1.031,-171.582,2.833,2.629
[17:47:03.485] imu_att:-2.275,4.314,-1.033,-172.049,2.625,2.619
[17:47:03.525] imu_att:-2.264,4.316,-1.033,-172.143,2.582,2.576
[17:47:03.566] imu_att:-2.265,4.337,-1.036,-172.707,2.339,2.551
[17:47:03.606] imu_att:-2.257,4.345,-1.038,-172.323,1.814,2.437
[17:47:03.645] imu_att:-2.233,4.341,-1.041,-172.365,2.395,2.386
[17:47:03.685] imu_att:-2.230,4.323,-1.045,-171.480,2.786,2.390
[17:47:03.726] imu_att:-2.244,4.336,-1.047,-172.637,2.199,2.361
[17:47:03.766] imu_att:-2.261,4.267,-1.050,-172.596,2.201,2.338
[17:47:03.805] imu_att:-2.210,3.941,-1.047,-172.484,1.913,2.259
[17:47:03.845] imu_att:-2.158,3.552,-1.032,-173.726,1.163,2.157
[17:47:03.886] imu_att:-2.366,4.577,-1.032,-172.238,2.142,2.028
[17:47:03.926] imu_att:-2.295,5.253,-1.035,-170.742,3.686,2.215
[17:47:03.965] imu_att:-2.368,5.139,-1.041,-171.481,3.566,2.453
[17:47:04.005] imu_att:-1.876,5.360,-0.999,-170.684,3.790,2.693
[17:47:04.044] imu_att:-1.534,4.912,-0.859,-171.270,3.918,3.111
[17:47:04.086] imu_att:-1.720,4.035,-0.645,-172.531,2.660,3.322
[17:47:04.125] imu_att:-2.006,3.958,-0.450,-171.314,3.257,3.425
[17:47:04.165] imu_att:-2.952,5.311,-0.294,-169.161,5.250,3.770
[17:47:04.206] imu_att:-3.274,7.043,-0.291,-166.563,7.877,4.284
[17:47:04.246] imu_att:-2.868,8.760,-0.345,-164.301,10.062,4.838
[17:47:04.285] imu_att:-2.174,9.937,-0.345,-163.823,10.772,5.447
[17:47:04.325] imu_att:-2.975,11.289,-0.406,-162.546,11.728,5.998
[17:47:04.366] imu_att:-3.561,12.874,-0.627,-160.452,13.913,6.391
[17:47:04.406] imu_att:-2.819,14.469,-0.884,-160.492,14.196,6.750
[17:47:04.445] imu_att:-1.957,16.220,-1.050,-160.839,14.165,7.141
[17:47:04.485] imu_att:-1.651,17.739,-1.161,-160.466,14.279,7.712
[17:47:04.526] imu_att:-2.079,19.083,-1.255,-160.336,14.847,8.241
[17:47:04.566] imu_att:-2.232,19.967,-1.349,-160.146,14.636,8.709
[17:47:04.606] imu_att:-2.120,21.123,-1.454,-160.047,14.612,9.294
[17:47:04.645] imu_att:-2.003,22.277,-1.510,-159.557,15.159,9.868
[17:47:04.685] imu_att:-1.756,23.014,-1.519,-159.791,15.122,10.490
[17:47:04.726] imu_att:-1.851,23.569,-1.489,-159.347,15.452,11.154
[17:47:04.765] imu_att:-1.802,23.518,-1.408,-159.411,15.311,11.870
[17:47:04.805] imu_att:-1.972,23.227,-1.311,-159.531,15.311,12.596
[17:47:04.845] imu_att:-2.545,23.138,-1.267,-158.810,15.888,13.227
[17:47:04.886] imu_att:-2.517,22.614,-1.260,-158.734,15.944,13.761
[17:47:04.926] imu_att:-2.429,21.683,-1.266,-159.201,15.723,14.183
[17:47:04.965] imu_att:-2.272,20.553,-1.269,-159.475,15.301,14.468
[17:47:05.005] imu_att:-2.621,19.569,-1.307,-159.687,15.126,14.609
[17:47:05.046] imu_att:-2.902,18.609,-1.400,-159.387,15.463,14.691
[17:47:05.086] imu_att:-2.427,17.074,-1.516,-160.308,14.595,14.682
[17:47:05.125] imu_att:-2.523,15.642,-1.648,-160.937,13.931,14.495
[17:47:05.165] imu_att:-2.022,13.766,-1.718,-162.056,13.064,14.281
[17:47:05.206] imu_att:-1.791,12.040,-1.715,-163.615,11.312,13.890
[17:47:05.246] imu_att:-2.189,10.718,-1.698,-165.101,10.171,13.374
[17:47:05.285] imu_att:-2.101,9.436,-1.654,-165.424,9.454,12.858
[17:47:05.325] imu_att:-2.520,8.173,-1.623,-166.851,8.210,12.325
[17:47:05.364] imu_att:-2.673,6.922,-1.624,-168.418,6.845,11.816
[17:47:05.406] imu_att:-2.593,5.539,-1.636,-169.921,5.088,11.180
[17:47:05.445] imu_att:-2.439,5.172,-1.638,-172.449,3.125,10.609
[17:47:05.485] imu_att:-2.264,5.010,-1.570,-171.762,2.801,10.105
[17:47:05.524] imu_att:-1.895,3.960,-1.560,-173.344,1.731,9.598
[17:47:05.566] imu_att:-2.553,4.023,-1.550,-173.724,0.858,8.974
[17:47:05.605] imu_att:-2.401,4.211,-1.580,-174.000,1.199,8.424
[17:47:05.645] imu_att:-1.805,4.220,-1.564,-174.178,0.720,7.801
[17:47:05.686] imu_att:-2.011,4.495,-1.558,-174.057,0.774,7.224
[17:47:05.725] imu_att:-1.988,4.401,-1.555,-174.694,0.469,6.701
[17:47:05.765] imu_att:-2.004,4.184,-1.553,-174.303,0.678,6.057
[17:47:05.805] imu_att:-2.025,4.247,-1.553,-174.199,0.538,5.467
[17:47:05.845] imu_att:-2.019,4.232,-1.552,-174.103,0.733,4.876
[17:47:05.886] imu_att:-2.013,4.224,-1.552,-173.661,0.957,4.342
[17:47:05.925] imu_att:-2.015,4.288,-1.555,-174.169,0.721,3.699
[17:47:05.965] imu_att:-1.979,4.336,-1.553,-174.193,0.955,3.179
[17:47:06.005] imu_att:-2.002,4.241,-1.554,-174.320,0.478,2.700
[17:47:06.046] imu_att:-1.995,4.262,-1.553,-174.506,0.332,2.247
[17:47:06.085] imu_att:-2.013,4.248,-1.555,-174.457,0.418,1.903
[17:47:06.125] imu_att:-2.006,4.244,-1.558,-174.178,0.705,1.663
[17:47:06.165] imu_att:-1.997,4.214,-1.558,-174.210,0.295,1.420
[17:47:06.206] imu_att:-2.002,4.233,-1.558,-174.191,0.565,1.265
[17:47:06.246] imu_att:-1.999,4.310,-1.560,-173.891,0.707,1.169
[17:47:06.285] imu_att:-1.955,4.688,-1.563,-173.537,1.341,1.162
[17:47:06.325] imu_att:-1.955,3.711,-1.561,-174.707,0.261,1.097
[17:47:06.366] imu_att:-1.983,3.815,-1.554,-174.809,-0.152,0.869
[17:47:06.406] imu_att:-1.940,4.185,-1.536,-174.016,0.671,0.799
[17:47:06.445] imu_att:-2.039,3.803,-1.527,-175.027,-0.061,0.716
[17:47:06.485] imu_att:-2.041,3.955,-1.528,-174.450,-0.139,0.509
[17:47:06.526] imu_att:-2.007,4.790,-1.515,-173.037,1.400,0.566
[17:47:06.566] imu_att:-1.979,5.014,-1.441,-172.887,1.951,0.851
[17:47:06.605] imu_att:-1.971,4.658,-1.247,-172.832,1.978,1.220
[17:47:06.645] imu_att:-1.873,3.316,-1.074,-174.920,0.717,1.387
[17:47:06.686] imu_att:-1.807,1.340,-0.915,-176.642,-1.705,1.113
[17:47:06.726] imu_att:-1.563,0.087,-0.886,-178.086,-3.217,0.594
[17:47:06.765] imu_att:-1.517,-1.781,-0.987,178.187,-6.304,-0.180
[17:47:06.805] imu_att:-1.625,-3.692,-1.161,174.080,-9.985,-0.969
[17:47:06.845] imu_att:-1.791,-5.367,-1.355,169.982,-14.100,-1.780
[17:47:06.886] imu_att:-1.745,-6.531,-1.587,166.840,-17.559,-2.631
[17:47:06.925] imu_att:-1.818,-7.783,-1.789,163.418,-20.772,-3.392
[17:47:06.965] imu_att:-1.772,-9.608,-1.993,156.828,-27.052,-4.281
[17:47:07.005] imu_att:-1.864,-11.319,-2.137,151.995,-32.221,-5.051
[17:47:07.046] imu_att:-1.949,-12.018,-2.244,149.924,-34.944,-5.786
[17:47:07.086] imu_att:-2.031,-12.132,-2.338,148.460,-36.470,-6.447
[17:47:07.125] imu_att:-2.247,-12.207,-2.435,147.683,-37.132,-7.239
[17:47:07.165] imu_att:-2.403,-12.118,-2.446,147.945,-38.278,-7.884
[17:47:07.206] imu_att:-2.196,-11.747,-2.447,148.385,-37.045,-8.522
[17:47:07.246] imu_att:-1.941,-11.293,-2.446,152.657,-33.868,-9.159
[17:47:07.286] imu_att:-1.963,-10.925,-2.409,150.680,-34.504,-9.763
[17:47:07.325] imu_att:-2.048,-10.709,-2.344,152.777,-32.934,-10.341
[17:47:07.366] imu_att:-1.915,-10.480,-2.266,153.517,-31.933,-10.843
[17:47:07.406] imu_att:-1.759,-10.114,-2.195,154.672,-30.448,-11.483
[17:47:07.445] imu_att:-1.751,-9.889,-2.159,155.975,-29.628,-12.097
[17:47:07.485] imu_att:-1.796,-9.790,-2.144,156.083,-29.166,-12.733
[17:47:07.526] imu_att:-1.816,-9.693,-2.121,157.855,-28.052,-13.364
[17:47:07.566] imu_att:-1.838,-9.184,-2.100,158.436,-27.127,-13.934
[17:47:07.605] imu_att:-1.800,-8.258,-2.120,161.475,-23.979,-14.678
[17:47:07.645] imu_att:-1.715,-7.027,-2.172,165.405,-20.666,-15.323
[17:47:07.686] imu_att:-1.836,-5.309,-2.190,170.036,-16.473,-15.936
[17:47:07.726] imu_att:-2.018,-3.888,-2.142,171.898,-14.067,-15.813
[17:47:07.765] imu_att:-1.862,-2.366,-2.070,174.532,-11.147,-15.176
[17:47:07.805] imu_att:-1.917,-1.687,-1.988,177.394,-8.315,-14.606
[17:47:07.845] imu_att:-1.963,-0.869,-1.841,178.570,-7.019,-13.916
[17:47:07.886] imu_att:-1.768,0.167,-1.716,-179.298,-4.854,-13.190
[17:47:07.925] imu_att:-1.609,0.960,-1.694,-177.928,-3.593,-12.619
[17:47:07.965] imu_att:-1.736,1.502,-1.687,-177.680,-3.360,-12.062
[17:47:08.005] imu_att:-1.743,2.145,-1.674,-177.082,-2.532,-11.496
[17:47:08.046] imu_att:-1.732,2.742,-1.688,-175.915,-1.500,-10.955
[17:47:08.085] imu_att:-1.768,3.329,-1.700,-175.670,-1.015,-10.411
[17:47:08.126] imu_att:-1.737,4.772,-1.736,-173.973,0.662,-9.887
[17:47:08.165] imu_att:-1.962,4.515,-1.713,-174.262,0.772,-9.303
[17:47:08.206] imu_att:-1.865,4.001,-1.743,-174.904,-0.102,-8.769
[17:47:08.246] imu_att:-1.936,3.353,-1.754,-175.661,-0.760,-8.214
[17:47:08.285] imu_att:-1.919,3.612,-1.760,-175.981,-0.828,-7.652
[17:47:08.325] imu_att:-1.948,3.678,-1.758,-175.569,-0.840,-7.138
[17:47:08.366] imu_att:-1.941,3.782,-1.750,-175.104,-0.434,-6.500
[17:47:08.406] imu_att:-1.994,4.224,-1.737,-174.268,0.369,-5.912
[17:47:08.445] imu_att:-2.005,4.866,-1.738,-173.266,1.627,-5.336
[17:47:08.485] imu_att:-1.944,4.442,-1.737,-173.413,1.419,-4.757
[17:47:08.525] imu_att:-1.921,4.152,-1.737,-174.398,0.518,-4.234
[17:47:08.565] imu_att:-1.947,3.985,-1.738,-174.294,0.388,-3.651
[17:47:08.605] imu_att:-1.969,3.963,-1.740,-174.713,0.258,-3.010
[17:47:08.645] imu_att:-1.940,4.061,-1.741,-174.525,0.211,-2.439
[17:47:08.685] imu_att:-1.933,4.143,-1.742,-174.561,0.149,-1.954
[17:47:08.726] imu_att:-1.955,4.207,-1.745,-174.664,0.284,-1.532
[17:47:08.766] imu_att:-1.939,4.208,-1.745,-174.783,0.294,-1.214
[17:47:08.805] imu_att:-1.947,4.149,-1.746,-174.808,-0.107,-1.023
[17:47:08.845] imu_att:-1.951,4.134,-1.748,-174.393,0.176,-0.845
[17:47:08.886] imu_att:-1.953,4.169,-1.749,-174.070,0.628,-0.603
[17:47:08.926] imu_att:-1.973,4.166,-1.752,-174.384,0.257,-0.433
[17:47:08.965] imu_att:-1.953,4.155,-1.752,-175.439,-0.339,-0.332
[17:47:09.005] imu_att:-1.958,4.229,-1.753,-173.876,0.381,-0.301
[17:47:09.044] imu_att:-1.953,4.200,-1.755,-174.561,0.256,-0.156
[17:47:09.086] imu_att:-1.945,4.207,-1.755,-174.175,0.542,-0.090
[17:47:09.125] imu_att:-1.947,4.102,-1.756,-174.665,0.364,0.005
[17:47:09.165] imu_att:-1.952,4.204,-1.757,-173.870,0.636,0.069
[17:47:09.205] imu_att:-1.966,4.330,-1.761,-174.287,0.423,0.150
[17:47:09.246] imu_att:-1.988,4.045,-1.763,-174.959,0.121,0.174
[17:47:09.285] imu_att:-1.979,4.102,-1.762,-174.352,0.048,0.122
[17:47:09.325] imu_att:-1.915,4.421,-1.762,-174.235,0.514,0.166
[17:47:09.366] imu_att:-1.872,3.964,-1.750,-174.009,0.704,0.266
[17:47:09.406] imu_att:-1.961,3.415,-1.742,-175.056,-0.301,0.220
[17:47:09.446] imu_att:-1.799,4.134,-1.690,-174.540,-0.119,0.069
[17:47:09.485] imu_att:-1.927,4.906,-1.640,-172.940,1.588,0.287
[17:47:09.525] imu_att:-2.053,3.258,-1.586,-175.639,-0.187,0.482
[17:47:09.566] imu_att:-1.789,4.314,-1.480,-172.701,1.141,0.511
[17:47:09.606] imu_att:-2.128,5.306,-1.280,-171.155,2.998,0.981
[17:47:09.645] imu_att:-2.324,4.951,-0.465,-171.330,3.465,2.172
[17:47:09.685] imu_att:-2.310,5.600,0.869,-168.030,5.898,3.852
[17:47:09.726] imu_att:-1.136,6.433,2.465,-165.392,8.714,5.978
[17:47:09.766] imu_att:3.664,5.931,4.916,-166.896,8.265,8.693
[17:47:09.805] imu_att:-0.835,7.566,7.298,-161.213,12.227,11.056
[17:47:09.845] imu_att:-2.879,5.370,9.410,-161.712,13.910,13.505
[17:47:09.885] imu_att:-2.057,4.426,11.586,-160.037,14.556,15.586
[17:47:09.926] imu_att:-2.621,4.749,13.703,-158.239,16.009,17.387
[17:47:09.965] imu_att:-2.887,4.850,15.436,-156.587,18.007,18.940
[17:47:10.005] imu_att:-3.364,5.232,17.569,-153.718,20.481,20.910
[17:47:10.045] imu_att:-3.720,5.890,19.923,-149.005,24.950,23.420
[17:47:10.086] imu_att:-1.379,6.737,22.271,-147.640,27.013,26.069
[17:47:10.125] imu_att:-1.233,6.770,25.069,-144.008,29.862,28.981
[17:47:10.165] imu_att:-4.194,6.286,27.707,-135.410,37.444,32.112
[17:47:10.205] imu_att:-6.834,4.283,30.356,-129.959,43.113,35.369
[17:47:10.246] imu_att:-5.487,3.417,33.458,-128.934,44.762,39.082
[17:47:10.285] imu_att:-4.529,4.527,36.964,-126.176,47.757,43.201
[17:47:10.325] imu_att:-4.199,4.142,40.604,-124.994,49.597,47.428
[17:47:10.365] imu_att:-5.201,4.053,43.893,-118.735,54.617,51.162
[17:47:10.404] imu_att:-5.082,3.348,47.557,-117.604,56.878,55.302
[17:47:10.446] imu_att:-4.354,4.796,51.175,-113.671,60.500,59.305
[17:47:10.485] imu_att:-3.924,5.078,54.088,-111.690,62.322,62.274
[17:47:10.525] imu_att:-2.712,4.541,56.819,-111.404,62.961,64.830
[17:47:10.566] imu_att:-3.160,4.359,59.336,-109.012,65.450,67.025
[17:47:10.606] imu_att:-3.843,3.792,61.498,-104.849,69.372,69.097
[17:47:10.645] imu_att:-1.302,6.300,63.402,-106.093,68.563,70.807
[17:47:10.685] imu_att:0.736,7.676,65.261,-107.082,66.560,72.092
[17:47:10.725] imu_att:-0.038,6.548,66.936,-104.411,69.591,73.181
[17:47:10.766] imu_att:-0.978,5.154,68.534,-99.181,74.157,74.361
[17:47:10.805] imu_att:-1.801,3.817,70.230,-96.531,77.028,76.125
[17:47:10.845] imu_att:-4.193,3.566,72.187,-90.044,82.999,78.521
[17:47:10.884] imu_att:-3.795,3.700,73.815,-88.999,86.016,80.702
[17:47:10.926] imu_att:-2.867,4.556,75.590,-86.166,87.648,83.154
[17:47:10.966] imu_att:-3.782,5.184,76.997,-81.999,91.865,85.179
[17:47:11.005] imu_att:-4.236,5.683,78.113,-80.046,94.374,86.852
[17:47:11.045] imu_att:-4.823,4.268,79.337,-77.421,97.413,88.760
[17:47:11.086] imu_att:-4.759,3.769,80.539,-75.611,98.849,90.586
[17:47:11.125] imu_att:-4.961,4.121,81.677,-74.100,100.241,92.286
[17:47:11.165] imu_att:-4.996,4.924,82.783,-71.750,102.087,94.082
[17:47:11.205] imu_att:-4.054,5.158,83.454,-72.814,101.890,95.384
[17:47:11.246] imu_att:-2.890,5.355,83.937,-75.550,100.091,96.497
[17:47:11.286] imu_att:-2.146,5.571,84.221,-76.110,98.942,97.306
[17:47:11.325] imu_att:-0.929,5.019,84.400,-77.945,97.035,97.597
[17:47:11.365] imu_att:-1.770,4.604,84.589,-75.862,98.494,97.788
[17:47:11.406] imu_att:-2.035,5.035,84.820,-74.161,100.275,98.318
[17:47:11.446] imu_att:-1.784,5.228,84.998,-76.474,99.084,98.780
[17:47:11.485] imu_att:-1.559,5.037,85.059,-75.620,98.855,98.857
[17:47:11.525] imu_att:-1.657,4.912,85.018,-75.284,99.632,98.998
[17:47:11.564] imu_att:-2.013,4.565,84.929,-74.121,100.241,99.110
[17:47:11.606] imu_att:-2.437,4.408,84.734,-73.038,101.427,99.327
[17:47:11.645] imu_att:-1.629,3.904,84.540,-75.855,99.495,99.394
[17:47:11.685] imu_att:-1.250,3.929,84.532,-76.632,98.192,99.277
[17:47:11.726] imu_att:-0.727,4.959,84.668,-78.743,96.509,99.100
[17:47:11.766] imu_att:-1.400,6.239,84.746,-77.640,96.717,98.763
[17:47:11.805] imu_att:-1.385,6.541,84.800,-77.755,97.474,98.632
[17:47:11.845] imu_att:-2.287,6.421,84.795,-76.149,98.385,98.519
[17:47:11.885] imu_att:-1.699,5.302,84.821,-76.648,98.432,98.525
[17:47:11.926] imu_att:-1.474,4.701,84.825,-75.708,98.596,98.520
[17:47:11.965] imu_att:-1.532,5.020,84.830,-75.291,98.869,98.633
[17:47:12.005] imu_att:-1.509,5.056,84.837,-75.790,99.244,98.783
[17:47:12.045] imu_att:-1.598,4.661,84.836,-75.336,99.382,98.912
[17:47:12.086] imu_att:-1.597,4.908,84.850,-74.871,99.684,99.087
[17:47:12.126] imu_att:-1.546,5.553,84.899,-74.793,99.619,99.238
[17:47:12.165] imu_att:-2.250,4.697,85.010,-72.033,102.154,99.704
[17:47:12.205] imu_att:-1.581,3.133,85.265,-71.984,102.623,100.452
[17:47:12.246] imu_att:-1.904,3.157,85.551,-70.055,104.138,101.220
[17:47:12.285] imu_att:-2.138,3.080,86.079,-70.138,104.118,102.172
[17:47:12.325] imu_att:-2.105,2.638,86.890,-69.598,105.719,103.549
[17:47:12.366] imu_att:-1.503,4.255,87.474,-70.464,104.302,104.416
[17:47:12.406] imu_att:-1.356,5.610,87.830,-71.377,103.787,104.718
[17:47:12.446] imu_att:-1.445,5.988,87.880,-69.736,104.795,104.722
[17:47:12.485] imu_att:-1.736,5.179,87.816,-68.735,105.605,104.746
[17:47:12.525] imu_att:-1.728,4.088,87.770,-68.154,106.316,104.967
[17:47:12.566] imu_att:-1.515,3.710,87.779,-68.643,106.539,105.327
[17:47:12.606] imu_att:-1.462,4.166,87.824,-67.705,106.553,105.632
[17:47:12.645] imu_att:-1.513,4.515,87.887,-68.335,106.544,105.909
[17:47:12.685] imu_att:-1.923,4.419,88.027,-66.283,107.508,106.224
[17:47:12.726] imu_att:-2.544,4.724,88.435,-65.494,108.984,107.009
[17:47:12.766] imu_att:-2.443,4.198,89.127,-65.171,109.434,108.083
[17:47:12.806] imu_att:-2.322,3.101,89.974,-63.162,110.649,109.241
[17:47:12.845] imu_att:-1.670,3.077,90.730,-64.598,110.507,110.227
[17:47:12.885] imu_att:-1.059,4.740,91.053,-65.610,109.662,110.548
[17:47:12.926] imu_att:-1.353,5.026,91.009,-65.230,108.900,110.234
[17:47:12.965] imu_att:-1.612,4.463,90.971,-64.039,110.718,110.242
[17:47:13.005] imu_att:-1.864,4.386,90.907,-64.040,110.909,110.308
[17:47:13.045] imu_att:-1.674,4.241,90.823,-63.927,110.873,110.382
[17:47:13.086] imu_att:-1.506,4.593,90.737,-64.804,110.195,110.377
[17:47:13.125] imu_att:-1.814,4.803,90.698,-63.880,110.559,110.354
[17:47:13.165] imu_att:-1.849,4.312,90.715,-62.960,111.003,110.431
[17:47:13.205] imu_att:-1.876,4.285,90.725,-64.176,110.686,110.568
[17:47:13.246] imu_att:-1.855,4.178,90.714,-63.428,111.137,110.652
[17:47:13.286] imu_att:-1.705,3.918,90.720,-63.473,111.317,110.822
[17:47:13.325] imu_att:-1.779,4.077,90.719,-63.751,111.016,110.911
[17:47:13.365] imu_att:-1.786,4.079,90.720,-63.299,111.428,111.004
[17:47:13.404] imu_att:-1.803,4.109,90.727,-64.540,111.114,111.101
[17:47:13.446] imu_att:-1.971,3.687,90.713,-62.615,111.739,111.162
[17:47:13.485] imu_att:-1.848,3.865,90.714,-63.148,111.503,111.270
[17:47:13.525] imu_att:-1.687,4.216,90.731,-65.291,110.512,111.288
[17:47:13.565] imu_att:-1.876,4.739,90.736,-63.084,111.454,111.267
[17:47:13.606] imu_att:-1.797,4.844,90.738,-64.095,110.531,111.286
[17:47:13.645] imu_att:-1.784,4.572,90.738,-64.998,109.957,111.118
[17:47:13.685] imu_att:-1.790,4.408,90.737,-63.533,111.160,111.093
[17:47:13.724] imu_att:-1.781,4.341,90.735,-64.460,110.777,111.126
[17:47:13.766] imu_att:-1.776,4.293,90.732,-63.758,110.992,111.106
[17:47:13.805] imu_att:-1.831,4.232,90.722,-64.977,110.481,111.101
[17:47:13.845] imu_att:-1.762,4.114,90.718,-64.517,110.476,111.047
[17:47:13.885] imu_att:-1.792,4.152,90.716,-64.370,110.385,110.960
[17:47:13.926] imu_att:-1.726,4.493,90.726,-64.139,110.600,110.960
[17:47:13.966] imu_att:-1.848,4.549,90.726,-63.996,110.264,110.871
[17:47:14.005] imu_att:-1.868,4.178,90.718,-63.922,110.818,110.859
[17:47:14.045] imu_att:-1.744,3.774,90.707,-63.150,111.549,110.975
[17:47:14.086] imu_att:-1.742,4.447,90.709,-64.473,110.859,111.098
[17:47:14.126] imu_att:-1.772,4.457,90.710,-64.176,110.488,111.041
[17:47:14.166] imu_att:-1.792,4.321,90.708,-64.153,110.512,110.973
[17:47:14.205] imu_att:-1.848,4.308,90.696,-64.308,110.404,110.906
[17:47:14.246] imu_att:-1.776,4.316,90.692,-64.804,110.022,110.819
[17:47:14.286] imu_att:-1.772,4.310,90.690,-65.310,109.789,110.707
[17:47:14.325] imu_att:-1.791,4.307,90.689,-64.169,109.948,110.579
[17:47:14.365] imu_att:-1.776,4.293,90.688,-63.790,110.864,110.625
[17:47:14.406] imu_att:-1.759,4.300,90.690,-64.315,111.032,110.783
[17:47:14.446] imu_att:-1.761,4.326,90.695,-64.028,110.640,110.832
[17:47:14.485] imu_att:-1.799,4.313,90.698,-63.522,111.120,110.890
[17:47:14.525] imu_att:-1.803,4.361,90.701,-63.829,110.802,110.927
[17:47:14.565] imu_att:-1.837,4.089,90.689,-64.141,110.329,110.885
[17:47:14.606] imu_att:-2.044,4.694,90.641,-63.977,110.717,110.835
[17:47:14.645] imu_att:-1.957,4.216,90.576,-64.826,109.760,110.688
[17:47:14.685] imu_att:-2.104,4.263,90.497,-65.419,109.411,110.450
[17:47:14.725] imu_att:-2.665,4.637,90.311,-64.644,110.304,110.264
[17:47:14.766] imu_att:-1.877,5.077,90.048,-68.179,107.556,109.838
[17:47:14.805] imu_att:-3.463,5.331,89.442,-67.884,107.267,108.840
[17:47:14.845] imu_att:-3.607,4.909,88.237,-68.269,106.855,107.504
[17:47:14.885] imu_att:-2.555,4.819,87.159,-71.123,104.268,106.221
[17:47:14.926] imu_att:-2.228,5.370,85.647,-75.158,100.345,104.171
[17:47:14.966] imu_att:-3.937,5.287,84.198,-74.643,99.816,102.229
[17:47:15.005] imu_att:-4.201,5.508,82.055,-77.176,97.819,99.662
[17:47:15.045] imu_att:-4.105,5.859,80.099,-79.150,95.686,97.392
[17:47:15.087] imu_att:-3.455,3.354,77.483,-83.300,92.130,94.403
[17:47:15.126] imu_att:-6.178,3.748,75.181,-82.398,92.209,91.814
[17:47:15.165] imu_att:-4.857,3.465,72.692,-87.497,88.933,89.544
[17:47:15.205] imu_att:-6.238,4.566,69.722,-87.758,87.414,86.519
[17:47:15.245] imu_att:-4.556,4.978,66.514,-90.372,85.208,83.647
[17:47:15.286] imu_att:-3.076,4.645,63.502,-99.717,76.440,80.286
[17:47:15.325] imu_att:-5.477,5.006,61.165,-97.995,75.688,77.414
[17:47:15.365] imu_att:-5.522,5.552,58.760,-101.374,74.525,74.969
[17:47:15.404] imu_att:-5.316,6.316,55.794,-103.911,71.646,71.936
[17:47:15.446] imu_att:-4.631,6.687,52.524,-108.119,67.691,68.582
[17:47:15.485] imu_att:-4.927,6.269,49.320,-110.560,65.307,65.340
[17:47:15.525] imu_att:-6.544,5.844,45.558,-111.334,63.566,61.790
[17:47:15.565] imu_att:-7.258,4.677,41.464,-114.807,60.314,58.179
[17:47:15.606] imu_att:-7.949,3.847,37.871,-117.490,57.746,55.141
[17:47:15.645] imu_att:-8.322,4.391,34.752,-118.568,56.491,52.589
[17:47:15.685] imu_att:-6.056,4.457,31.047,-125.296,50.522,49.426
[17:47:15.725] imu_att:-5.315,4.212,27.984,-127.677,47.324,46.489
[17:47:15.766] imu_att:-6.228,4.398,24.322,-133.122,42.306,42.971
[17:47:15.806] imu_att:-5.674,4.352,21.204,-137.332,38.334,39.668
[17:47:15.845] imu_att:-4.782,4.065,18.584,-142.018,33.846,36.681
[17:47:15.885] imu_att:-4.311,3.797,15.947,-146.180,29.369,33.478
[17:47:15.926] imu_att:-5.244,4.323,13.213,-148.360,27.048,30.120
[17:47:15.966] imu_att:-2.924,4.457,11.268,-152.356,23.557,27.662
[17:47:16.005] imu_att:-3.014,4.223,9.401,-155.217,19.681,25.168
[17:47:16.045] imu_att:-4.139,5.044,7.923,-154.388,20.315,23.120
[17:47:16.085] imu_att:-2.902,5.629,6.890,-156.053,18.910,21.533
[17:47:16.126] imu_att:-4.012,4.651,6.165,-157.108,18.207,20.391
[17:47:16.166] imu_att:-3.277,2.425,5.289,-162.370,13.535,18.951
[17:47:16.205] imu_att:-2.778,2.280,4.456,-163.096,11.585,17.539
[17:47:16.244] imu_att:-2.477,3.866,3.771,-162.537,12.147,16.273
[17:47:16.286] imu_att:-3.406,4.575,3.438,-161.918,12.931,15.391
[17:47:16.326] imu_att:-2.832,5.186,3.430,-161.302,12.925,14.887
[17:47:16.365] imu_att:-2.570,5.109,3.472,-161.613,13.099,14.628
[17:47:16.405] imu_att:-2.520,4.698,3.498,-161.992,12.713,14.319
[17:47:16.446] imu_att:-2.763,4.356,3.484,-163.140,11.711,13.898
[17:47:16.486] imu_att:-2.504,4.799,3.384,-162.072,12.380,13.453
[17:47:16.525] imu_att:-2.453,5.281,3.279,-161.371,13.110,13.263
[17:47:16.565] imu_att:-2.725,5.088,3.270,-161.835,12.837,13.201
[17:47:16.606] imu_att:-2.634,4.519,3.278,-162.823,11.623,12.968
[17:47:16.646] imu_att:-2.526,3.859,3.289,-163.479,11.484,12.742
[17:47:16.685] imu_att:-2.418,3.465,3.300,-164.989,10.133,12.424
[17:47:16.725] imu_att:-2.361,3.895,3.296,-163.947,10.414,11.977
[17:47:16.764] imu_att:-2.198,5.335,3.125,-162.209,12.201,11.682
[17:47:16.806] imu_att:-1.936,5.492,2.737,-162.442,12.674,11.511
[17:47:16.845] imu_att:-2.769,4.207,2.463,-164.121,10.696,11.288
[17:47:16.885] imu_att:-2.850,4.075,2.378,-164.054,10.526,11.081
[17:47:16.925] imu_att:-2.656,4.181,2.301,-164.869,10.261,10.897
[17:47:16.966] imu_att:-2.217,4.401,2.185,-164.284,10.215,10.662
[17:47:17.005] imu_att:-2.572,3.641,1.922,-165.566,9.048,10.199
[17:47:17.045] imu_att:-2.155,4.004,1.648,-166.121,8.543,9.704
[17:47:17.085] imu_att:-2.625,5.077,1.451,-163.999,10.487,9.510
[17:47:17.126] imu_att:-2.794,5.685,1.338,-162.696,12.019,9.783
[17:47:17.166] imu_att:-2.689,5.061,1.188,-164.317,10.597,9.892
[17:47:17.205] imu_att:-2.566,4.812,0.852,-164.738,10.177,9.680
[17:47:17.245] imu_att:-2.047,4.641,0.515,-166.276,9.110,9.359
[17:47:17.286] imu_att:-2.211,4.813,0.125,-165.186,9.205,8.941
[17:47:17.326] imu_att:-2.592,4.791,-0.216,-166.251,8.975,8.699
[17:47:17.365] imu_att:-2.913,4.696,-0.417,-166.814,8.345,8.539
[17:47:17.405] imu_att:-2.666,4.467,-0.446,-166.755,8.184,8.496
[17:47:17.446] imu_att:-2.475,4.440,-0.436,-166.040,8.739,8.499
[17:47:17.486] imu_att:-2.530,4.296,-0.437,-167.230,7.584,8.376
[17:47:17.525] imu_att:-2.687,4.621,-0.493,-165.222,8.927,8.311
[17:47:17.565] imu_att:-2.556,4.789,-0.558,-166.838,8.346,8.376
[17:47:17.604] imu_att:-2.184,4.895,-0.753,-166.703,8.115,8.154
[17:47:17.645] imu_att:-2.557,5.142,-0.958,-166.121,8.563,8.010
[17:47:17.685] imu_att:-3.003,5.000,-1.092,-166.109,8.703,8.064
[17:47:17.725] imu_att:-2.676,4.422,-1.229,-166.773,8.309,8.045
[17:47:17.764] imu_att:-2.521,4.784,-1.422,-166.976,7.876,7.871
[17:47:17.806] imu_att:-2.236,4.547,-1.569,-167.966,7.184,7.670
[17:47:17.845] imu_att:-2.669,4.181,-1.595,-167.851,6.957,7.520
[17:47:17.885] imu_att:-2.560,4.713,-1.584,-167.296,7.443,7.515
[17:47:17.925] imu_att:-2.428,4.810,-1.571,-166.771,8.036,7.596
[17:47:17.965] imu_att:-2.169,4.746,-1.510,-167.593,7.207,7.676
[17:47:18.005] imu_att:-2.497,4.355,-1.445,-167.401,7.369,7.660
[17:47:18.045] imu_att:-2.703,4.170,-1.436,-168.433,6.883,7.618
[17:47:18.085] imu_att:-2.353,4.161,-1.397,-167.384,7.346,7.560
[17:47:18.126] imu_att:-2.750,3.386,-1.409,-169.113,6.128,7.397
[17:47:18.165] imu_att:-2.350,3.700,-1.371,-169.257,5.371,7.096
[17:47:18.205] imu_att:-2.474,4.603,-1.348,-167.524,6.901,6.950
[17:47:18.245] imu_att:-2.543,5.241,-1.340,-166.424,8.242,7.108
[17:47:18.286] imu_att:-2.548,5.366,-1.342,-166.095,8.864,7.441
[17:47:18.326] imu_att:-2.503,4.626,-1.345,-167.392,7.637,7.573
[17:47:18.365] imu_att:-2.517,4.582,-1.348,-166.963,7.781,7.604
[17:47:18.405] imu_att:-2.486,4.496,-1.350,-168.427,6.609,7.554
[17:47:18.446] imu_att:-2.501,4.530,-1.353,-166.926,7.151,7.401
[17:47:18.486] imu_att:-2.483,4.558,-1.356,-167.300,7.666,7.442
[17:47:18.525] imu_att:-2.471,4.324,-1.360,-167.669,7.086,7.412
[17:47:18.565] imu_att:-2.462,4.289,-1.362,-167.600,6.929,7.324
[17:47:18.604] imu_att:-2.498,4.668,-1.365,-168.247,7.101,7.274
[17:47:18.646] imu_att:-2.491,4.445,-1.370,-167.431,7.066,7.166
[17:47:18.685] imu_att:-2.537,4.703,-1.381,-166.962,7.433,7.117
[17:47:18.725] imu_att:-2.606,5.344,-1.413,-166.388,8.639,7.306
[17:47:18.764] imu_att:-3.185,5.166,-1.530,-166.029,8.796,7.451
[17:47:18.806] imu_att:-3.279,4.494,-1.761,-167.385,7.730,7.410
[17:47:18.845] imu_att:-3.036,4.337,-2.065,-168.885,6.111,7.020
[17:47:18.885] imu_att:-4.219,4.569,-3.027,-168.884,6.837,6.124
[17:47:18.924] imu_att:-2.814,3.774,-4.728,-172.298,3.834,4.448
[17:47:18.966] imu_att:-3.116,3.504,-6.760,-174.097,1.154,2.251
[17:47:19.005] imu_att:-4.464,4.027,-9.366,-175.448,-0.448,-0.407
[17:47:19.045] imu_att:-5.313,4.961,-11.721,-176.889,-2.262,-2.753
[17:47:19.084] imu_att:-4.340,6.140,-13.812,-178.649,-3.499,-4.686
[17:47:19.126] imu_att:-5.119,7.141,-16.593,179.432,-4.805,-6.984
[17:47:19.165] imu_att:-6.984,6.346,-19.834,174.843,-8.029,-9.783
[17:47:19.205] imu_att:-5.014,5.312,-23.429,169.554,-12.805,-13.173
[17:47:19.245] imu_att:-3.304,3.802,-26.837,163.406,-20.349,-16.994
[17:47:19.286] imu_att:-1.386,2.625,-30.230,159.535,-24.914,-20.978
[17:47:19.325] imu_att:0.638,1.710,-33.475,155.722,-28.793,-24.757
[17:47:19.365] imu_att:-4.637,4.013,-36.328,153.659,-31.744,-28.266
[17:47:19.405] imu_att:-4.363,5.359,-39.022,154.723,-31.045,-31.252
[17:47:19.446] imu_att:-1.286,5.685,-43.140,151.976,-32.576,-35.006
[17:47:19.485] imu_att:-1.116,5.149,-46.832,148.346,-34.864,-38.162
[17:47:19.525] imu_att:-1.590,4.098,-51.695,143.190,-41.137,-42.660
[17:47:19.565] imu_att:0.612,2.720,-56.106,140.879,-44.281,-46.649
[17:47:19.606] imu_att:2.352,-0.148,-60.206,135.744,-47.863,-50.187
[17:47:19.646] imu_att:3.100,-1.931,-63.796,133.052,-52.029,-53.488
[17:47:19.685] imu_att:3.814,-1.506,-66.524,133.404,-51.929,-55.702
[17:47:19.725] imu_att:-1.484,2.502,-68.533,128.451,-55.839,-57.208
[17:47:19.764] imu_att:-6.796,6.236,-70.437,121.519,-62.171,-59.300
[17:47:19.806] imu_att:-3.457,3.267,-73.056,121.268,-63.951,-62.409
[17:47:19.845] imu_att:-2.099,4.269,-76.131,120.757,-64.524,-65.482
[17:47:19.885] imu_att:-1.713,4.457,-78.881,118.956,-65.932,-67.908
[17:47:19.926] imu_att:0.700,3.064,-81.534,118.118,-67.275,-70.073
[17:47:19.966] imu_att:0.874,1.724,-83.235,116.928,-67.420,-71.163
[17:47:20.005] imu_att:-2.166,4.788,-84.759,113.104,-71.822,-72.390
[17:47:20.045] imu_att:-2.419,6.509,-85.821,113.961,-71.294,-73.171
[17:47:20.085] imu_att:-3.405,5.550,-86.756,109.810,-74.549,-73.940
[17:47:20.126] imu_att:-1.179,5.545,-87.586,113.187,-73.331,-74.783
[17:47:20.165] imu_att:-0.778,4.896,-88.073,113.297,-71.743,-74.761
[17:47:20.205] imu_att:-1.776,5.919,-88.697,111.696,-73.524,-74.945
[17:47:20.245] imu_att:0.025,5.742,-89.031,114.981,-70.723,-74.738
[17:47:20.286] imu_att:-0.037,4.691,-89.155,114.603,-70.951,-74.305
[17:47:20.326] imu_att:-0.231,4.404,-89.121,113.529,-72.025,-73.755
[17:47:20.365] imu_att:-1.269,4.281,-89.065,110.993,-74.076,-73.557
[17:47:20.405] imu_att:-1.973,4.377,-89.056,109.346,-75.471,-73.779
[17:47:20.446] imu_att:-2.189,4.448,-89.094,109.312,-76.458,-74.192
[17:47:20.485] imu_att:-1.946,4.552,-89.157,108.741,-76.631,-74.666
[17:47:20.525] imu_att:-1.769,4.559,-89.175,108.108,-76.937,-75.063
[17:47:20.565] imu_att:-1.914,4.532,-89.201,107.970,-76.997,-75.429
[17:47:20.606] imu_att:-1.546,4.495,-89.183,109.393,-76.179,-75.633
[17:47:20.645] imu_att:-1.557,4.321,-89.127,108.573,-76.666,-75.745
[17:47:20.685] imu_att:-2.015,5.127,-89.089,107.766,-77.094,-75.883
[17:47:20.725] imu_att:-2.373,6.377,-89.139,108.610,-76.952,-76.136
[17:47:20.766] imu_att:-2.535,5.680,-89.272,107.207,-77.847,-76.492
[17:47:20.806] imu_att:-2.523,4.531,-89.468,105.210,-79.927,-77.104
[17:47:20.845] imu_att:-2.286,5.366,-89.703,107.190,-79.026,-77.812
[17:47:20.885] imu_att:-1.577,6.050,-89.873,108.579,-77.115,-77.930
[17:47:20.926] imu_att:-0.992,5.438,-89.918,108.307,-76.809,-77.773
[17:47:20.965] imu_att:-1.345,4.381,-89.909,107.377,-77.719,-77.638
[17:47:21.005] imu_att:-1.628,4.221,-89.887,106.773,-78.379,-77.705
[17:47:21.045] imu_att:-1.739,4.389,-89.853,106.104,-78.984,-77.835
[17:47:21.086] imu_att:-1.732,4.494,-89.803,106.648,-78.698,-78.060
[17:47:21.126] imu_att:-2.386,5.056,-89.822,105.903,-79.441,-78.316
[17:47:21.165] imu_att:-2.432,5.312,-89.919,105.964,-79.219,-78.567
[17:47:21.205] imu_att:-1.983,4.896,-90.021,107.372,-78.379,-78.736
[17:47:21.246] imu_att:-1.885,4.632,-90.112,107.338,-78.729,-78.798
[17:47:21.286] imu_att:-1.723,5.043,-90.163,106.197,-78.895,-78.821
[17:47:21.325] imu_att:-1.555,5.124,-90.157,107.521,-77.917,-78.661
[17:47:21.365] imu_att:-1.731,4.619,-90.151,106.496,-78.261,-78.522
[17:47:21.406] imu_att:-1.556,4.400,-90.113,106.703,-78.665,-78.427
[17:47:21.446] imu_att:-1.821,4.683,-90.068,106.942,-78.235,-78.301
[17:47:21.485] imu_att:-1.721,4.665,-90.005,106.413,-78.539,-78.252
[17:47:21.525] imu_att:-1.859,4.761,-89.966,107.466,-78.014,-78.269
[17:47:21.565] imu_att:-2.096,4.637,-89.960,107.583,-77.685,-78.210
[17:47:21.606] imu_att:-1.942,4.436,-89.966,107.750,-77.706,-78.168
[17:47:21.645] imu_att:-1.868,4.599,-89.965,106.970,-78.169,-78.144
[17:47:21.685] imu_att:-1.824,4.573,-89.963,107.124,-77.938,-78.099
[17:47:21.726] imu_att:-1.820,4.574,-89.964,107.081,-77.982,-78.015
[17:47:21.766] imu_att:-1.803,4.545,-89.963,107.303,-78.082,-77.988
[17:47:21.805] imu_att:-1.824,4.569,-89.962,106.859,-77.939,-77.979
[17:47:21.845] imu_att:-1.808,4.487,-89.959,106.616,-78.766,-78.104
[17:47:21.884] imu_att:-1.816,4.486,-89.956,106.128,-78.646,-78.195
[17:47:21.926] imu_att:-1.814,4.531,-89.952,105.700,-79.191,-78.271
[17:47:21.965] imu_att:-1.850,4.647,-89.950,106.288,-78.850,-78.403
[17:47:22.005] imu_att:-1.827,4.885,-89.951,106.565,-78.644,-78.460
[17:47:22.046] imu_att:-1.852,4.745,-89.951,106.171,-79.005,-78.549
[17:47:22.086] imu_att:-1.829,4.617,-89.953,107.179,-78.199,-78.522
[17:47:22.125] imu_att:-1.833,4.677,-89.955,106.300,-78.839,-78.511
[17:47:22.165] imu_att:-1.835,4.561,-89.956,106.927,-78.559,-78.557
[17:47:22.204] imu_att:-1.803,4.634,-89.957,106.462,-78.660,-78.569
[17:47:22.246] imu_att:-1.818,4.625,-89.958,105.796,-78.464,-78.549
[17:47:22.285] imu_att:-1.837,4.623,-89.958,107.552,-78.512,-78.539
[17:47:22.325] imu_att:-1.847,4.609,-89.957,105.945,-79.322,-78.633
[17:47:22.364] imu_att:-1.840,4.596,-89.959,106.104,-79.082,-78.685
[17:47:22.406] imu_att:-1.824,4.589,-89.961,106.399,-78.940,-78.749
[17:47:22.446] imu_att:-1.829,4.605,-89.963,106.024,-78.903,-78.767
[17:47:22.485] imu_att:-1.827,4.607,-89.966,106.317,-78.996,-78.808
[17:47:22.525] imu_att:-1.825,4.601,-89.967,106.355,-78.903,-78.841
[17:47:22.566] imu_att:-1.813,4.636,-89.970,107.222,-78.440,-78.802
[17:47:22.605] imu_att:-1.605,5.022,-89.934,107.507,-77.854,-78.615
[17:47:22.645] imu_att:-1.197,5.748,-89.797,109.019,-76.233,-78.168
[17:47:22.685] imu_att:-1.718,5.068,-89.694,109.298,-76.594,-77.842
[17:47:22.726] imu_att:-1.716,4.841,-89.532,108.205,-76.657,-77.463
[17:47:22.765] imu_att:-1.163,5.332,-89.296,109.349,-76.099,-77.063
[17:47:22.805] imu_att:-0.453,5.813,-88.588,112.471,-73.376,-75.930
[17:47:22.844] imu_att:-0.537,6.283,-87.396,114.803,-71.304,-74.192
[17:47:22.886] imu_att:-0.301,6.982,-85.872,118.814,-67.542,-72.115
[17:47:22.925] imu_att:0.247,6.192,-83.387,122.081,-63.720,-68.952
[17:47:22.965] imu_att:1.196,4.964,-80.844,124.502,-61.257,-65.853
[17:47:23.004] imu_att:2.665,2.753,-77.628,128.772,-57.716,-62.017
[17:47:23.046] imu_att:1.727,2.668,-74.006,129.820,-55.596,-57.766
[17:47:23.086] imu_att:2.652,3.157,-70.100,133.495,-52.278,-53.489
[17:47:23.125] imu_att:-0.735,6.109,-66.430,133.092,-52.396,-49.989
[17:47:23.165] imu_att:-3.756,7.031,-62.825,136.888,-47.951,-46.382
[17:47:23.206] imu_att:-3.624,4.123,-58.431,138.534,-47.762,-42.552
[17:47:23.245] imu_att:-2.354,5.463,-54.685,145.599,-42.027,-39.321
[17:47:23.285] imu_att:-1.986,7.139,-50.928,150.452,-35.121,-35.627
[17:47:23.325] imu_att:-3.706,7.205,-47.585,154.488,-31.603,-32.131
[17:47:23.366] imu_att:-3.965,7.236,-44.214,158.778,-27.662,-28.616
[17:47:23.405] imu_att:-3.178,6.883,-40.302,161.539,-24.069,-24.517
[17:47:23.445] imu_att:-3.551,5.817,-36.246,164.699,-20.983,-20.378
[17:47:23.485] imu_att:-2.426,5.191,-32.546,166.898,-18.756,-16.948
[17:47:23.526] imu_att:-2.617,6.309,-28.861,171.943,-14.597,-13.548
[17:47:23.565] imu_att:-2.327,7.230,-25.175,175.666,-9.965,-9.868
[17:47:23.605] imu_att:-3.372,6.997,-21.586,176.024,-9.115,-6.515
[17:47:23.645] imu_att:-5.875,6.686,-18.283,-177.123,-3.852,-3.538
[17:47:23.686] imu_att:-6.017,6.960,-15.298,-173.479,0.595,-0.368
[17:47:23.725] imu_att:-4.856,6.342,-12.568,-171.481,2.893,2.518
[17:47:23.765] imu_att:-5.440,5.509,-10.205,-171.182,3.380,4.763
[17:47:23.804] imu_att:-7.875,5.274,-8.620,-167.980,6.488,6.280
[17:47:23.846] imu_att:-7.559,4.595,-7.456,-168.154,6.427,7.364
[17:47:23.885] imu_att:-6.886,5.295,-6.759,-165.894,8.370,8.012
[17:47:23.925] imu_att:-5.691,5.992,-6.295,-166.150,8.510,8.533
[17:47:23.964] imu_att:-3.996,6.899,-5.699,-166.838,8.084,9.042
[17:47:24.006] imu_att:-3.014,7.262,-5.141,-167.094,7.748,9.318
[17:47:24.045] imu_att:-2.222,7.227,-4.528,-168.945,5.936,9.379
[17:47:24.085] imu_att:-2.028,7.634,-3.920,-167.451,7.267,9.480
[17:47:24.125] imu_att:-2.024,7.815,-3.414,-166.669,7.938,9.604
[17:47:24.166] imu_att:-1.345,6.803,-3.025,-168.299,7.068,9.674
[17:47:24.205] imu_att:-1.925,5.633,-2.568,-169.248,5.446,9.491
[17:47:24.245] imu_att:-3.112,5.893,-2.346,-167.600,6.889,9.155
[17:47:24.284] imu_att:-3.750,5.669,-2.304,-167.823,6.814,8.805
[17:47:24.326] imu_att:-3.962,5.582,-2.334,-167.653,6.829,8.415
[17:47:24.365] imu_att:-3.563,5.426,-2.421,-168.836,6.388,8.021
[17:47:24.405] imu_att:-3.700,5.267,-2.525,-169.348,5.587,7.578
[17:47:24.445] imu_att:-2.846,4.717,-2.697,-171.204,3.852,6.845
[17:47:24.485] imu_att:-3.135,4.555,-2.912,-172.410,2.529,6.034
[17:47:24.525] imu_att:-1.008,5.363,-2.943,-172.382,2.243,5.405
[17:47:24.565] imu_att:-1.346,6.527,-2.886,-169.762,4.485,5.144
[17:47:24.604] imu_att:-1.459,4.445,-2.775,-173.161,2.447,4.973
[17:47:24.645] imu_att:-2.467,3.263,-2.796,-174.627,0.682,4.417
[17:47:24.685] imu_att:-2.015,3.271,-2.792,-175.480,-0.533,3.757
[17:47:24.725] imu_att:-1.964,3.736,-2.790,-174.970,-0.136,3.216
[17:47:24.765] imu_att:-1.976,4.173,-2.787,-172.740,1.698,2.740
[17:47:24.806] imu_att:-1.995,4.512,-2.789,-172.683,1.977,2.541
[17:47:24.845] imu_att:-1.995,4.498,-2.792,-173.152,2.039,2.475
[17:47:24.885] imu_att:-1.986,4.230,-2.795,-173.711,1.323,2.284
[17:47:24.925] imu_att:-1.964,4.209,-2.797,-173.647,1.249,2.089
[17:47:24.965] imu_att:-1.952,4.269,-2.798,-173.522,1.107,1.909
[17:47:25.005] imu_att:-1.932,4.216,-2.800,-174.130,0.870,1.729
[17:47:25.045] imu_att:-1.935,4.229,-2.801,-172.966,1.652,1.641
[17:47:25.084] imu_att:-1.965,4.260,-2.803,-174.329,1.453,1.658
[17:47:25.124] imu_att:-1.974,4.251,-2.804,-173.959,1.296,1.579
[17:47:25.165] imu_att:-1.958,4.251,-2.805,-174.280,0.800,1.453
[17:47:25.205] imu_att:-1.956,4.255,-2.806,-173.525,1.374,1.415
[17:47:25.244] imu_att:-1.962,4.256,-2.808,-173.487,1.268,1.378
[17:47:25.285] imu_att:-1.965,4.241,-2.809,-173.905,1.036,1.286
[17:47:25.325] imu_att:-1.955,4.265,-2.811,-173.397,0.899,1.209
[17:47:25.365] imu_att:-1.959,4.257,-2.812,-173.245,1.451,1.212
[17:47:25.404] imu_att:-1.947,4.250,-2.813,-174.229,0.579,1.174
[17:47:25.445] imu_att:-1.941,4.213,-2.816,-173.938,0.770,1.055
[17:47:25.485] imu_att:-1.955,4.233,-2.817,-174.168,0.922,1.050
[17:47:25.525] imu_att:-1.938,4.238,-2.821,-173.835,1.012,1.048
[17:47:25.564] imu_att:-1.956,4.240,-2.825,-173.510,1.273,1.068
[17:47:25.605] imu_att:-1.948,4.245,-2.827,-173.958,1.165,1.097
[17:47:25.645] imu_att:-1.939,4.208,-2.827,-172.900,1.662,1.114
[17:47:25.685] imu_att:-1.943,4.161,-2.826,-174.171,0.840,1.131
[17:47:25.724] imu_att:-1.990,4.260,-2.827,-173.708,1.084,1.092
[17:47:25.764] imu_att:-1.976,4.228,-2.831,-173.273,1.607,1.140
[17:47:25.805] imu_att:-1.932,4.230,-2.835,-173.739,1.204,1.186
[17:47:25.845] imu_att:-1.948,4.232,-2.837,-174.001,0.904,1.163
[17:47:25.884] imu_att:-1.956,4.213,-2.839,-173.747,1.252,1.150
[17:47:25.924] imu_att:-1.957,4.226,-2.840,-174.117,0.977,1.145
[17:47:25.965] imu_att:-1.943,4.229,-2.843,-174.106,1.209,1.142
[17:47:26.005] imu_att:-1.934,4.238,-2.843,-173.381,1.277,1.117
[17:47:26.044] imu_att:-1.939,4.245,-2.846,-173.483,1.302,1.137
[17:47:26.084] imu_att:-1.962,4.219,-2.850,-173.543,1.713,1.203
[17:47:26.125] imu_att:-1.968,4.214,-2.852,-173.814,1.037,1.209
[17:47:26.165] imu_att:-1.963,4.225,-2.854,-173.761,1.074,1.172
[17:47:26.205] imu_att:-1.952,4.246,-2.856,-173.761,1.173,1.209
[17:47:26.244] imu_att:-1.945,4.217,-2.858,-173.725,0.909,1.143
[17:47:26.285] imu_att:-1.948,4.220,-2.860,-174.093,0.897,1.124
[17:47:26.325] imu_att:-1.961,4.237,-2.862,-173.738,1.333,1.150
[17:47:26.365] imu_att:-1.968,4.216,-2.863,-172.768,1.575,1.139
