# Serial Log - 2026-04-18T17:32:08.016641
# Port: COM36 @ 115200bps
#============================================================
[17:32:08.017] att:-3.510,1.955,-4.840,164.020,-4.137,-4.886
[17:32:08.059] imu_att:-3.507,1.961,-4.837,163.213,-5.138,-4.868
[17:32:08.098] imu_att:-3.509,1.955,-4.836,163.575,-4.996,-4.940
[17:32:08.138] imu_att:-3.502,1.941,-4.835,163.644,-4.964,-4.983
[17:32:08.177] imu_att:-3.497,1.954,-4.834,163.529,-4.964,-4.978
[17:32:08.218] imu_att:-3.504,1.963,-4.833,163.595,-4.767,-4.974
[17:32:08.258] imu_att:-3.497,1.961,-4.835,162.919,-5.439,-5.013
[17:32:08.298] imu_att:-3.518,1.948,-4.835,163.647,-5.121,-5.045
[17:32:08.337] imu_att:-3.511,1.964,-4.835,162.576,-5.446,-5.016
[17:32:08.378] imu_att:-3.506,1.953,-4.834,162.683,-5.517,-5.097
[17:32:08.418] imu_att:-3.510,1.948,-4.834,163.453,-5.343,-5.186
[17:32:08.458] imu_att:-3.521,1.948,-4.833,162.701,-5.536,-5.227
[17:32:08.497] imu_att:-3.503,1.952,-4.835,164.085,-4.341,-5.132
[17:32:08.538] imu_att:-3.512,1.945,-4.836,163.425,-4.275,-4.989
[17:32:08.578] imu_att:-3.510,1.941,-4.837,162.331,-5.405,-4.971
[17:32:08.618] imu_att:-3.515,1.941,-4.836,163.702,-4.945,-5.023
[17:32:08.657] imu_att:-3.522,1.948,-4.836,163.103,-4.950,-4.965
[17:32:08.699] imu_att:-3.516,1.941,-4.835,162.852,-4.927,-4.953
[17:32:08.738] imu_att:-3.512,1.936,-4.837,163.010,-5.006,-4.953
[17:32:08.778] imu_att:-3.513,1.925,-4.836,163.171,-4.763,-4.882
[17:32:08.817] imu_att:-3.514,1.925,-4.837,163.767,-4.485,-4.824
[17:32:08.859] imu_att:-3.515,1.945,-4.835,163.038,-4.901,-4.780
[17:32:08.898] imu_att:-3.518,1.936,-4.836,163.055,-5.207,-4.850
[17:32:08.938] imu_att:-3.520,1.946,-4.837,162.871,-5.269,-4.884
[17:32:08.978] imu_att:-3.518,1.948,-4.837,163.099,-5.282,-4.973
[17:32:09.017] imu_att:-3.516,1.939,-4.837,163.919,-4.673,-4.975
[17:32:09.059] imu_att:-3.516,1.941,-4.837,163.518,-4.888,-4.981
[17:32:09.098] imu_att:-3.512,1.935,-4.837,163.183,-4.968,-5.004
[17:32:09.138] imu_att:-3.511,1.935,-4.837,163.844,-4.506,-4.933
[17:32:09.177] imu_att:-3.503,1.945,-4.835,163.728,-4.534,-4.862
[17:32:09.218] imu_att:-3.521,1.937,-4.833,162.855,-5.481,-4.927
[17:32:09.258] imu_att:-3.523,1.942,-4.832,163.113,-5.035,-4.978
[17:32:09.298] imu_att:-3.522,1.944,-4.832,163.712,-4.701,-4.987
[17:32:09.339] imu_att:-3.513,1.939,-4.830,163.084,-5.103,-5.018
[17:32:09.379] imu_att:-3.524,1.943,-4.829,163.010,-5.244,-5.047
[17:32:09.418] imu_att:-3.505,1.940,-4.828,163.685,-4.914,-5.094
[17:32:09.458] imu_att:-3.514,1.950,-4.828,162.358,-5.311,-5.045
[17:32:09.497] imu_att:-3.511,1.949,-4.827,163.592,-4.822,-5.060
[17:32:09.539] imu_att:-3.509,1.957,-4.826,162.663,-5.339,-5.035
[17:32:09.578] imu_att:-3.508,1.968,-4.825,163.681,-4.854,-5.035
[17:32:09.618] imu_att:-3.512,1.945,-4.825,164.158,-4.882,-5.011
[17:32:09.657] imu_att:-3.500,1.943,-4.824,162.730,-5.437,-5.009
[17:32:09.698] imu_att:-3.509,1.937,-4.824,163.493,-5.171,-5.082
[17:32:09.738] imu_att:-3.515,1.945,-4.826,163.328,-4.727,-5.036
[17:32:09.778] imu_att:-3.513,1.940,-4.827,163.999,-4.437,-4.977
[17:32:09.817] imu_att:-3.524,1.930,-4.827,162.774,-5.363,-4.982
[17:32:09.859] imu_att:-3.523,1.944,-4.828,163.302,-5.028,-5.033
[17:32:09.898] imu_att:-3.518,1.937,-4.827,162.864,-5.313,-5.056
[17:32:09.938] imu_att:-3.508,1.940,-4.826,163.469,-5.159,-5.087
[17:32:09.978] imu_att:-3.513,1.937,-4.826,163.066,-5.164,-5.096
[17:32:10.017] imu_att:-3.515,1.935,-4.825,163.171,-4.862,-5.060
[17:32:10.058] imu_att:-3.518,1.930,-4.825,163.130,-4.923,-4.961
[17:32:10.098] imu_att:-3.507,1.948,-4.823,162.623,-5.560,-4.985
[17:32:10.137] imu_att:-3.506,1.951,-4.821,163.633,-4.800,-5.037
[17:32:10.178] imu_att:-3.511,1.947,-4.822,163.835,-4.907,-5.071
[17:32:10.218] imu_att:-3.496,1.950,-4.821,163.608,-4.965,-5.055
[17:32:10.258] imu_att:-3.502,1.951,-4.820,163.317,-4.909,-5.009
[17:32:10.298] imu_att:-3.503,1.949,-4.819,163.223,-5.086,-5.011
[17:32:10.339] imu_att:-3.521,1.930,-4.820,163.057,-5.170,-5.026
[17:32:10.378] imu_att:-3.499,1.926,-4.821,163.244,-5.115,-5.056
[17:32:10.418] imu_att:-3.495,1.931,-4.821,163.175,-4.760,-4.988
[17:32:10.458] imu_att:-3.492,1.937,-4.821,163.712,-4.726,-4.945
[17:32:10.497] imu_att:-3.499,1.950,-4.823,164.083,-4.294,-4.898
[17:32:10.539] imu_att:-3.521,1.942,-4.822,162.718,-5.182,-4.860
[17:32:10.578] imu_att:-3.523,1.937,-4.822,164.146,-4.949,-4.939
[17:32:10.618] imu_att:-3.520,1.946,-4.821,163.219,-5.083,-4.926
[17:32:10.657] imu_att:-3.519,1.947,-4.821,162.750,-5.550,-4.998
[17:32:10.699] imu_att:-3.520,1.944,-4.821,163.355,-4.916,-5.019
[17:32:10.738] imu_att:-3.516,1.954,-4.819,163.373,-5.058,-5.027
[17:32:10.778] imu_att:-3.511,1.941,-4.821,163.774,-4.445,-4.966
[17:32:10.817] imu_att:-3.510,1.940,-4.821,163.650,-4.016,-4.783
[17:32:10.859] imu_att:-3.507,1.945,-4.820,162.761,-5.329,-4.772
[17:32:10.898] imu_att:-3.514,1.934,-4.820,162.824,-5.259,-4.831
[17:32:10.938] imu_att:-3.519,1.942,-4.818,163.463,-4.629,-4.829
[17:32:10.977] imu_att:-3.528,1.929,-4.817,163.587,-4.583,-4.723
[17:32:11.019] imu_att:-3.505,1.932,-4.816,162.979,-5.089,-4.756
[17:32:11.059] imu_att:-3.514,1.927,-4.818,163.097,-4.988,-4.801
[17:32:11.098] imu_att:-3.518,1.926,-4.817,162.624,-5.188,-4.847
[17:32:11.137] imu_att:-3.497,1.942,-4.816,163.635,-4.523,-4.805
[17:32:11.178] imu_att:-3.523,1.936,-4.815,163.239,-5.013,-4.792
[17:32:11.218] imu_att:-3.523,1.927,-4.814,163.710,-4.572,-4.810
[17:32:11.258] imu_att:-3.529,1.924,-4.815,163.708,-4.886,-4.818
[17:32:11.297] imu_att:-3.525,1.926,-4.814,163.499,-4.769,-4.809
[17:32:11.338] imu_att:-3.520,1.928,-4.813,162.485,-5.479,-4.865
[17:32:11.378] imu_att:-3.520,1.930,-4.813,164.308,-4.430,-4.852
[17:32:11.418] imu_att:-3.517,1.932,-4.812,162.740,-5.147,-4.852
[17:32:11.457] imu_att:-3.512,1.930,-4.811,163.353,-4.987,-4.879
[17:32:11.498] imu_att:-3.519,1.934,-4.812,163.658,-5.076,-4.906
[17:32:11.538] imu_att:-3.522,1.945,-4.813,163.764,-4.682,-4.870
[17:32:11.578] imu_att:-3.498,1.939,-4.813,163.537,-5.003,-4.910
[17:32:11.617] imu_att:-3.498,1.941,-4.813,163.409,-4.547,-4.878
[17:32:11.658] imu_att:-3.510,1.960,-4.814,163.236,-4.965,-4.867
[17:32:11.698] imu_att:-3.512,1.960,-4.814,164.241,-4.885,-4.870
[17:32:11.738] imu_att:-3.521,1.947,-4.813,163.603,-4.781,-4.864
[17:32:11.778] imu_att:-3.510,1.955,-4.813,163.377,-4.883,-4.860
[17:32:11.818] imu_att:-3.507,1.955,-4.812,163.006,-5.228,-4.899
[17:32:11.858] imu_att:-3.493,1.947,-4.812,162.714,-5.172,-4.909
[17:32:11.898] imu_att:-3.507,1.951,-4.811,163.057,-5.057,-4.888
[17:32:11.938] imu_att:-3.513,1.947,-4.811,163.140,-5.244,-4.961
[17:32:11.979] imu_att:-3.517,1.943,-4.809,163.337,-5.239,-4.981
[17:32:12.019] imu_att:-3.528,1.945,-4.809,163.063,-5.040,-4.989
[17:32:12.058] imu_att:-3.509,1.936,-4.809,164.070,-4.421,-4.950
[17:32:12.098] imu_att:-3.513,1.934,-4.808,163.688,-4.577,-4.911
[17:32:12.137] imu_att:-3.510,1.931,-4.807,163.901,-4.664,-4.915
[17:32:12.179] imu_att:-3.507,1.946,-4.806,162.959,-4.944,-4.919
[17:32:12.218] imu_att:-3.520,1.946,-4.805,163.498,-4.668,-4.900
[17:32:12.258] imu_att:-3.512,1.937,-4.804,163.566,-4.812,-4.894
[17:32:12.297] imu_att:-3.524,1.943,-4.803,163.707,-4.601,-4.856
[17:32:12.339] imu_att:-3.523,1.944,-4.805,163.260,-5.534,-4.908
[17:32:12.378] imu_att:-3.519,1.927,-4.807,163.229,-5.089,-4.927
[17:32:12.418] imu_att:-3.520,1.936,-4.806,162.836,-5.118,-4.948
[17:32:12.457] imu_att:-3.523,1.939,-4.806,162.637,-5.279,-4.992
[17:32:12.498] imu_att:-3.522,1.949,-4.807,163.883,-4.558,-5.010
[17:32:12.538] imu_att:-3.512,1.954,-4.807,163.754,-4.672,-4.924
[17:32:12.578] imu_att:-3.508,1.958,-4.807,163.142,-5.180,-4.943
[17:32:12.617] imu_att:-3.520,1.942,-4.807,163.487,-4.435,-4.845
[17:32:12.658] imu_att:-3.520,1.949,-4.807,164.134,-4.285,-4.749
[17:32:12.698] imu_att:-3.515,1.951,-4.807,163.352,-4.905,-4.719
[17:32:12.738] imu_att:-3.507,1.949,-4.808,163.090,-5.195,-4.815
[17:32:12.777] imu_att:-3.514,1.952,-4.807,163.600,-4.920,-4.874
[17:32:12.818] imu_att:-3.515,1.941,-4.807,163.192,-4.982,-4.873
[17:32:12.858] imu_att:-3.497,1.938,-4.806,163.369,-5.036,-4.897
[17:32:12.898] imu_att:-3.504,1.941,-4.806,163.021,-4.835,-4.896
[17:32:12.938] imu_att:-3.508,1.941,-4.807,163.859,-4.761,-4.891
[17:32:12.978] imu_att:-3.504,1.939,-4.807,162.905,-4.998,-4.847
[17:32:13.018] imu_att:-3.510,1.953,-4.806,163.256,-4.915,-4.865
[17:32:13.058] imu_att:-3.508,1.943,-4.807,163.078,-5.078,-4.910
[17:32:13.098] imu_att:-3.508,1.939,-4.804,162.120,-5.681,-4.957
[17:32:13.139] imu_att:-3.517,1.954,-4.804,163.916,-4.569,-4.941
[17:32:13.178] imu_att:-3.506,1.934,-4.804,163.393,-4.870,-4.914
[17:32:13.218] imu_att:-3.508,1.943,-4.803,162.856,-5.118,-4.894
[17:32:13.258] imu_att:-3.490,1.953,-4.802,162.847,-5.410,-4.986
[17:32:13.297] imu_att:-3.497,1.947,-4.801,163.304,-4.960,-4.996
[17:32:13.339] imu_att:-3.494,1.946,-4.801,163.031,-5.001,-5.001
[17:32:13.378] imu_att:-3.505,1.950,-4.800,164.173,-4.579,-5.018
[17:32:13.418] imu_att:-3.504,1.953,-4.799,162.918,-4.889,-4.934
[17:32:13.457] imu_att:-3.515,1.962,-4.799,163.594,-4.984,-4.963
[17:32:13.499] imu_att:-3.523,1.948,-4.799,162.694,-5.459,-4.996
[17:32:13.538] imu_att:-3.513,1.940,-4.800,164.183,-4.173,-4.934
[17:32:13.578] imu_att:-3.492,1.938,-4.796,163.166,-4.875,-4.873
[17:32:13.617] imu_att:-3.497,1.938,-4.795,163.781,-4.812,-4.918
[17:32:13.657] imu_att:-3.509,1.943,-4.794,163.320,-4.973,-4.927
[17:32:13.698] imu_att:-3.511,1.948,-4.794,162.569,-5.550,-4.981
[17:32:13.738] imu_att:-3.526,1.928,-4.795,163.991,-4.316,-4.904
[17:32:13.777] imu_att:-3.528,1.939,-4.795,162.392,-5.574,-4.918
[17:32:13.818] imu_att:-3.515,1.953,-4.792,163.394,-4.871,-4.952
[17:32:13.858] imu_att:-3.520,1.961,-4.794,163.519,-4.956,-4.950
[17:32:13.898] imu_att:-3.505,1.946,-4.794,163.217,-4.910,-4.920
[17:32:13.938] imu_att:-3.491,1.942,-4.792,163.695,-4.781,-4.931
[17:32:13.977] imu_att:-3.523,1.938,-4.792,163.578,-4.917,-4.931
[17:32:14.019] imu_att:-3.514,1.935,-4.791,162.693,-5.327,-4.943
[17:32:14.058] imu_att:-3.510,1.942,-4.791,164.417,-4.589,-4.962
[17:32:14.098] imu_att:-3.503,1.957,-4.789,163.334,-5.120,-4.903
[17:32:14.137] imu_att:-3.494,1.953,-4.787,162.641,-5.434,-4.939
[17:32:14.179] imu_att:-3.504,1.943,-4.786,162.935,-5.370,-5.017
[17:32:14.218] imu_att:-3.509,1.941,-4.786,163.985,-4.367,-4.978
[17:32:14.258] imu_att:-3.515,1.952,-4.785,162.952,-5.072,-4.910
[17:32:14.297] imu_att:-3.498,1.959,-4.784,162.906,-4.873,-4.861
[17:32:14.339] imu_att:-3.507,1.960,-4.783,163.492,-4.728,-4.837
[17:32:14.378] imu_att:-3.506,1.942,-4.783,163.458,-4.940,-4.845
[17:32:14.418] imu_att:-3.516,1.933,-4.781,163.792,-4.608,-4.846
[17:32:14.457] imu_att:-3.506,1.933,-4.781,162.751,-5.175,-4.850
[17:32:14.498] imu_att:-3.523,1.934,-4.780,163.461,-4.857,-4.876
[17:32:14.538] imu_att:-3.505,1.941,-4.778,163.147,-5.006,-4.901
[17:32:14.578] imu_att:-3.503,1.922,-4.779,163.327,-4.784,-4.860
[17:32:14.617] imu_att:-3.494,1.933,-4.778,163.610,-4.825,-4.874
[17:32:14.658] imu_att:-3.518,1.935,-4.780,163.093,-4.863,-4.849
[17:32:14.698] imu_att:-3.517,1.947,-4.782,163.841,-4.447,-4.793
[17:32:14.738] imu_att:-3.523,1.929,-4.782,162.754,-4.968,-4.748
[17:32:14.777] imu_att:-3.517,1.929,-4.782,162.658,-5.281,-4.818
[17:32:14.818] imu_att:-3.517,1.923,-4.781,164.123,-4.743,-4.853
[17:32:14.858] imu_att:-3.514,1.931,-4.781,164.243,-4.397,-4.835
[17:32:14.898] imu_att:-3.518,1.948,-4.783,162.814,-5.401,-4.856
[17:32:14.937] imu_att:-3.519,1.939,-4.782,163.301,-5.166,-4.996
[17:32:14.978] imu_att:-3.522,1.938,-4.784,163.453,-4.974,-4.993
[17:32:15.018] imu_att:-3.525,1.943,-4.786,162.847,-4.748,-4.977
[17:32:15.058] imu_att:-3.520,1.941,-4.786,163.544,-4.243,-4.900
[17:32:15.097] imu_att:-3.511,1.946,-4.786,163.689,-4.636,-4.840
[17:32:15.137] imu_att:-3.517,1.950,-4.786,163.750,-4.656,-4.843
[17:32:15.178] imu_att:-3.525,1.940,-4.785,162.695,-5.142,-4.814
[17:32:15.218] imu_att:-3.513,1.935,-4.783,163.435,-5.327,-4.929
[17:32:15.258] imu_att:-3.501,1.942,-4.784,163.526,-4.984,-4.930
[17:32:15.299] imu_att:-3.505,1.941,-4.784,163.644,-4.720,-4.912
[17:32:15.338] imu_att:-3.506,1.941,-4.782,163.734,-4.675,-4.888
[17:32:15.378] imu_att:-3.504,1.943,-4.782,163.775,-4.700,-4.862
[17:32:15.418] imu_att:-3.501,1.925,-4.783,163.357,-4.888,-4.878
[17:32:15.457] imu_att:-3.505,1.931,-4.783,163.592,-4.758,-4.900
[17:32:15.498] imu_att:-3.518,1.935,-4.782,161.956,-5.811,-4.997
[17:32:15.538] imu_att:-3.519,1.945,-4.782,162.822,-5.323,-5.072
[17:32:15.578] imu_att:-3.510,1.950,-4.782,162.711,-5.357,-5.096
[17:32:15.617] imu_att:-3.508,1.956,-4.782,164.250,-4.048,-4.981
[17:32:15.658] imu_att:-3.512,1.955,-4.783,164.219,-4.115,-4.851
[17:32:15.698] imu_att:-3.522,1.934,-4.784,163.258,-4.995,-4.849
[17:32:15.738] imu_att:-3.521,1.950,-4.784,163.137,-5.169,-4.906
[17:32:15.777] imu_att:-3.523,1.937,-4.782,163.740,-4.989,-4.910
[17:32:15.819] imu_att:-3.517,1.933,-4.782,163.494,-4.796,-4.883
[17:32:15.858] imu_att:-3.511,1.938,-4.782,163.129,-4.697,-4.860
[17:32:15.898] imu_att:-3.512,1.941,-4.782,163.689,-4.784,-4.905
[17:32:15.937] imu_att:-3.515,1.940,-4.781,163.698,-4.897,-4.906
[17:32:15.978] imu_att:-3.520,1.945,-4.780,162.417,-5.630,-4.972
[17:32:16.018] imu_att:-3.518,1.944,-4.780,163.249,-4.674,-4.973
[17:32:16.058] imu_att:-3.519,1.957,-4.779,163.716,-4.731,-4.922
[17:32:16.097] imu_att:-3.519,1.965,-4.779,162.498,-5.658,-4.986
[17:32:16.139] imu_att:-3.526,1.938,-4.779,162.950,-5.148,-5.016
[17:32:16.178] imu_att:-3.523,1.940,-4.779,162.919,-5.335,-5.068
[17:32:16.218] imu_att:-3.522,1.941,-4.777,162.532,-5.464,-5.113
[17:32:16.257] imu_att:-3.522,1.950,-4.776,163.108,-5.086,-5.094
[17:32:16.298] imu_att:-3.511,1.943,-4.776,163.119,-5.002,-5.061
[17:32:16.338] imu_att:-3.495,1.942,-4.778,163.644,-4.998,-5.098
[17:32:16.378] imu_att:-3.510,1.931,-4.776,163.807,-4.670,-5.073
[17:32:16.417] imu_att:-3.521,1.941,-4.777,162.939,-5.105,-5.050
[17:32:16.458] imu_att:-3.522,1.950,-4.777,163.314,-5.281,-5.109
[17:32:16.498] imu_att:-3.505,1.951,-4.777,163.582,-4.784,-5.046
[17:32:16.538] imu_att:-3.510,1.945,-4.775,163.448,-4.660,-4.973
[17:32:16.577] imu_att:-3.511,1.943,-4.774,163.545,-4.415,-4.858
[17:32:16.617] imu_att:-3.503,1.935,-4.772,163.943,-4.208,-4.778
[17:32:16.658] imu_att:-3.511,1.929,-4.770,163.288,-4.938,-4.762
[17:32:16.698] imu_att:-3.518,1.929,-4.771,162.417,-5.229,-4.806
[17:32:16.737] imu_att:-3.502,1.940,-4.770,162.850,-5.232,-4.867
[17:32:16.779] imu_att:-3.519,1.943,-4.769,163.340,-4.735,-4.863
[17:32:16.818] imu_att:-3.515,1.948,-4.769,163.219,-5.142,-4.888
[17:32:16.858] imu_att:-3.521,1.945,-4.768,163.944,-4.671,-4.944
[17:32:16.897] imu_att:-3.522,1.946,-4.768,163.147,-5.120,-4.934
[17:32:16.938] imu_att:-3.509,1.958,-4.768,163.539,-5.153,-5.015
[17:32:16.978] imu_att:-3.511,1.946,-4.768,163.385,-4.923,-5.002
[17:32:17.018] imu_att:-3.495,1.942,-4.767,164.310,-4.162,-4.920
[17:32:17.058] imu_att:-3.493,1.933,-4.768,162.893,-5.184,-4.903
[17:32:17.097] imu_att:-3.495,1.934,-4.768,164.028,-4.505,-4.911
[17:32:17.138] imu_att:-3.498,1.941,-4.770,163.415,-4.805,-4.866
[17:32:17.178] imu_att:-3.511,1.942,-4.770,163.404,-4.859,-4.862
[17:32:17.218] imu_att:-3.521,1.942,-4.769,163.994,-4.818,-4.865
[17:32:17.257] imu_att:-3.529,1.946,-4.770,162.907,-5.147,-4.859
[17:32:17.299] imu_att:-3.518,1.945,-4.770,163.295,-4.993,-4.867
[17:32:17.338] imu_att:-3.499,1.933,-4.769,163.158,-5.165,-4.897
[17:32:17.378] imu_att:-3.502,1.921,-4.769,163.729,-4.748,-4.903
[17:32:17.417] imu_att:-3.573,1.890,-4.768,163.788,-4.669,-4.890
[17:32:17.459] imu_att:-3.573,1.976,-4.768,162.657,-5.328,-4.952
[17:32:17.498] imu_att:-3.576,1.887,-4.768,163.767,-4.772,-4.947
[17:32:17.538] imu_att:-3.540,1.905,-4.767,163.702,-4.429,-4.862
[17:32:17.578] imu_att:-3.567,1.947,-4.764,164.328,-4.668,-4.827
[17:32:17.618] imu_att:-3.572,1.914,-4.764,163.503,-4.401,-4.724
[17:32:17.658] imu_att:-3.547,1.901,-4.762,163.543,-4.728,-4.713
[17:32:17.698] imu_att:-3.549,1.927,-4.763,164.426,-4.079,-4.661
[17:32:17.737] imu_att:-3.555,1.941,-4.764,163.434,-4.273,-4.548
[17:32:17.778] imu_att:-3.551,1.919,-4.764,164.510,-3.926,-4.518
[17:32:17.818] imu_att:-3.549,1.919,-4.764,162.770,-4.924,-4.519
[17:32:17.858] imu_att:-3.538,1.941,-4.764,163.246,-5.009,-4.609
[17:32:17.898] imu_att:-3.554,1.943,-4.764,162.641,-5.177,-4.680
[17:32:17.937] imu_att:-3.576,1.930,-4.766,163.878,-4.763,-4.747
[17:32:17.978] imu_att:-3.554,1.927,-4.767,162.670,-5.435,-4.794
[17:32:18.018] imu_att:-3.547,1.945,-4.766,162.812,-5.323,-4.868
[17:32:18.057] imu_att:-3.558,1.930,-4.764,163.349,-4.996,-4.904
[17:32:18.097] imu_att:-3.517,1.928,-4.765,162.641,-5.483,-5.011
[17:32:18.139] imu_att:-3.534,1.938,-4.765,163.226,-5.059,-5.041
[17:32:18.178] imu_att:-3.516,2.006,-4.766,163.420,-4.827,-5.024
[17:32:18.218] imu_att:-3.496,2.013,-4.762,163.301,-5.121,-5.056
[17:32:18.257] imu_att:-3.577,2.002,-4.763,162.832,-5.268,-5.021
[17:32:18.298] imu_att:-3.623,1.941,-4.764,164.395,-4.227,-4.979
[17:32:18.338] imu_att:-3.531,1.941,-4.765,162.642,-5.599,-5.011
[17:32:18.378] imu_att:-3.542,1.918,-4.765,164.559,-4.119,-5.002
[17:32:18.417] imu_att:-3.530,1.941,-4.766,163.305,-5.033,-4.925
[17:32:18.457] imu_att:-3.544,1.946,-4.766,162.902,-4.935,-4.870
[17:32:18.498] imu_att:-3.521,2.073,-4.767,163.177,-4.723,-4.824
[17:32:18.538] imu_att:-3.592,1.994,-4.762,163.128,-4.824,-4.808
[17:32:18.577] imu_att:-3.626,2.138,-4.762,163.076,-5.002,-4.859
[17:32:18.618] imu_att:-3.573,2.068,-4.761,163.098,-4.815,-4.850
[17:32:18.658] imu_att:-3.578,2.097,-4.757,163.099,-4.926,-4.828
[17:32:18.698] imu_att:-3.572,1.968,-4.757,163.470,-4.671,-4.839
[17:32:18.738] imu_att:-3.579,1.891,-4.760,163.410,-4.835,-4.793
[17:32:18.777] imu_att:-3.605,1.845,-4.761,162.849,-5.463,-4.900
[17:32:18.818] imu_att:-3.570,1.925,-4.761,163.051,-4.991,-4.941
[17:32:18.858] imu_att:-3.544,1.935,-4.761,163.663,-4.756,-4.960
[17:32:18.897] imu_att:-3.511,1.967,-4.760,162.810,-4.973,-4.917
[17:32:18.937] imu_att:-3.523,1.951,-4.761,163.228,-5.376,-5.007
[17:32:18.978] imu_att:-3.550,1.946,-4.763,163.065,-5.251,-5.076
[17:32:19.018] imu_att:-3.533,1.945,-4.762,163.141,-5.323,-5.101
[17:32:19.058] imu_att:-3.541,1.932,-4.763,162.948,-4.590,-5.048
[17:32:19.097] imu_att:-3.553,1.933,-4.762,163.032,-5.165,-5.037
[17:32:19.138] imu_att:-3.557,1.933,-4.762,163.379,-5.176,-5.079
[17:32:19.178] imu_att:-3.561,1.917,-4.760,162.119,-5.772,-5.171
[17:32:19.218] imu_att:-3.558,1.918,-4.759,164.060,-4.396,-5.102
[17:32:19.257] imu_att:-3.557,1.936,-4.759,162.939,-5.454,-5.151
[17:32:19.299] imu_att:-3.555,1.938,-4.760,162.534,-5.387,-5.182
[17:32:19.338] imu_att:-3.545,1.931,-4.759,163.192,-5.300,-5.229
[17:32:19.378] imu_att:-3.547,1.941,-4.759,163.492,-4.999,-5.213
[17:32:19.417] imu_att:-3.552,1.946,-4.759,162.894,-5.640,-5.253
[17:32:19.457] imu_att:-3.563,1.936,-4.759,163.487,-4.679,-5.180
[17:32:19.499] imu_att:-3.563,1.918,-4.759,163.610,-4.765,-5.052
[17:32:19.538] imu_att:-3.541,1.948,-4.757,162.776,-4.835,-4.994
[17:32:19.577] imu_att:-3.538,1.939,-4.757,162.625,-5.564,-5.057
[17:32:19.617] imu_att:-3.550,1.917,-4.758,163.094,-5.479,-5.147
[17:32:19.658] imu_att:-3.548,1.931,-4.756,162.364,-5.693,-5.177
[17:32:19.698] imu_att:-3.535,1.941,-4.758,163.241,-4.799,-5.179
[17:32:19.737] imu_att:-3.558,1.920,-4.760,163.303,-5.005,-5.151
[17:32:19.777] imu_att:-3.552,1.927,-4.760,162.857,-5.402,-5.191
[17:32:19.818] imu_att:-3.552,1.945,-4.761,163.338,-4.662,-5.090
[17:32:19.858] imu_att:-3.542,1.927,-4.759,163.734,-4.681,-5.052
[17:32:19.898] imu_att:-3.535,1.940,-4.758,162.945,-5.207,-5.037
[17:32:19.937] imu_att:-3.537,1.931,-4.758,163.144,-4.859,-5.029
[17:32:19.978] imu_att:-3.532,1.946,-4.758,163.053,-5.069,-5.007
[17:32:20.018] imu_att:-3.546,1.948,-4.759,163.772,-5.020,-5.053
[17:32:20.058] imu_att:-3.560,1.966,-4.758,163.761,-4.399,-4.924
[17:32:20.097] imu_att:-3.564,1.955,-4.758,163.262,-4.977,-4.913
[17:32:20.139] imu_att:-3.544,1.947,-4.760,163.421,-4.946,-4.929
[17:32:20.178] imu_att:-3.531,1.939,-4.759,163.862,-4.504,-4.863
[17:32:20.218] imu_att:-3.534,1.937,-4.759,163.693,-4.967,-4.871
[17:32:20.257] imu_att:-3.529,1.943,-4.759,163.737,-4.765,-4.881
[17:32:20.299] imu_att:-3.523,1.940,-4.760,163.632,-4.764,-4.890
[17:32:20.338] imu_att:-3.541,1.946,-4.759,163.453,-5.047,-4.936
[17:32:20.378] imu_att:-3.544,1.944,-4.761,163.568,-4.752,-4.968
[17:32:20.417] imu_att:-3.537,1.938,-4.761,162.999,-4.903,-4.933
[17:32:20.459] imu_att:-3.526,1.934,-4.761,162.774,-5.141,-4.959
[17:32:20.498] imu_att:-3.540,1.941,-4.761,162.856,-5.316,-5.011
[17:32:20.538] imu_att:-3.560,1.940,-4.762,164.336,-3.978,-4.894
[17:32:20.577] imu_att:-3.551,1.942,-4.762,163.116,-5.049,-4.832
[17:32:20.618] imu_att:-3.555,1.940,-4.764,163.591,-4.837,-4.879
[17:32:20.658] imu_att:-3.560,1.942,-4.765,164.160,-4.916,-4.916
[17:32:20.698] imu_att:-3.561,1.932,-4.764,163.315,-4.619,-4.827
[17:32:20.737] imu_att:-3.542,1.936,-4.764,163.071,-4.678,-4.767
[17:32:20.778] imu_att:-3.543,1.943,-4.764,162.654,-5.462,-4.842
[17:32:20.818] imu_att:-3.547,1.936,-4.765,163.540,-5.096,-4.895
[17:32:20.858] imu_att:-3.537,1.938,-4.764,163.151,-5.268,-4.935
[17:32:20.897] imu_att:-3.531,1.941,-4.763,162.244,-5.400,-4.961
[17:32:20.938] imu_att:-3.533,1.938,-4.763,163.565,-4.894,-5.019
[17:32:20.978] imu_att:-3.538,1.940,-4.763,163.675,-4.860,-5.018
[17:32:21.018] imu_att:-3.544,1.950,-4.762,163.674,-4.721,-4.981
[17:32:21.057] imu_att:-3.551,1.954,-4.762,162.704,-5.400,-4.972
[17:32:21.098] imu_att:-3.539,1.953,-4.761,163.182,-5.183,-5.048
[17:32:21.138] imu_att:-3.541,1.957,-4.762,162.826,-5.181,-5.060
[17:32:21.178] imu_att:-3.531,1.946,-4.763,162.775,-5.033,-5.061
[17:32:21.217] imu_att:-3.526,1.945,-4.762,163.299,-5.004,-5.064
[17:32:21.258] imu_att:-3.547,1.930,-4.763,162.581,-5.485,-5.102
[17:32:21.298] imu_att:-3.555,1.929,-4.763,163.438,-4.759,-5.080
[17:32:21.338] imu_att:-3.551,1.935,-4.762,163.344,-4.970,-5.058
[17:32:21.377] imu_att:-3.542,1.924,-4.760,163.045,-5.267,-5.134
[17:32:21.418] imu_att:-3.552,1.935,-4.761,163.419,-5.445,-5.197
[17:32:21.458] imu_att:-3.554,1.925,-4.762,163.561,-4.799,-5.162
[17:32:21.498] imu_att:-3.550,1.931,-4.764,163.824,-4.662,-5.149
[17:32:21.537] imu_att:-3.541,1.940,-4.763,162.840,-4.641,-5.025
[17:32:21.577] imu_att:-3.556,1.929,-4.763,162.568,-5.582,-5.081
[17:32:21.618] imu_att:-3.543,1.948,-4.762,163.644,-4.427,-5.023
[17:32:21.658] imu_att:-3.549,1.929,-4.761,162.741,-5.263,-5.018
[17:32:21.698] imu_att:-3.554,1.922,-4.759,162.711,-5.235,-5.050
[17:32:21.737] imu_att:-3.548,1.934,-4.760,162.234,-5.613,-5.124
[17:32:21.778] imu_att:-3.537,1.938,-4.760,163.029,-5.240,-5.141
[17:32:21.818] imu_att:-3.538,1.947,-4.759,163.314,-5.058,-5.129
[17:32:21.858] imu_att:-3.533,1.928,-4.760,163.433,-4.939,-5.115
[17:32:21.897] imu_att:-3.542,1.930,-4.760,163.542,-4.885,-5.096
[17:32:21.939] imu_att:-3.556,1.934,-4.761,162.898,-5.082,-5.068
[17:32:21.978] imu_att:-3.524,1.943,-4.761,162.601,-5.083,-5.035
[17:32:22.018] imu_att:-3.548,1.930,-4.761,162.784,-5.450,-5.084
[17:32:22.057] imu_att:-3.538,1.921,-4.760,163.725,-5.116,-5.139
[17:32:22.099] imu_att:-3.551,1.925,-4.760,163.277,-5.289,-5.117
[17:32:22.138] imu_att:-3.548,1.929,-4.760,163.338,-4.788,-5.075
[17:32:22.178] imu_att:-3.538,1.942,-4.758,163.103,-4.993,-5.035
[17:32:22.217] imu_att:-3.488,1.919,-4.758,163.472,-4.718,-5.014
[17:32:22.258] imu_att:-3.575,1.935,-4.758,162.932,-5.047,-4.974
[17:32:22.299] imu_att:-3.554,1.893,-4.758,164.469,-4.235,-4.892
[17:32:22.338] imu_att:-3.519,1.927,-4.759,164.000,-4.911,-4.884
[17:32:22.377] imu_att:-3.530,1.948,-4.759,163.566,-4.502,-4.825
[17:32:22.418] imu_att:-3.556,1.932,-4.761,164.255,-3.781,-4.660
[17:32:22.458] imu_att:-3.548,2.123,-4.758,165.675,-2.553,-4.358
[17:32:22.498] imu_att:-3.551,1.985,-4.761,166.537,-1.704,-3.926
[17:32:22.537] imu_att:-3.524,1.901,-4.760,167.457,-0.762,-3.399
[17:32:22.578] imu_att:-3.593,1.360,-4.763,170.059,1.107,-2.836
[17:32:22.618] imu_att:-3.637,1.315,-4.759,170.736,2.500,-2.221
[17:32:22.658] imu_att:-3.566,1.891,-4.757,169.798,1.601,-1.606
[17:32:22.697] imu_att:-3.615,1.877,-4.745,169.123,1.463,-0.994
[17:32:22.737] imu_att:-3.563,1.991,-4.746,169.905,1.769,-0.470
[17:32:22.778] imu_att:-3.460,1.909,-4.744,169.995,1.570,-0.112
[17:32:22.818] imu_att:-3.523,1.980,-4.744,169.921,1.667,0.241
[17:32:22.858] imu_att:-3.524,2.001,-4.743,170.685,1.956,0.545
[17:32:22.897] imu_att:-3.485,2.020,-4.742,169.937,1.904,0.857
[17:32:22.938] imu_att:-3.563,1.968,-4.740,170.741,2.063,1.036
[17:32:22.978] imu_att:-3.584,1.953,-4.741,169.311,1.281,1.160
[17:32:23.018] imu_att:-3.599,1.906,-4.743,169.904,1.535,1.202
[17:32:23.057] imu_att:-3.561,1.930,-4.743,169.342,1.267,1.279
[17:32:23.098] imu_att:-3.558,1.922,-4.743,169.392,1.483,1.365
[17:32:23.138] imu_att:-3.553,1.937,-4.742,169.981,1.548,1.383
[17:32:23.177] imu_att:-3.558,1.939,-4.742,169.347,1.537,1.432
[17:32:23.217] imu_att:-3.554,1.927,-4.742,169.667,1.320,1.446
[17:32:23.258] imu_att:-3.544,1.927,-4.743,169.083,1.238,1.470
[17:32:23.298] imu_att:-3.535,1.944,-4.742,170.800,1.931,1.528
[17:32:23.337] imu_att:-3.549,1.917,-4.742,170.535,1.978,1.568
[17:32:23.377] imu_att:-3.541,2.761,-4.738,167.605,0.190,1.525
[17:32:23.418] imu_att:-3.544,3.009,-4.724,168.029,-0.223,1.257
[17:32:23.458] imu_att:-3.479,1.605,-4.721,169.926,1.005,1.092
[17:32:23.498] imu_att:-3.574,-0.369,-4.725,174.868,6.071,1.604
[17:32:23.537] imu_att:-3.549,0.742,-4.741,171.863,4.635,2.204
[17:32:23.578] imu_att:-3.543,2.792,-4.742,168.767,0.914,2.244
[17:32:23.618] imu_att:-3.615,3.090,-4.737,167.724,-0.658,1.849
[17:32:23.658] imu_att:-3.658,2.080,-4.711,169.387,0.697,1.555
[17:32:23.697] imu_att:-3.683,1.528,-4.679,170.483,2.022,1.618
[17:32:23.738] imu_att:-3.310,2.084,-4.676,170.484,2.336,1.792
[17:32:23.778] imu_att:-3.352,2.410,-4.691,169.333,1.192,1.742
[17:32:23.817] imu_att:-3.719,1.949,-4.680,170.192,1.719,1.692
[17:32:23.857] imu_att:-3.495,1.675,-4.692,170.562,2.257,1.746
[17:32:23.898] imu_att:-3.452,2.326,-4.708,169.038,1.307,1.808
[17:32:23.938] imu_att:-3.527,2.347,-4.725,169.740,1.316,1.703
[17:32:23.977] imu_att:-3.628,2.140,-4.729,169.400,1.527,1.674
[17:32:24.018] imu_att:-3.578,2.014,-4.729,169.380,1.237,1.623
[17:32:24.058] imu_att:-3.473,1.949,-4.738,169.891,1.552,1.603
[17:32:24.098] imu_att:-3.502,2.046,-4.758,170.253,1.888,1.621
[17:32:24.137] imu_att:-3.396,2.061,-4.797,170.080,1.647,1.608
[17:32:24.178] imu_att:-3.542,1.945,-4.837,168.965,1.386,1.644
[17:32:24.218] imu_att:-3.465,1.897,-4.891,169.270,0.867,1.505
[17:32:24.258] imu_att:-3.679,2.182,-4.923,168.444,0.911,1.421
[17:32:24.297] imu_att:-3.538,2.093,-4.955,169.144,0.588,1.282
[17:32:24.337] imu_att:-3.373,2.171,-5.025,169.652,1.310,1.186
[17:32:24.378] imu_att:-3.490,2.125,-5.105,169.274,0.926,1.054
[17:32:24.418] imu_att:-3.550,2.084,-5.170,168.282,0.122,0.901
[17:32:24.457] imu_att:-3.547,2.080,-5.261,169.482,1.212,0.858
[17:32:24.498] imu_att:-3.412,2.241,-5.385,168.720,0.503,0.745
[17:32:24.538] imu_att:-3.656,1.943,-5.542,168.665,0.294,0.518
[17:32:24.578] imu_att:-3.797,1.853,-5.712,169.252,0.748,0.375
[17:32:24.617] imu_att:-3.684,2.016,-5.935,168.868,0.618,0.272
[17:32:24.658] imu_att:-3.369,2.068,-6.210,168.211,0.206,0.034
[17:32:24.698] imu_att:-3.752,2.013,-6.563,167.752,-0.828,-0.346
[17:32:24.738] imu_att:-3.826,2.240,-7.071,167.432,-0.529,-0.836
[17:32:24.777] imu_att:-3.175,2.648,-7.665,166.300,-1.886,-1.461
[17:32:24.817] imu_att:-3.485,2.522,-8.261,165.857,-2.654,-2.166
[17:32:24.858] imu_att:-3.584,2.310,-9.045,164.144,-4.003,-3.086
[17:32:24.898] imu_att:-3.623,2.168,-9.761,163.830,-4.436,-3.930
[17:32:24.937] imu_att:-3.620,2.242,-10.478,163.100,-5.199,-4.746
[17:32:24.977] imu_att:-2.300,1.443,-11.083,164.626,-4.152,-5.301
[17:32:25.018] imu_att:-3.575,1.903,-11.748,161.140,-6.282,-5.754
[17:32:25.058] imu_att:-3.673,2.194,-12.403,160.530,-7.237,-6.482
[17:32:25.097] imu_att:-3.122,2.413,-13.105,160.128,-7.982,-7.326
[17:32:25.137] imu_att:-3.462,2.376,-13.999,158.080,-9.474,-8.409
[17:32:25.178] imu_att:-3.391,2.602,-14.785,157.262,-10.897,-9.441
[17:32:25.218] imu_att:-3.215,2.207,-15.761,155.607,-12.569,-10.783
[17:32:25.257] imu_att:-3.135,2.295,-16.763,153.462,-13.958,-12.101
[17:32:25.297] imu_att:-3.053,2.233,-17.892,152.229,-15.695,-13.690
[17:32:25.338] imu_att:-3.130,2.513,-18.933,150.741,-17.339,-15.154
[17:32:25.378] imu_att:-3.356,2.355,-19.995,148.827,-18.660,-16.628
[17:32:25.418] imu_att:-3.465,2.385,-21.121,146.239,-20.940,-18.230
[17:32:25.457] imu_att:-3.040,2.399,-22.179,145.214,-22.548,-19.777
[17:32:25.498] imu_att:-2.969,2.484,-23.312,141.802,-25.023,-21.449
[17:32:25.538] imu_att:-3.220,2.146,-24.580,141.663,-26.674,-23.376
[17:32:25.578] imu_att:-3.473,2.349,-25.797,137.105,-30.688,-25.193
[17:32:25.617] imu_att:-4.657,2.121,-26.941,132.798,-34.620,-26.940
[17:32:25.658] imu_att:-4.186,1.747,-27.998,134.123,-34.846,-28.543
[17:32:25.698] imu_att:-3.428,1.897,-29.292,131.693,-36.115,-30.443
[17:32:25.738] imu_att:-2.857,2.427,-30.808,129.357,-38.245,-32.629
[17:32:25.777] imu_att:-4.263,2.631,-32.249,124.554,-42.668,-34.682
[17:32:25.819] imu_att:-3.690,2.161,-33.785,123.879,-44.491,-36.832
[17:32:25.858] imu_att:-2.554,2.234,-35.345,124.032,-44.076,-39.007
[17:32:25.898] imu_att:-2.503,2.380,-36.759,121.442,-46.217,-40.977
[17:32:25.937] imu_att:-2.079,2.449,-38.468,119.861,-47.773,-43.368
[17:32:25.977] imu_att:-1.943,2.301,-39.929,119.792,-48.243,-45.387
[17:32:26.018] imu_att:-2.694,0.654,-41.627,117.181,-50.833,-47.709
[17:32:26.058] imu_att:-2.563,1.191,-43.413,114.702,-53.324,-50.183
[17:32:26.097] imu_att:-2.969,1.616,-44.708,111.825,-56.010,-52.043
[17:32:26.139] imu_att:-2.863,1.264,-46.330,110.089,-57.766,-54.358
[17:32:26.178] imu_att:-3.907,0.953,-47.730,107.792,-60.109,-56.390
[17:32:26.218] imu_att:-4.177,0.985,-49.081,105.612,-62.257,-58.375
[17:32:26.257] imu_att:-3.519,1.474,-50.508,104.407,-63.473,-60.438
[17:32:26.297] imu_att:-4.257,1.772,-51.764,102.901,-65.146,-62.268
[17:32:26.338] imu_att:-4.308,1.289,-53.362,101.840,-66.610,-64.525
[17:32:26.378] imu_att:-3.632,1.855,-54.898,100.497,-67.429,-66.388
[17:32:26.417] imu_att:-3.078,2.587,-56.440,101.544,-66.723,-67.906
[17:32:26.457] imu_att:-2.685,2.476,-58.082,101.439,-67.062,-69.291
[17:32:26.498] imu_att:-2.083,2.276,-59.803,100.237,-67.760,-70.492
[17:32:26.538] imu_att:-3.951,0.765,-61.518,95.060,-72.509,-72.059
[17:32:26.577] imu_att:-2.097,1.510,-63.537,97.539,-71.196,-73.879
[17:32:26.617] imu_att:-1.682,1.440,-65.476,96.256,-71.410,-75.255
[17:32:26.658] imu_att:-1.930,0.943,-67.138,92.864,-74.131,-76.426
[17:32:26.698] imu_att:-2.211,1.684,-68.920,90.958,-77.189,-77.987
[17:32:26.737] imu_att:-3.257,2.323,-70.901,86.181,-80.918,-79.952
[17:32:26.777] imu_att:-3.147,1.317,-72.718,83.705,-84.056,-82.180
[17:32:26.818] imu_att:-2.129,2.169,-74.335,83.384,-84.427,-83.972
[17:32:26.858] imu_att:-3.646,2.355,-75.895,79.446,-87.962,-85.784
[17:32:26.897] imu_att:-4.504,1.636,-77.236,75.472,-92.132,-87.748
[17:32:26.937] imu_att:-4.814,1.553,-78.447,74.147,-93.999,-89.532
[17:32:26.978] imu_att:-4.448,1.767,-79.905,73.974,-94.259,-91.682
[17:32:27.018] imu_att:-4.344,2.420,-81.363,71.194,-95.850,-93.579
[17:32:27.057] imu_att:-3.489,1.843,-82.803,71.758,-96.514,-95.381
[17:32:27.097] imu_att:-3.157,1.776,-84.492,71.115,-97.058,-97.178
[17:32:27.138] imu_att:-2.472,1.801,-85.949,70.757,-97.483,-98.551
[17:32:27.178] imu_att:-2.288,3.197,-87.321,70.010,-97.885,-99.569
[17:32:27.218] imu_att:-2.196,3.088,-88.573,69.652,-98.448,-100.480
[17:32:27.257] imu_att:-2.522,2.474,-89.670,67.349,-99.981,-101.226
[17:32:27.298] imu_att:-2.510,2.300,-90.650,67.521,-100.628,-102.004
[17:32:27.338] imu_att:-2.841,1.556,-91.518,66.098,-101.725,-102.660
[17:32:27.377] imu_att:-2.952,0.923,-92.329,64.031,-103.614,-103.452
[17:32:27.417] imu_att:-3.094,1.653,-93.160,64.543,-103.798,-104.312
[17:32:27.458] imu_att:-3.602,3.300,-93.804,64.040,-104.185,-104.841
[17:32:27.498] imu_att:-3.816,3.791,-94.133,63.181,-104.033,-104.948
[17:32:27.537] imu_att:-3.797,2.901,-94.223,62.245,-105.534,-105.071
[17:32:27.577] imu_att:-3.560,1.796,-94.214,63.208,-105.425,-105.201
[17:32:27.618] imu_att:-3.136,1.784,-94.214,62.121,-106.039,-105.313
[17:32:27.658] imu_att:-3.015,2.028,-94.215,63.410,-105.139,-105.337
[17:32:27.698] imu_att:-3.047,1.941,-94.205,62.990,-104.884,-105.204
[17:32:27.737] imu_att:-2.980,1.832,-94.199,62.767,-105.534,-105.293
[17:32:27.778] imu_att:-2.920,1.919,-94.233,62.533,-105.237,-105.331
[17:32:27.818] imu_att:-3.040,1.724,-94.324,63.012,-105.521,-105.498
[17:32:27.857] imu_att:-3.231,1.462,-94.508,61.079,-106.711,-105.821
[17:32:27.897] imu_att:-3.017,1.838,-94.723,62.149,-106.509,-106.242
[17:32:27.938] imu_att:-3.023,2.136,-94.909,61.994,-106.193,-106.427
[17:32:27.978] imu_att:-2.737,2.046,-95.017,62.425,-105.696,-106.425
[17:32:28.017] imu_att:-2.663,2.368,-95.015,62.920,-105.267,-106.279
[17:32:28.057] imu_att:-2.809,2.017,-95.002,61.647,-106.113,-106.132
[17:32:28.098] imu_att:-2.915,1.557,-94.999,61.199,-106.661,-106.212
[17:32:28.138] imu_att:-2.961,1.748,-94.998,61.454,-107.103,-106.399
[17:32:28.177] imu_att:-2.934,1.787,-94.990,62.139,-106.240,-106.442
[17:32:28.217] imu_att:-2.956,1.754,-94.983,61.277,-107.143,-106.550
[17:32:28.258] imu_att:-2.980,1.928,-94.978,62.940,-105.741,-106.564
[17:32:28.298] imu_att:-2.874,1.909,-94.980,63.056,-105.429,-106.411
[17:32:28.338] imu_att:-2.915,1.804,-94.983,60.875,-106.686,-106.338
[17:32:28.377] imu_att:-2.989,1.816,-94.982,60.912,-107.286,-106.494
[17:32:28.418] imu_att:-2.966,1.876,-94.979,61.524,-106.657,-106.559
[17:32:28.459] imu_att:-2.956,1.966,-94.976,61.243,-106.317,-106.522
[17:32:28.498] imu_att:-2.904,1.930,-94.980,62.281,-106.128,-106.531
[17:32:28.538] imu_att:-2.982,2.215,-94.966,62.053,-106.494,-106.566
[17:32:28.579] imu_att:-2.924,2.027,-94.960,62.021,-106.482,-106.560
[17:32:28.618] imu_att:-2.880,1.613,-94.948,61.237,-106.843,-106.616
[17:32:28.658] imu_att:-2.947,1.854,-94.941,61.423,-106.551,-106.624
[17:32:28.697] imu_att:-2.948,1.768,-94.936,62.256,-106.833,-106.629
[17:32:28.738] imu_att:-2.887,1.639,-94.939,61.363,-106.818,-106.670
[17:32:28.778] imu_att:-2.958,1.786,-94.938,61.796,-106.814,-106.731
[17:32:28.818] imu_att:-2.932,1.845,-94.943,61.130,-107.148,-106.832
[17:32:28.857] imu_att:-2.940,1.872,-94.945,61.700,-106.601,-106.867
[17:32:28.899] imu_att:-2.950,1.854,-94.948,62.705,-106.485,-106.877
[17:32:28.938] imu_att:-2.966,1.900,-94.947,62.437,-106.225,-106.795
[17:32:28.978] imu_att:-2.940,1.872,-94.948,62.005,-106.453,-106.714
[17:32:29.017] imu_att:-2.919,1.861,-94.950,61.153,-106.589,-106.679
[17:32:29.059] imu_att:-2.916,1.819,-94.954,62.450,-105.915,-106.619
[17:32:29.098] imu_att:-2.938,1.841,-94.956,60.994,-106.945,-106.628
[17:32:29.138] imu_att:-2.963,1.879,-94.953,62.199,-106.336,-106.648
[17:32:29.177] imu_att:-2.943,1.817,-94.952,61.734,-106.409,-106.610
[17:32:29.218] imu_att:-2.907,1.869,-94.954,62.263,-106.351,-106.649
[17:32:29.258] imu_att:-3.022,1.983,-94.945,61.873,-106.679,-106.682
[17:32:29.298] imu_att:-2.943,1.875,-94.939,60.301,-107.722,-106.816
[17:32:29.337] imu_att:-2.927,1.882,-94.933,60.850,-107.342,-106.984
[17:32:29.379] imu_att:-2.938,1.869,-94.927,61.737,-106.669,-107.032
[17:32:29.418] imu_att:-2.923,1.886,-94.927,61.281,-106.530,-106.945
[17:32:29.458] imu_att:-2.919,1.930,-94.928,61.471,-106.232,-106.855
[17:32:29.497] imu_att:-2.950,1.885,-94.927,60.754,-107.258,-106.918
[17:32:29.539] imu_att:-2.961,1.811,-94.928,60.633,-107.230,-106.936
[17:32:29.578] imu_att:-2.963,1.846,-94.929,62.743,-105.773,-106.879
[17:32:29.618] imu_att:-2.963,1.858,-94.930,61.371,-106.682,-106.827
[17:32:29.658] imu_att:-2.962,1.839,-94.929,61.417,-106.670,-106.812
[17:32:29.699] imu_att:-2.956,1.874,-94.931,62.100,-106.163,-106.797
[17:32:29.738] imu_att:-2.946,1.878,-94.932,61.415,-106.397,-106.719
[17:32:29.778] imu_att:-2.956,1.835,-94.933,61.308,-106.872,-106.753
[17:32:29.817] imu_att:-2.958,1.848,-94.934,62.190,-106.339,-106.760
[17:32:29.859] imu_att:-2.952,1.863,-94.933,61.876,-106.080,-106.647
[17:32:29.898] imu_att:-2.945,1.868,-94.934,62.014,-106.011,-106.576
[17:32:29.938] imu_att:-2.958,1.846,-94.934,62.134,-106.144,-106.519
[17:32:29.977] imu_att:-2.966,1.853,-94.935,62.640,-105.998,-106.509
[17:32:30.019] imu_att:-2.969,1.849,-94.936,62.815,-106.090,-106.506
[17:32:30.058] imu_att:-2.959,1.862,-94.938,61.931,-106.297,-106.485
[17:32:30.098] imu_att:-2.956,1.859,-94.940,61.483,-106.717,-106.511
[17:32:30.138] imu_att:-2.946,1.877,-94.941,61.014,-107.074,-106.587
[17:32:30.178] imu_att:-2.963,1.857,-94.944,61.511,-106.808,-106.630
[17:32:30.218] imu_att:-2.956,1.868,-94.945,61.567,-107.073,-106.754
[17:32:30.258] imu_att:-2.963,1.833,-94.946,61.284,-106.875,-106.820
[17:32:30.297] imu_att:-2.966,1.917,-94.946,61.662,-106.727,-106.850
[17:32:30.339] imu_att:-2.956,1.853,-94.946,61.542,-106.635,-106.837
[17:32:30.378] imu_att:-2.970,1.744,-94.946,61.764,-106.283,-106.814
[17:32:30.418] imu_att:-2.941,2.055,-94.948,63.142,-105.594,-106.726
[17:32:30.457] imu_att:-2.979,2.078,-94.952,61.570,-106.494,-106.660
[17:32:30.498] imu_att:-2.983,1.547,-94.950,62.282,-106.644,-106.737
[17:32:30.538] imu_att:-2.976,1.851,-94.951,61.853,-106.489,-106.709
[17:32:30.578] imu_att:-2.985,1.837,-94.951,61.670,-106.607,-106.709
[17:32:30.617] imu_att:-2.989,2.424,-94.941,62.299,-106.506,-106.688
[17:32:30.658] imu_att:-3.006,2.596,-94.923,61.698,-106.308,-106.609
[17:32:30.698] imu_att:-3.084,0.941,-94.892,59.975,-107.790,-106.678
[17:32:30.738] imu_att:-3.318,1.180,-94.824,59.596,-108.375,-106.921
[17:32:30.777] imu_att:-2.938,1.290,-94.743,60.921,-107.717,-107.093
[17:32:30.818] imu_att:-2.862,1.622,-94.682,61.743,-106.531,-107.016
[17:32:30.858] imu_att:-2.695,1.640,-94.487,63.447,-105.626,-106.711
[17:32:30.898] imu_att:-2.047,1.581,-93.968,63.726,-104.609,-105.954
[17:32:30.937] imu_att:-2.159,2.233,-93.163,65.168,-103.219,-104.870
[17:32:30.978] imu_att:-2.528,3.054,-92.101,65.860,-102.323,-103.538
[17:32:31.018] imu_att:-2.606,3.147,-90.870,67.341,-101.163,-102.121
[17:32:31.058] imu_att:-2.990,2.695,-89.781,67.012,-101.339,-101.014
[17:32:31.098] imu_att:-3.321,1.942,-88.615,67.793,-100.699,-100.010
[17:32:31.138] imu_att:-3.040,1.521,-87.283,70.088,-99.163,-98.925
[17:32:31.178] imu_att:-2.840,1.455,-85.963,69.140,-99.094,-97.792
[17:32:31.218] imu_att:-2.850,1.262,-84.540,71.766,-97.028,-96.567
[17:32:31.258] imu_att:-3.087,1.913,-83.115,72.233,-96.136,-95.324
[17:32:31.298] imu_att:-3.400,2.323,-81.731,74.134,-94.216,-94.048
[17:32:31.338] imu_att:-3.404,2.101,-80.367,74.286,-94.037,-92.872
[17:32:31.378] imu_att:-3.726,1.378,-79.068,75.240,-93.020,-91.790
[17:32:31.417] imu_att:-4.082,0.462,-77.772,74.927,-93.565,-90.961
[17:32:31.459] imu_att:-3.278,1.093,-76.345,79.451,-89.362,-89.764
[17:32:31.498] imu_att:-3.572,2.213,-74.838,80.457,-88.798,-88.429
[17:32:31.538] imu_att:-3.066,1.892,-73.213,83.397,-86.017,-86.766
[17:32:31.577] imu_att:-2.900,1.664,-71.591,84.521,-84.513,-85.026
[17:32:31.617] imu_att:-2.825,2.383,-70.157,86.828,-82.032,-83.406
[17:32:31.658] imu_att:-2.822,1.445,-68.334,88.830,-79.745,-81.231
[17:32:31.698] imu_att:-3.292,2.001,-66.647,89.363,-78.918,-79.373
[17:32:31.737] imu_att:-3.379,2.482,-65.247,91.016,-77.377,-77.884
[17:32:31.777] imu_att:-4.217,2.897,-63.781,91.059,-77.288,-76.487
[17:32:31.818] imu_att:-3.656,1.945,-62.226,93.748,-75.307,-75.131
[17:32:31.858] imu_att:-3.300,2.515,-60.446,97.292,-71.557,-73.168
[17:32:31.897] imu_att:-3.734,2.611,-58.820,99.172,-70.121,-71.331
[17:32:31.939] imu_att:-3.939,2.134,-56.669,99.908,-68.551,-69.081
[17:32:31.979] imu_att:-3.493,2.371,-54.584,103.145,-66.475,-67.009
[17:32:32.018] imu_att:-2.960,3.077,-52.389,105.520,-63.682,-64.673
[17:32:32.057] imu_att:-2.856,2.322,-50.082,108.563,-60.555,-62.127
[17:32:32.097] imu_att:-2.828,2.404,-48.070,110.430,-58.533,-59.871
[17:32:32.138] imu_att:-3.069,1.589,-45.507,112.479,-56.635,-57.180
[17:32:32.178] imu_att:-3.489,1.370,-43.436,113.539,-54.921,-55.020
[17:32:32.217] imu_att:-3.230,1.716,-40.833,116.806,-52.654,-52.586
[17:32:32.258] imu_att:-3.382,2.371,-38.494,115.306,-52.166,-50.317
[17:32:32.298] imu_att:-3.582,1.821,-36.436,119.395,-51.890,-48.808
[17:32:32.338] imu_att:-4.519,1.977,-34.226,119.351,-49.397,-47.040
[17:32:32.377] imu_att:-3.865,2.940,-31.952,121.558,-47.164,-45.290
[17:32:32.418] imu_att:-3.921,3.402,-30.165,122.173,-46.019,-43.900
[17:32:32.458] imu_att:-4.600,3.715,-28.626,123.271,-45.275,-42.894
[17:32:32.498] imu_att:-4.099,3.690,-27.440,125.153,-43.407,-42.069
[17:32:32.537] imu_att:-4.738,3.795,-26.264,126.400,-42.171,-41.190
[17:32:32.578] imu_att:-4.729,2.712,-25.511,128.355,-40.443,-40.580
[17:32:32.618] imu_att:-4.828,1.953,-24.697,131.632,-37.204,-39.454
[17:32:32.658] imu_att:-4.657,1.096,-23.781,133.972,-34.959,-38.070
[17:32:32.698] imu_att:-4.447,0.216,-22.785,137.816,-31.924,-36.507
[17:32:32.739] imu_att:-4.104,-0.029,-21.839,138.493,-29.934,-35.051
[17:32:32.778] imu_att:-3.218,0.495,-20.722,139.704,-28.706,-33.364
[17:32:32.818] imu_att:-3.300,1.031,-19.608,143.487,-25.953,-31.679
[17:32:32.857] imu_att:-3.188,1.107,-18.333,143.354,-24.972,-29.773
[17:32:32.898] imu_att:-3.156,1.513,-17.112,144.288,-24.047,-27.978
[17:32:32.938] imu_att:-2.505,2.315,-16.075,144.106,-24.376,-26.486
[17:32:32.978] imu_att:-2.743,2.670,-15.030,144.822,-23.716,-25.057
[17:32:33.017] imu_att:-3.942,2.627,-14.171,144.331,-23.729,-24.030
[17:32:33.058] imu_att:-5.150,2.094,-13.236,144.574,-23.801,-23.165
[17:32:33.098] imu_att:-3.675,2.002,-12.343,148.338,-20.517,-22.136
[17:32:33.138] imu_att:-3.256,2.310,-11.610,149.582,-18.763,-20.962
[17:32:33.177] imu_att:-3.721,2.077,-10.987,152.080,-17.195,-19.869
[17:32:33.219] imu_att:-3.457,1.858,-10.455,152.619,-15.829,-18.755
[17:32:33.258] imu_att:-3.724,1.494,-10.002,152.980,-15.422,-17.829
[17:32:33.298] imu_att:-3.673,1.233,-9.365,153.272,-14.662,-16.663
[17:32:33.337] imu_att:-3.454,1.868,-8.788,154.547,-13.922,-15.677
[17:32:33.379] imu_att:-3.024,2.572,-8.378,154.402,-13.985,-14.952
[17:32:33.418] imu_att:-2.623,2.881,-8.158,154.251,-13.442,-14.513
[17:32:33.458] imu_att:-2.979,3.012,-8.114,153.704,-14.478,-14.414
[17:32:33.497] imu_att:-3.376,2.586,-8.101,153.923,-14.283,-14.438
[17:32:33.539] imu_att:-4.177,2.243,-7.998,155.028,-13.650,-14.260
[17:32:33.578] imu_att:-4.662,2.067,-7.779,154.874,-13.479,-13.942
[17:32:33.618] imu_att:-4.291,1.962,-7.492,155.380,-12.780,-13.502
[17:32:33.657] imu_att:-3.813,2.136,-7.199,156.335,-12.301,-13.103
[17:32:33.699] imu_att:-4.168,1.999,-6.852,156.345,-10.891,-12.430
[17:32:33.738] imu_att:-2.990,2.312,-6.616,157.768,-10.711,-12.003
[17:32:33.778] imu_att:-2.188,3.182,-6.602,157.408,-10.937,-11.755
[17:32:33.817] imu_att:-3.545,2.763,-6.548,156.692,-11.603,-11.662
[17:32:33.859] imu_att:-3.655,2.805,-6.442,156.558,-12.178,-11.646
[17:32:33.898] imu_att:-3.550,2.690,-6.289,156.401,-11.196,-11.437
[17:32:33.938] imu_att:-3.174,2.439,-6.094,158.390,-10.383,-11.201
[17:32:33.977] imu_att:-3.268,2.252,-5.964,157.931,-10.221,-10.874
[17:32:34.017] imu_att:-3.595,2.123,-5.909,159.047,-9.895,-10.674
[17:32:34.058] imu_att:-4.114,2.205,-5.819,158.186,-9.504,-10.380
[17:32:34.098] imu_att:-3.622,2.459,-5.781,157.794,-10.782,-10.347
[17:32:34.138] imu_att:-2.540,2.705,-5.793,157.860,-9.991,-10.319
[17:32:34.179] imu_att:-3.355,2.865,-5.725,157.662,-10.187,-10.251
[17:32:34.218] imu_att:-2.607,2.795,-5.595,157.972,-10.370,-10.147
[17:32:34.258] imu_att:-1.925,2.721,-5.555,158.447,-9.727,-10.078
[17:32:34.297] imu_att:-3.196,2.848,-5.598,156.682,-11.300,-10.202
[17:32:34.337] imu_att:-3.471,2.954,-5.736,155.691,-12.355,-10.600
[17:32:34.378] imu_att:-3.226,3.207,-6.063,153.581,-13.890,-11.436
[17:32:34.418] imu_att:-4.689,2.683,-6.249,152.550,-15.420,-12.196
[17:32:34.457] imu_att:-5.405,1.972,-6.209,154.851,-14.036,-12.660
[17:32:34.497] imu_att:-5.316,1.639,-6.012,155.366,-13.833,-12.727
[17:32:34.538] imu_att:-4.112,1.573,-5.707,157.578,-11.252,-12.398
[17:32:34.578] imu_att:-3.591,2.221,-5.448,157.159,-11.153,-11.968
[17:32:34.618] imu_att:-3.211,2.386,-5.152,157.258,-11.449,-11.658
[17:32:34.657] imu_att:-3.640,2.352,-4.914,156.995,-11.269,-11.386
[17:32:34.698] imu_att:-4.075,1.944,-4.772,157.384,-10.801,-11.177
[17:32:34.738] imu_att:-4.222,1.643,-4.739,157.889,-10.510,-11.070
[17:32:34.778] imu_att:-3.901,1.338,-4.737,159.298,-9.077,-10.759
[17:32:34.818] imu_att:-3.603,1.598,-4.749,159.839,-8.270,-10.346
[17:32:34.858] imu_att:-3.640,1.895,-4.739,160.220,-8.399,-10.067
[17:32:34.898] imu_att:-3.419,2.146,-4.742,158.118,-9.785,-9.842
[17:32:34.938] imu_att:-3.297,2.516,-4.787,157.140,-11.007,-10.033
[17:32:34.977] imu_att:-3.027,2.286,-4.894,157.284,-11.119,-10.361
[17:32:35.018] imu_att:-3.256,1.940,-5.028,156.841,-11.058,-10.555
[17:32:35.058] imu_att:-3.252,2.391,-5.174,156.836,-10.990,-10.741
[17:32:35.098] imu_att:-3.021,2.743,-5.395,154.883,-12.436,-11.126
[17:32:35.137] imu_att:-3.424,2.511,-5.592,156.987,-12.091,-11.526
[17:32:35.178] imu_att:-3.363,2.243,-5.838,156.522,-11.747,-11.808
[17:32:35.218] imu_att:-4.556,2.051,-5.933,155.658,-12.495,-11.969
[17:32:35.258] imu_att:-4.393,1.878,-5.904,156.223,-12.150,-12.072
[17:32:35.297] imu_att:-4.022,2.316,-5.850,154.860,-13.160,-12.128
[17:32:35.338] imu_att:-3.759,2.191,-5.788,156.910,-12.458,-12.271
[17:32:35.378] imu_att:-3.499,1.978,-5.739,157.103,-11.417,-12.151
[17:32:35.418] imu_att:-3.377,1.762,-5.716,157.026,-11.102,-11.960
[17:32:35.457] imu_att:-3.409,1.763,-5.744,157.671,-10.619,-11.760
[17:32:35.498] imu_att:-3.677,2.531,-5.703,155.268,-12.783,-11.751
[17:32:35.538] imu_att:-3.591,2.457,-5.705,155.325,-13.060,-11.987
[17:32:35.577] imu_att:-3.582,1.956,-5.704,156.261,-12.016,-12.078
[17:32:35.617] imu_att:-3.595,1.961,-5.703,156.500,-11.752,-12.025
[17:32:35.658] imu_att:-3.575,2.120,-5.702,156.529,-11.605,-11.934
[17:32:35.698] imu_att:-3.599,2.057,-5.702,156.186,-12.076,-11.936
[17:32:35.738] imu_att:-3.598,2.014,-5.700,155.890,-11.925,-11.936
[17:32:35.777] imu_att:-3.588,2.045,-5.699,157.294,-11.542,-11.963
[17:32:35.818] imu_att:-3.586,1.994,-5.699,156.516,-11.416,-11.837
[17:32:35.858] imu_att:-3.598,2.029,-5.698,157.380,-11.279,-11.771
[17:32:35.898] imu_att:-3.613,2.021,-5.698,156.243,-12.163,-11.806
[17:32:35.937] imu_att:-3.599,2.031,-5.697,156.627,-11.594,-11.825
[17:32:35.978] imu_att:-3.606,2.039,-5.698,155.923,-11.808,-11.772
[17:32:36.018] imu_att:-3.608,2.037,-5.696,157.071,-11.781,-11.797
[17:32:36.058] imu_att:-3.602,2.028,-5.697,156.924,-11.371,-11.739
[17:32:36.097] imu_att:-3.607,2.022,-5.697,157.241,-11.170,-11.666
[17:32:36.139] imu_att:-3.609,2.016,-5.697,157.168,-11.184,-11.599
[17:32:36.178] imu_att:-3.596,2.029,-5.695,156.546,-11.620,-11.552
[17:32:36.218] imu_att:-3.590,2.024,-5.693,157.555,-11.321,-11.585
[17:32:36.257] imu_att:-3.595,2.032,-5.693,157.009,-11.170,-11.479
[17:32:36.298] imu_att:-3.605,2.028,-5.693,156.313,-11.564,-11.452
[17:32:36.338] imu_att:-3.601,2.029,-5.695,157.190,-11.198,-11.462
[17:32:36.378] imu_att:-3.602,2.021,-5.696,157.233,-11.257,-11.433
[17:32:36.417] imu_att:-3.598,2.027,-5.697,155.785,-12.144,-11.495
[17:32:36.458] imu_att:-3.594,2.015,-5.695,157.253,-11.543,-11.572
[17:32:36.498] imu_att:-3.924,2.934,-5.658,154.876,-12.483,-11.554
[17:32:36.538] imu_att:-3.520,2.923,-5.608,155.468,-13.186,-11.881
[17:32:36.577] imu_att:-3.664,2.687,-5.557,156.306,-12.302,-12.019
[17:32:36.619] imu_att:-4.873,2.139,-5.359,154.812,-12.540,-11.807
[17:32:36.658] imu_att:-4.556,2.929,-5.014,154.192,-13.561,-11.674
[17:32:36.697] imu_att:-4.710,3.136,-4.529,155.485,-13.630,-11.659
[17:32:36.737] imu_att:-5.887,2.408,-3.612,156.432,-11.915,-10.948
[17:32:36.778] imu_att:-4.642,1.870,-1.984,162.094,-7.754,-9.307
[17:32:36.818] imu_att:-3.853,1.817,-0.355,165.104,-3.438,-7.112
[17:32:36.858] imu_att:-3.611,1.721,1.352,168.147,-0.512,-4.814
[17:32:36.897] imu_att:-4.988,1.759,3.150,170.376,1.596,-2.483
[17:32:36.938] imu_att:-5.739,2.133,5.823,173.273,4.448,0.843
[17:32:36.978] imu_att:-5.931,2.742,8.610,176.046,6.742,4.200
[17:32:37.018] imu_att:-6.270,1.954,11.594,-175.472,14.062,7.773
[17:32:37.057] imu_att:-6.645,1.593,14.546,-173.386,17.765,11.325
[17:32:37.098] imu_att:-5.376,1.673,17.315,-166.789,23.226,14.696
[17:32:37.138] imu_att:-0.952,0.767,19.630,-165.936,25.571,17.613
[17:32:37.178] imu_att:-2.797,2.059,21.819,-166.300,25.135,20.407
[17:32:37.217] imu_att:-5.199,2.245,23.996,-164.324,26.772,23.130
[17:32:37.259] imu_att:-5.555,2.066,26.914,-159.258,31.990,26.716
[17:32:37.298] imu_att:0.183,1.859,29.273,-159.122,33.134,29.685
[17:32:37.338] imu_att:2.871,1.882,31.097,-158.999,33.106,31.999
[17:32:37.377] imu_att:-0.216,3.175,32.589,-158.084,33.635,33.599
[17:32:37.418] imu_att:-3.709,3.794,33.884,-155.989,34.961,34.921
[17:32:37.458] imu_att:-6.276,3.548,35.711,-150.483,39.797,37.037
[17:32:37.497] imu_att:-6.387,4.154,38.037,-150.204,41.627,39.907
[17:32:37.537] imu_att:-5.226,4.353,40.631,-148.764,42.658,42.631
[17:32:37.578] imu_att:-4.582,2.815,43.520,-144.199,46.730,45.654
[17:32:37.618] imu_att:-3.502,1.417,46.553,-141.385,50.298,49.083
[17:32:37.658] imu_att:-2.919,1.539,49.439,-138.473,51.926,52.047
[17:32:37.697] imu_att:-3.182,1.363,52.126,-134.723,55.980,54.903
[17:32:37.738] imu_att:-1.719,0.949,54.752,-133.546,57.665,57.652
[17:32:37.778] imu_att:-1.478,1.458,57.225,-132.115,59.434,60.057
[17:32:37.818] imu_att:-0.878,1.770,59.468,-131.883,60.140,62.082
[17:32:37.857] imu_att:-0.989,1.749,61.608,-128.422,63.029,63.996
[17:32:37.898] imu_att:-2.072,2.590,63.545,-125.612,65.511,65.846
[17:32:37.938] imu_att:-2.314,3.211,65.189,-123.151,68.352,67.565
[17:32:37.978] imu_att:-1.830,3.312,67.228,-121.001,70.345,69.738
[17:32:38.017] imu_att:-1.833,2.893,69.028,-117.712,73.395,71.812
[17:32:38.058] imu_att:-2.322,2.728,70.450,-113.527,76.977,73.666
[17:32:38.098] imu_att:-4.416,3.265,71.979,-109.212,81.885,75.875
[17:32:38.138] imu_att:-4.715,3.648,73.240,-107.227,84.816,77.756
[17:32:38.177] imu_att:-3.522,3.363,74.453,-107.196,85.101,79.591
[17:32:38.218] imu_att:-3.638,3.336,75.582,-104.231,86.508,81.344
[17:32:38.258] imu_att:-3.983,2.842,76.502,-101.427,90.505,82.826
[17:32:38.297] imu_att:-2.741,2.515,77.507,-100.796,91.030,84.521
[17:32:38.337] imu_att:-2.424,2.829,78.303,-100.471,91.080,85.944
[17:32:38.378] imu_att:-2.979,3.001,79.051,-97.000,94.272,87.322
[17:32:38.418] imu_att:-2.601,3.445,79.856,-97.545,94.275,88.759
[17:32:38.457] imu_att:-2.796,3.032,80.725,-96.151,95.291,90.260
[17:32:38.497] imu_att:-2.585,2.467,81.558,-94.426,97.283,91.728
[17:32:38.539] imu_att:-2.069,2.080,82.199,-94.274,97.547,93.005
[17:32:38.578] imu_att:-1.940,1.781,82.648,-94.829,97.040,94.092
[17:32:38.617] imu_att:-2.263,1.942,83.009,-92.948,98.106,95.029
[17:32:38.659] imu_att:-3.395,2.878,83.474,-90.439,101.100,96.135
[17:32:38.699] imu_att:-3.575,3.418,84.015,-88.282,102.989,97.318
[17:32:38.738] imu_att:-2.804,2.895,84.388,-89.897,102.214,98.335
[17:32:38.777] imu_att:-2.520,1.902,84.532,-90.040,101.622,99.088
[17:32:38.818] imu_att:-2.448,1.661,84.482,-89.880,101.122,99.430
[17:32:38.858] imu_att:-3.094,2.005,84.442,-88.462,102.621,99.918
[17:32:38.898] imu_att:-3.113,2.641,84.422,-88.439,103.173,100.508
[17:32:38.937] imu_att:-3.245,2.725,84.445,-88.176,103.605,101.140
[17:32:38.977] imu_att:-3.118,2.817,84.463,-87.359,103.886,101.634
[17:32:39.018] imu_att:-3.072,2.603,84.483,-88.690,103.164,102.081
[17:32:39.058] imu_att:-3.081,2.355,84.499,-88.612,103.121,102.344
[17:32:39.098] imu_att:-3.134,2.474,84.514,-88.210,103.319,102.565
[17:32:39.137] imu_att:-3.115,2.515,84.521,-89.153,102.895,102.740
[17:32:39.178] imu_att:-3.039,2.607,84.524,-89.103,102.658,102.805
[17:32:39.218] imu_att:-3.070,2.349,84.536,-88.689,103.126,102.949
[17:32:39.257] imu_att:-2.973,1.881,84.522,-88.092,103.515,103.072
[17:32:39.297] imu_att:-2.978,2.274,84.492,-88.095,103.418,103.170
[17:32:39.338] imu_att:-3.038,2.687,84.454,-88.635,103.579,103.342
[17:32:39.378] imu_att:-2.939,2.514,84.402,-88.298,103.263,103.339
[17:32:39.417] imu_att:-2.894,2.157,84.348,-88.737,103.358,103.380
[17:32:39.458] imu_att:-3.081,1.950,84.307,-88.074,103.607,103.421
[17:32:39.498] imu_att:-3.189,1.923,84.289,-88.050,103.813,103.505
[17:32:39.538] imu_att:-2.978,2.176,84.237,-88.080,103.874,103.630
[17:32:39.578] imu_att:-3.234,2.213,84.221,-87.543,104.079,103.723
[17:32:39.617] imu_att:-3.079,2.307,84.210,-89.023,103.009,103.754
[17:32:39.658] imu_att:-3.156,2.332,84.212,-88.071,103.784,103.751
[17:32:39.698] imu_att:-3.094,2.318,84.221,-88.245,103.651,103.794
[17:32:39.738] imu_att:-3.007,2.193,84.224,-87.856,103.817,103.827
[17:32:39.777] imu_att:-3.000,2.191,84.222,-87.883,104.158,103.944
[17:32:39.818] imu_att:-3.032,2.184,84.220,-89.047,103.037,103.948
[17:32:39.858] imu_att:-3.061,2.144,84.218,-88.496,103.543,103.903
[17:32:39.897] imu_att:-3.061,2.172,84.215,-86.942,104.368,103.932
[17:32:39.937] imu_att:-3.058,2.155,84.213,-87.633,103.989,104.025
[17:32:39.978] imu_att:-3.050,2.155,84.210,-87.682,104.160,104.129
[17:32:40.018] imu_att:-3.043,2.169,84.209,-88.691,103.120,104.064
[17:32:40.058] imu_att:-3.047,2.159,84.207,-88.641,103.093,103.935
[17:32:40.097] imu_att:-3.038,2.327,84.205,-89.205,102.797,103.824
[17:32:40.138] imu_att:-2.923,2.165,84.184,-88.275,103.289,103.690
[17:32:40.178] imu_att:-3.081,1.869,84.160,-87.958,103.587,103.633
[17:32:40.218] imu_att:-2.919,2.608,84.125,-89.398,102.780,103.579
[17:32:40.257] imu_att:-3.178,2.220,84.119,-88.424,103.817,103.636
[17:32:40.298] imu_att:-3.127,1.575,84.123,-87.873,104.037,103.755
[17:32:40.338] imu_att:-3.328,1.845,84.144,-87.544,103.845,103.839
[17:32:40.377] imu_att:-3.057,2.424,84.154,-87.046,104.126,103.916
[17:32:40.417] imu_att:-2.961,2.337,84.159,-87.512,104.002,103.943
[17:32:40.459] imu_att:-3.044,2.334,84.169,-88.343,103.461,103.954
[17:32:40.498] imu_att:-2.992,2.240,84.168,-88.199,103.661,103.922
[17:32:40.537] imu_att:-3.022,2.155,84.166,-88.133,103.586,103.909
[17:32:40.577] imu_att:-2.997,2.064,84.165,-87.695,103.793,103.903
[17:32:40.619] imu_att:-3.044,2.096,84.165,-87.265,104.321,103.937
[17:32:40.658] imu_att:-3.067,2.165,84.164,-87.562,104.108,104.005
[17:32:40.699] imu_att:-3.049,2.218,84.162,-89.164,103.183,104.017
[17:32:40.737] imu_att:-3.052,2.155,84.159,-88.273,103.618,103.975
[17:32:40.778] imu_att:-3.052,2.121,84.155,-88.061,103.525,103.862
[17:32:40.818] imu_att:-3.058,2.138,84.153,-87.943,103.852,103.865
[17:32:40.858] imu_att:-3.048,2.182,84.150,-87.607,104.213,103.975
[17:32:40.897] imu_att:-3.066,2.148,84.147,-87.693,103.984,104.020
[17:32:40.938] imu_att:-3.060,2.168,84.145,-88.093,103.837,104.080
[17:32:40.978] imu_att:-3.040,2.133,84.143,-88.661,102.898,104.013
[17:32:41.018] imu_att:-3.036,2.157,84.140,-88.117,103.523,103.911
[17:32:41.057] imu_att:-3.024,2.151,84.139,-87.683,103.822,103.904
[17:32:41.098] imu_att:-3.047,2.158,84.136,-88.129,103.375,103.832
[17:32:41.138] imu_att:-3.047,2.152,84.135,-87.631,103.747,103.825
[17:32:41.177] imu_att:-3.039,2.152,84.133,-88.819,103.726,103.914
[17:32:41.217] imu_att:-3.045,2.144,84.130,-88.102,103.864,103.920
[17:32:41.259] imu_att:-3.042,2.150,84.129,-87.963,103.605,103.882
[17:32:41.298] imu_att:-3.033,2.150,84.127,-88.177,103.575,103.867
[17:32:41.337] imu_att:-3.044,2.152,84.124,-87.829,103.925,103.917
[17:32:41.377] imu_att:-2.997,2.213,84.114,-87.883,103.712,103.918
[17:32:41.418] imu_att:-3.023,2.139,84.093,-88.045,103.715,103.918
[17:32:41.458] imu_att:-2.956,2.185,84.064,-88.280,103.485,103.871
[17:32:41.498] imu_att:-3.080,2.705,84.014,-87.864,104.047,103.881
[17:32:41.537] imu_att:-2.734,2.330,83.930,-89.240,102.968,103.800
[17:32:41.579] imu_att:-2.643,2.090,83.793,-90.291,101.714,103.421
[17:32:41.618] imu_att:-2.675,2.421,83.599,-90.888,101.279,102.975
[17:32:41.657] imu_att:-2.791,3.138,83.217,-90.475,101.185,102.337
[17:32:41.698] imu_att:-3.242,2.589,82.777,-89.970,101.880,101.825
[17:32:41.738] imu_att:-2.748,2.084,82.272,-92.002,100.522,101.324
[17:32:41.779] imu_att:-2.318,1.946,81.570,-94.589,97.795,100.348
[17:32:41.818] imu_att:-1.214,1.867,80.292,-99.390,93.420,98.467
[17:32:41.857] imu_att:-1.085,1.197,78.893,-102.598,89.457,96.514
[17:32:41.899] imu_att:-1.363,0.968,77.390,-103.720,88.218,94.454
[17:32:41.938] imu_att:-0.925,1.372,75.673,-106.183,86.292,92.180
[17:32:41.978] imu_att:-0.906,1.936,73.738,-107.858,84.020,89.685
[17:32:42.017] imu_att:-3.066,2.790,71.694,-106.690,84.012,87.079
[17:32:42.058] imu_att:-5.490,4.240,69.875,-108.167,83.062,84.803
[17:32:42.098] imu_att:-4.548,4.556,67.603,-113.865,79.059,82.111
[17:32:42.137] imu_att:-3.639,3.400,65.767,-117.667,74.712,79.766
[17:32:42.177] imu_att:-2.866,2.485,63.538,-120.486,71.743,76.968
[17:32:42.230] imu_att:-2.087,2.289,60.801,-124.502,67.964,73.605
[17:32:42.247] imu_att:-1.272,2.062,58.240,-128.793,63.912,70.473
[17:32:42.298] imu_att:-0.637,1.609,55.548,-132.182,60.912,67.207
[17:32:42.337] imu_att:-0.442,1.897,52.910,-134.729,57.923,64.052
[17:32:42.379] imu_att:-2.382,3.479,49.516,-137.534,54.307,60.023
[17:32:42.418] imu_att:-4.414,2.330,46.704,-134.558,56.780,56.887
[17:32:42.458] imu_att:-3.037,1.984,43.777,-139.414,52.744,53.862
[17:32:42.497] imu_att:-5.279,2.307,41.555,-137.816,53.519,51.704
[17:32:42.538] imu_att:-3.950,2.310,39.261,-144.006,49.292,49.698
[17:32:42.578] imu_att:-2.097,2.436,36.869,-147.227,45.112,47.024
[17:32:42.617] imu_att:-2.153,2.435,34.591,-149.670,42.360,44.337
[17:32:42.657] imu_att:-1.038,1.946,31.679,-152.693,39.504,41.065
[17:32:42.699] imu_att:-2.304,1.960,28.337,-155.745,36.416,37.377
[17:32:42.738] imu_att:-5.126,2.682,25.695,-157.599,34.710,34.702
[17:32:42.778] imu_att:-3.599,1.961,23.245,-159.518,32.592,32.316
[17:32:42.817] imu_att:-2.076,1.852,20.994,-163.679,28.170,29.832
[17:32:42.859] imu_att:-3.735,0.413,18.923,-162.843,29.019,27.747
[17:32:42.898] imu_att:-3.009,1.175,16.652,-166.989,25.901,25.684
[17:32:42.937] imu_att:-3.383,2.545,14.829,-170.713,22.529,23.815
[17:32:42.977] imu_att:-3.111,2.664,12.835,-172.443,19.575,21.429
[17:32:43.018] imu_att:-3.452,2.659,11.041,-174.610,17.439,19.301
[17:32:43.058] imu_att:-4.019,2.834,9.487,-175.645,16.665,17.549
[17:32:43.099] imu_att:-3.408,3.833,7.656,179.809,12.044,15.239
[17:32:43.137] imu_att:-3.647,3.025,5.718,179.467,11.940,12.835
[17:32:43.178] imu_att:-3.572,2.771,4.096,177.698,10.119,11.069
[17:32:43.219] imu_att:-4.095,2.655,2.761,178.037,9.847,9.688
[17:32:43.258] imu_att:-4.607,2.207,1.413,176.858,8.958,8.427
[17:32:43.298] imu_att:-3.050,1.353,0.221,177.465,9.730,7.600
[17:32:43.338] imu_att:-2.471,1.811,-0.731,176.447,8.537,7.041
[17:32:43.378] imu_att:-3.105,1.421,-1.712,176.724,8.315,6.401
[17:32:43.418] imu_att:-3.756,1.392,-2.638,175.368,7.215,5.811
[17:32:43.457] imu_att:-3.881,1.455,-3.634,173.289,5.669,5.022
[17:32:43.498] imu_att:-2.912,1.844,-4.546,172.001,4.102,4.183
[17:32:43.538] imu_att:-3.058,1.829,-5.345,172.473,3.404,3.333
[17:32:43.578] imu_att:-1.877,2.146,-5.714,170.822,2.277,2.899
[17:32:43.617] imu_att:-2.537,1.509,-5.982,171.684,3.464,2.709
[17:32:43.657] imu_att:-2.545,1.668,-6.300,170.995,2.858,2.477
[17:32:43.698] imu_att:-2.444,1.857,-6.523,170.801,2.605,2.305
[17:32:43.738] imu_att:-2.458,1.945,-6.642,170.280,2.168,2.216
[17:32:43.777] imu_att:-2.731,2.054,-6.723,169.854,1.657,2.142
[17:32:43.818] imu_att:-2.852,2.554,-6.803,169.144,0.640,1.853
[17:32:43.858] imu_att:-2.867,2.607,-6.856,168.604,0.454,1.576
[17:32:43.898] imu_att:-2.645,2.844,-6.932,168.687,0.481,1.342
[17:32:43.937] imu_att:-2.614,3.384,-7.069,167.286,-0.727,0.950
[17:32:43.977] imu_att:-2.009,3.775,-7.303,165.915,-2.226,0.233
[17:32:44.018] imu_att:-0.947,4.935,-7.834,162.535,-4.803,-0.863
[17:32:44.058] imu_att:1.264,5.954,-8.903,162.616,-6.495,-2.522
[17:32:44.098] imu_att:-0.548,6.172,-9.634,160.464,-7.241,-3.838
[17:32:44.137] imu_att:-6.612,1.828,-10.042,161.935,-7.450,-4.775
[17:32:44.178] imu_att:-7.878,-0.492,-10.301,166.144,-2.424,-4.863
[17:32:44.218] imu_att:-5.968,0.263,-10.004,164.969,-2.630,-4.067
[17:32:44.258] imu_att:-4.745,1.767,-9.776,163.359,-4.431,-3.771
[17:32:44.298] imu_att:-3.864,1.895,-9.463,163.425,-4.799,-3.638
[17:32:44.339] imu_att:-2.290,2.166,-8.759,162.928,-4.929,-3.206
[17:32:44.378] imu_att:-1.755,1.826,-7.642,165.274,-3.380,-2.358
[17:32:44.418] imu_att:-3.240,0.852,-6.499,168.101,-0.269,-1.109
[17:32:44.457] imu_att:-4.475,1.963,-5.798,166.103,-1.503,-0.406
[17:32:44.498] imu_att:-4.338,3.369,-5.451,164.158,-3.659,-0.510
[17:32:44.539] imu_att:-3.931,3.263,-5.216,165.168,-3.236,-0.773
[17:32:44.578] imu_att:-3.949,2.496,-4.834,165.920,-2.341,-0.758
[17:32:44.617] imu_att:-3.800,2.472,-4.573,166.596,-1.484,-0.663
[17:32:44.658] imu_att:-4.037,2.208,-4.444,167.494,-0.944,-0.628
[17:32:44.698] imu_att:-3.489,2.559,-4.452,166.292,-1.598,-0.728
[17:32:44.739] imu_att:-3.411,3.171,-4.491,166.804,-1.672,-0.933
[17:32:44.777] imu_att:-3.833,2.804,-4.481,166.325,-1.867,-1.119
[17:32:44.817] imu_att:-3.671,2.685,-4.431,166.642,-1.781,-1.210
[17:32:44.858] imu_att:-3.317,2.466,-4.384,167.679,-0.917,-1.201
[17:32:44.898] imu_att:-3.428,2.135,-4.315,167.790,-0.583,-1.024
[17:32:44.937] imu_att:-3.466,1.986,-4.223,167.644,-0.552,-0.835
[17:32:44.977] imu_att:-3.596,2.208,-4.133,167.729,-0.692,-0.747
[17:32:45.018] imu_att:-3.736,2.062,-4.100,168.000,-0.349,-0.661
[17:32:45.058] imu_att:-3.710,1.953,-4.081,168.918,0.433,-0.472
[17:32:45.097] imu_att:-3.633,2.022,-4.084,167.830,-0.220,-0.382
[17:32:45.137] imu_att:-3.671,2.064,-4.092,168.701,0.273,-0.315
[17:32:45.178] imu_att:-3.275,2.127,-4.119,167.368,-0.471,-0.330
[17:32:45.218] imu_att:-3.891,2.241,-4.109,168.453,-0.429,-0.376
[17:32:45.257] imu_att:-3.591,1.762,-4.110,168.953,1.219,-0.155
[17:32:45.298] imu_att:-3.572,1.969,-4.112,169.703,0.917,0.001
[17:32:45.338] imu_att:-3.578,2.276,-4.113,167.429,-0.398,0.057
[17:32:45.378] imu_att:-3.555,2.154,-4.112,168.068,-0.301,-0.041
[17:32:45.418] imu_att:-3.554,2.016,-4.112,168.306,-0.101,-0.093
[17:32:45.457] imu_att:-3.543,2.025,-4.113,168.486,0.077,-0.071
[17:32:45.498] imu_att:-3.551,2.085,-4.114,167.861,-0.107,-0.006
[17:32:45.538] imu_att:-3.546,2.094,-4.114,167.254,-0.587,-0.058
[17:32:45.578] imu_att:-3.551,2.062,-4.114,169.215,0.227,-0.098
[17:32:45.617] imu_att:-3.545,2.056,-4.116,168.635,0.209,-0.073
[17:32:45.658] imu_att:-3.527,2.083,-4.117,168.310,0.195,-0.007
[17:32:45.698] imu_att:-3.527,2.058,-4.119,168.540,-0.053,-0.052
[17:32:45.759] imu_att:-3.534,2.050,-4.120,167.792,-0.626,-0.117
[17:32:45.770] imu_att:-3.532,2.083,-4.122,167.700,-0.194,-0.122
[17:32:45.818] imu_att:-3.522,2.064,-4.120,168.320,-0.182,-0.124
[17:32:45.858] imu_att:-3.537,2.073,-4.119,168.384,0.131,-0.087
[17:32:45.897] imu_att:-3.538,2.079,-4.122,168.184,0.480,-0.000
[17:32:45.937] imu_att:-3.549,2.049,-4.125,168.232,-0.021,0.010
[17:32:45.980] imu_att:-3.544,2.053,-4.126,167.583,-0.234,0.004
[17:32:46.018] imu_att:-3.547,2.073,-4.128,169.051,0.493,0.013
[17:32:46.057] imu_att:-3.543,2.050,-4.130,168.986,0.413,0.053
[17:32:46.097] imu_att:-3.537,2.035,-4.131,168.295,0.018,0.084
[17:32:46.138] imu_att:-3.557,2.048,-4.131,168.040,0.199,0.142
[17:32:46.178] imu_att:-3.560,2.050,-4.133,168.510,0.526,0.170
[17:32:46.217] imu_att:-3.555,2.046,-4.133,168.000,-0.064,0.186
[17:32:46.257] imu_att:-3.557,2.045,-4.135,168.079,-0.118,0.149
[17:32:46.298] imu_att:-3.552,2.057,-4.136,168.526,0.325,0.107
[17:32:46.338] imu_att:-3.560,2.051,-4.137,168.273,0.024,0.111
[17:32:46.377] imu_att:-3.544,2.062,-4.137,168.601,0.356,0.161
[17:32:46.417] imu_att:-3.550,2.059,-4.137,168.223,-0.017,0.155
[17:32:46.458] imu_att:-3.541,2.063,-4.138,167.553,-0.395,0.147
[17:32:46.498] imu_att:-3.541,2.058,-4.138,168.765,-0.055,0.066
[17:32:46.537] imu_att:-3.526,2.052,-4.139,168.954,0.457,0.128
[17:32:46.577] imu_att:-3.518,2.049,-4.140,169.049,0.665,0.176
[17:32:46.618] imu_att:-3.504,2.050,-4.142,168.627,-0.002,0.144
[17:32:46.658] imu_att:-3.526,2.057,-4.141,169.095,0.374,0.170
[17:32:46.697] imu_att:-3.526,2.056,-4.142,168.283,0.022,0.147
[17:32:46.737] imu_att:-3.526,2.061,-4.143,168.421,0.148,0.143
[17:32:46.778] imu_att:-3.536,2.065,-4.144,168.710,0.289,0.140
[17:32:46.818] imu_att:-3.535,2.050,-4.146,168.068,-0.146,0.151
[17:32:46.857] imu_att:-3.538,2.059,-4.148,167.895,-0.317,0.093
[17:32:46.898] imu_att:-3.531,2.050,-4.148,168.698,0.332,0.064
[17:32:46.938] imu_att:-3.539,2.051,-4.150,168.688,0.360,0.106
[17:32:46.977] imu_att:-3.517,2.048,-4.150,168.500,0.107,0.122
[17:32:47.017] imu_att:-3.535,2.050,-4.152,168.858,0.590,0.181
[17:32:47.057] imu_att:-3.542,2.055,-4.153,168.562,0.290,0.203
[17:32:47.098] imu_att:-3.542,2.050,-4.155,169.164,0.601,0.216
[17:32:47.138] imu_att:-3.549,2.056,-4.157,168.402,0.231,0.262
[17:32:47.177] imu_att:-3.542,2.055,-4.159,168.610,0.360,0.307
[17:32:47.217] imu_att:-3.548,2.044,-4.160,168.875,0.472,0.343
[17:32:47.258] imu_att:-3.543,2.051,-4.161,167.926,0.142,0.333
[17:32:47.298] imu_att:-3.546,2.047,-4.162,168.062,-0.126,0.279
[17:32:47.338] imu_att:-3.548,2.047,-4.164,169.366,0.894,0.275
[17:32:47.377] imu_att:-3.534,2.043,-4.164,168.369,0.335,0.376
[17:32:47.418] imu_att:-3.536,2.065,-4.165,167.956,-0.104,0.329
[17:32:47.458] imu_att:-3.541,2.062,-4.166,168.065,-0.037,0.231
[17:32:47.497] imu_att:-3.534,2.064,-4.167,168.583,0.330,0.233
[17:32:47.537] imu_att:-3.543,2.067,-4.169,168.728,0.078,0.226
[17:32:47.578] imu_att:-3.550,2.050,-4.169,168.737,-0.049,0.195
[17:32:47.618] imu_att:-3.542,2.053,-4.170,168.345,0.022,0.167
[17:32:47.657] imu_att:-3.565,2.051,-4.171,168.363,0.388,0.200
[17:32:47.697] imu_att:-3.547,2.062,-4.172,168.209,-0.511,0.119
[17:32:47.738] imu_att:-3.545,2.055,-4.175,168.970,0.599,0.114
[17:32:47.778] imu_att:-3.543,2.042,-4.173,168.425,0.304,0.143
[17:32:47.817] imu_att:-3.534,2.056,-4.174,169.430,0.727,0.223
[17:32:47.857] imu_att:-3.545,2.057,-4.174,168.397,0.681,0.327
[17:32:47.898] imu_att:-3.537,2.057,-4.176,168.368,0.130,0.312
[17:32:47.938] imu_att:-3.542,2.071,-4.178,168.635,0.361,0.330
[17:32:47.977] imu_att:-3.549,2.062,-4.179,168.975,0.660,0.351
[17:32:48.017] imu_att:-3.546,2.047,-4.179,167.796,-0.081,0.358
[17:32:48.058] imu_att:-3.547,2.038,-4.179,169.450,0.457,0.285
[17:32:48.098] imu_att:-3.549,2.055,-4.181,168.244,0.408,0.340
[17:32:48.138] imu_att:-3.540,2.059,-4.181,168.585,0.272,0.341
[17:32:48.177] imu_att:-3.541,2.057,-4.181,168.878,0.400,0.340
[17:32:48.218] imu_att:-3.537,2.059,-4.182,168.251,0.103,0.357
[17:32:48.258] imu_att:-3.538,2.060,-4.184,169.108,0.185,0.284
[17:32:48.297] imu_att:-3.534,2.050,-4.186,169.375,1.017,0.359
[17:32:48.337] imu_att:-3.537,2.059,-4.187,168.347,0.124,0.332
[17:32:48.378] imu_att:-3.531,2.060,-4.188,168.564,0.288,0.312
[17:32:48.418] imu_att:-3.533,2.049,-4.188,168.043,0.142,0.312
[17:32:48.457] imu_att:-3.539,2.051,-4.190,168.780,0.395,0.333
[17:32:48.497] imu_att:-3.534,2.039,-4.190,168.854,0.391,0.325
[17:32:48.538] imu_att:-3.545,2.041,-4.190,168.586,0.339,0.352
[17:32:48.578] imu_att:-3.532,2.041,-4.191,168.592,0.211,0.315
[17:32:48.617] imu_att:-3.547,2.036,-4.192,168.441,0.144,0.273
[17:32:48.657] imu_att:-3.545,2.046,-4.193,168.669,0.251,0.220
[17:32:48.698] imu_att:-3.539,2.067,-4.195,168.430,0.236,0.255
[17:32:48.738] imu_att:-3.538,2.043,-4.196,169.682,0.754,0.297
[17:32:48.777] imu_att:-3.558,2.040,-4.198,168.836,0.703,0.423
[17:32:48.817] imu_att:-3.552,2.055,-4.201,168.601,0.080,0.380
[17:32:48.856] imu_att:-3.532,2.054,-4.201,168.558,0.283,0.360
[17:32:48.898] imu_att:-3.530,2.052,-4.200,168.014,-0.018,0.335
[17:32:48.937] imu_att:-3.533,2.051,-4.200,168.367,-0.074,0.223
[17:32:48.977] imu_att:-3.529,2.030,-4.200,168.239,0.229,0.253
[17:32:49.018] imu_att:-3.531,2.030,-4.201,168.199,0.160,0.272
[17:32:49.058] imu_att:-3.518,2.039,-4.202,168.892,0.210,0.236
[17:32:49.097] imu_att:-3.530,2.042,-4.203,168.642,0.366,0.284
