# Serial Log - 2026-04-18T18:00:20.299994
# Port: COM36 @ 115200bps
#============================================================
[18:00:20.300] 4,-2.300,-172.118,5.298,5.482
[18:00:20.339] imu_att:-0.106,-0.087,-2.300,-171.430,5.466,5.424
[18:00:20.379] imu_att:-0.112,-0.079,-2.300,-172.203,5.027,5.351
[18:00:20.419] imu_att:-0.125,-0.091,-2.300,-171.674,5.336,5.339
[18:00:20.460] imu_att:-0.120,-0.082,-2.300,-172.176,5.128,5.318
[18:00:20.500] imu_att:-0.118,-0.078,-2.299,-172.051,5.426,5.331
[18:00:20.539] imu_att:-0.116,-0.083,-2.299,-171.591,5.619,5.374
[18:00:20.579] imu_att:-0.129,-0.088,-2.299,-171.493,5.682,5.425
[18:00:20.618] imu_att:-0.146,-0.087,-2.298,-171.818,5.815,5.498
[18:00:20.660] imu_att:-0.123,-0.073,-2.299,-171.831,5.409,5.479
[18:00:20.699] imu_att:-0.078,-0.116,-2.300,-170.861,5.909,5.475
[18:00:20.739] imu_att:-0.123,-0.112,-2.300,-172.488,5.286,5.511
[18:00:20.779] imu_att:-0.177,-0.078,-2.300,-171.651,5.381,5.424
[18:00:20.820] imu_att:-0.139,-0.096,-2.301,-171.239,5.994,5.496
[18:00:20.859] imu_att:-0.138,-0.096,-2.301,-172.058,5.444,5.538
[18:00:20.899] imu_att:-0.131,-0.119,-2.300,-171.756,5.717,5.590
[18:00:20.939] imu_att:-0.136,-0.133,-2.299,-171.105,5.805,5.606
[18:00:20.978] imu_att:-0.143,-0.106,-2.299,-171.168,5.964,5.630
[18:00:21.020] imu_att:-0.145,-0.085,-2.299,-170.848,6.223,5.632
[18:00:21.059] imu_att:-0.113,-0.008,-2.301,-171.887,5.375,5.599
[18:00:21.099] imu_att:-0.181,-0.065,-2.299,-171.359,5.763,5.598
[18:00:21.140] imu_att:-0.151,-0.106,-2.300,-171.627,5.611,5.601
[18:00:21.180] imu_att:-0.191,-0.194,-2.300,-171.532,5.517,5.609
[18:00:21.219] imu_att:-0.158,-0.088,-2.303,-171.742,5.574,5.653
[18:00:21.259] imu_att:-0.116,-0.039,-2.303,-170.949,5.929,5.634
[18:00:21.298] imu_att:-0.099,0.002,-2.304,-172.221,5.345,5.632
[18:00:21.340] imu_att:-0.087,-0.015,-2.304,-171.340,5.669,5.604
[18:00:21.379] imu_att:-0.151,0.063,-2.309,-170.942,5.883,5.615
[18:00:21.419] imu_att:-0.320,-0.189,-2.313,-171.233,5.612,5.570
[18:00:21.459] imu_att:-0.282,-0.511,-2.309,-171.875,5.789,5.665
[18:00:21.500] imu_att:-0.149,-0.465,-2.304,-172.231,5.263,5.653
[18:00:21.540] imu_att:-0.106,-0.325,-2.304,-171.921,5.453,5.634
[18:00:21.579] imu_att:-0.146,-0.152,-2.305,-171.284,5.604,5.618
[18:00:21.619] imu_att:-0.146,-0.039,-2.305,-171.380,5.833,5.650
[18:00:21.658] imu_att:-0.133,-0.046,-2.306,-171.724,5.524,5.626
[18:00:21.700] imu_att:-0.130,-0.106,-2.306,-171.105,5.962,5.637
[18:00:21.739] imu_att:-0.141,-0.103,-2.306,-171.757,5.509,5.640
[18:00:21.779] imu_att:-0.135,-0.108,-2.307,-171.583,5.552,5.621
[18:00:21.818] imu_att:-0.131,-0.097,-2.307,-171.608,5.700,5.631
[18:00:21.860] imu_att:-0.113,-0.078,-2.309,-171.257,5.829,5.618
[18:00:21.899] imu_att:-0.139,-0.077,-2.309,-171.484,5.810,5.672
[18:00:21.939] imu_att:-0.128,-0.106,-2.310,-171.134,6.208,5.759
[18:00:21.978] imu_att:-0.145,-0.113,-2.308,-171.431,5.864,5.814
[18:00:22.020] imu_att:-0.142,-0.106,-2.307,-171.048,6.135,5.827
[18:00:22.059] imu_att:-0.148,-0.088,-2.307,-170.900,6.284,5.897
[18:00:22.099] imu_att:-0.139,-0.082,-2.307,-171.379,5.623,5.856
[18:00:22.139] imu_att:-0.123,-0.103,-2.306,-171.518,5.488,5.767
[18:00:22.180] imu_att:-0.128,-0.095,-2.306,-170.775,5.891,5.716
[18:00:22.220] imu_att:-0.152,-0.096,-2.304,-171.346,5.973,5.747
[18:00:22.259] imu_att:-0.142,-0.082,-2.303,-171.912,5.326,5.707
[18:00:22.299] imu_att:-0.124,-0.089,-2.302,-171.959,5.615,5.661
[18:00:22.338] imu_att:-0.133,-0.091,-2.302,-171.497,5.621,5.658
[18:00:22.379] imu_att:-0.131,-0.088,-2.302,-171.254,5.726,5.662
[18:00:22.419] imu_att:-0.127,-0.082,-2.302,-171.524,6.511,5.737
[18:00:22.459] imu_att:-0.119,-0.054,-2.300,-171.641,5.960,5.893
[18:00:22.498] imu_att:-0.167,-0.100,-2.301,-171.370,5.861,5.892
[18:00:22.540] imu_att:-0.160,-0.101,-2.299,-171.214,5.918,5.889
[18:00:22.579] imu_att:-0.133,-0.092,-2.299,-171.813,5.416,5.843
[18:00:22.619] imu_att:-0.143,-0.078,-2.300,-171.454,5.657,5.779
[18:00:22.659] imu_att:-0.147,-0.096,-2.301,-170.391,6.537,5.795
[18:00:22.700] imu_att:-0.139,-0.097,-2.302,-172.373,5.178,5.814
[18:00:22.740] imu_att:-0.134,-0.093,-2.302,-171.603,5.333,5.674
[18:00:22.779] imu_att:-0.135,-0.082,-2.302,-171.776,5.195,5.594
[18:00:22.819] imu_att:-0.144,-0.091,-2.302,-171.626,5.655,5.611
[18:00:22.858] imu_att:-0.150,-0.088,-2.301,-171.663,5.823,5.675
[18:00:22.900] imu_att:-0.147,-0.090,-2.302,-170.595,6.470,5.740
[18:00:22.939] imu_att:-0.150,-0.094,-2.301,-172.266,5.666,5.805
[18:00:22.979] imu_att:-0.118,-0.081,-2.301,-171.728,5.218,5.688
[18:00:23.018] imu_att:-0.146,-0.097,-2.299,-171.747,5.501,5.645
[18:00:23.060] imu_att:-0.143,-0.095,-2.299,-170.818,6.387,5.690
[18:00:23.099] imu_att:-0.144,-0.090,-2.298,-172.035,5.292,5.726
[18:00:23.139] imu_att:-0.137,-0.090,-2.297,-171.421,5.701,5.654
[18:00:23.179] imu_att:-0.073,-0.119,-2.297,-171.891,5.484,5.588
[18:00:23.219] imu_att:-0.193,-0.062,-2.298,-171.403,5.481,5.530
[18:00:23.260] imu_att:-0.187,-0.046,-2.297,-171.515,5.937,5.561
[18:00:23.299] imu_att:-0.185,-0.114,-2.297,-171.490,5.697,5.586
[18:00:23.339] imu_att:-0.155,-0.142,-2.297,-171.849,5.685,5.603
[18:00:23.380] imu_att:-0.122,-0.094,-2.296,-171.176,5.987,5.642
[18:00:23.420] imu_att:-0.140,-0.088,-2.295,-171.826,6.134,5.756
[18:00:23.459] imu_att:-0.154,-0.101,-2.295,-171.805,5.543,5.750
[18:00:23.499] imu_att:-0.151,-0.086,-2.295,-171.786,5.459,5.696
[18:00:23.538] imu_att:-0.151,-0.084,-2.294,-171.936,5.429,5.671
[18:00:23.580] imu_att:-0.153,-0.097,-2.295,-171.714,5.685,5.665
[18:00:23.619] imu_att:-0.132,-0.105,-2.296,-171.597,5.730,5.678
[18:00:23.659] imu_att:-0.129,-0.093,-2.294,-171.575,5.328,5.621
[18:00:23.699] imu_att:-0.155,-0.085,-2.295,-171.706,5.619,5.612
[18:00:23.740] imu_att:-0.161,-0.096,-2.294,-171.493,5.895,5.656
[18:00:23.779] imu_att:-0.135,-0.093,-2.294,-172.099,5.382,5.692
[18:00:23.819] imu_att:-0.141,-0.079,-2.295,-171.577,5.632,5.645
[18:00:23.858] imu_att:-0.142,-0.085,-2.296,-171.291,5.772,5.640
[18:00:23.900] imu_att:-0.160,-0.094,-2.298,-172.204,5.162,5.558
[18:00:23.939] imu_att:-0.145,-0.092,-2.298,-171.868,5.333,5.492
[18:00:23.979] imu_att:-0.135,-0.088,-2.299,-171.957,5.308,5.465
[18:00:24.019] imu_att:-0.151,-0.103,-2.300,-170.937,6.060,5.471
[18:00:24.060] imu_att:-0.148,-0.095,-2.300,-171.585,5.843,5.563
[18:00:24.099] imu_att:-0.154,-0.095,-2.299,-171.549,5.691,5.591
[18:00:24.139] imu_att:-0.144,-0.097,-2.298,-171.252,5.411,5.550
[18:00:24.179] imu_att:-0.142,-0.082,-2.299,-172.371,5.034,5.521
[18:00:24.218] imu_att:-0.141,-0.068,-2.298,-171.719,5.439,5.452
[18:00:24.260] imu_att:-0.153,-0.090,-2.299,-171.327,5.752,5.479
[18:00:24.299] imu_att:-0.170,-0.126,-2.300,-171.787,5.763,5.542
[18:00:24.339] imu_att:-0.138,-0.134,-2.298,-172.347,5.173,5.512
[18:00:24.378] imu_att:-0.564,0.327,-2.274,-170.828,6.100,5.554
[18:00:24.419] imu_att:-0.245,0.384,-2.278,-171.338,5.972,5.646
[18:00:24.459] imu_att:-0.181,-0.451,-2.288,-171.569,6.035,5.747
[18:00:24.499] imu_att:-0.055,-1.593,-2.272,-174.099,3.776,5.596
[18:00:24.539] imu_att:-0.168,-0.680,-2.261,-171.994,4.941,5.329
[18:00:24.578] imu_att:-0.136,0.007,-2.251,-171.139,5.896,5.362
[18:00:24.619] imu_att:-0.154,0.319,-2.243,-171.127,6.629,5.560
[18:00:24.659] imu_att:-0.253,0.301,-2.238,-171.675,5.842,5.695
[18:00:24.699] imu_att:-0.089,0.303,-2.232,-170.678,6.317,5.739
[18:00:24.738] imu_att:-0.085,0.222,-2.240,-171.071,6.369,5.854
[18:00:24.780] imu_att:-0.176,-0.498,-2.258,-172.404,5.649,5.921
[18:00:24.819] imu_att:0.275,-0.825,-2.220,-172.202,4.634,5.681
[18:00:24.859] imu_att:-0.137,0.755,-2.229,-169.933,7.057,5.733
[18:00:24.898] imu_att:-0.087,0.611,-2.235,-169.854,7.368,5.958
[18:00:24.940] imu_att:-0.259,-0.079,-2.241,-171.765,5.692,6.011
[18:00:24.979] imu_att:-0.119,-0.123,-2.226,-171.883,5.333,5.930
[18:00:25.019] imu_att:-0.089,0.010,-2.225,-170.916,6.213,5.932
[18:00:25.059] imu_att:-0.156,-0.104,-2.226,-171.674,5.764,5.936
[18:00:25.098] imu_att:0.179,-0.636,-2.180,-171.588,5.856,5.969
[18:00:25.140] imu_att:-1.094,-1.063,-2.153,-172.084,4.346,5.676
[18:00:25.179] imu_att:0.300,1.674,-2.133,-168.481,7.777,5.757
[18:00:25.219] imu_att:-0.348,1.431,-2.174,-167.975,9.030,6.224
[18:00:25.260] imu_att:0.142,-0.160,-2.170,-171.645,6.109,6.422
[18:00:25.300] imu_att:-0.102,-1.058,-2.167,-173.479,4.483,6.235
[18:00:25.339] imu_att:-0.040,-0.611,-2.154,-172.492,4.685,5.972
[18:00:25.379] imu_att:-0.107,-0.024,-2.159,-171.502,5.301,5.772
[18:00:25.418] imu_att:-0.195,0.046,-2.164,-171.037,6.166,5.790
[18:00:25.460] imu_att:-0.069,-0.459,-2.167,-172.182,5.352,5.786
[18:00:25.499] imu_att:-0.144,-0.136,-2.163,-171.290,5.443,5.652
[18:00:25.539] imu_att:0.022,0.583,-2.149,-170.451,6.568,5.724
[18:00:25.578] imu_att:0.021,-0.047,-2.173,-171.449,6.159,5.857
[18:00:25.620] imu_att:-0.170,0.111,-2.178,-171.752,6.022,5.884
[18:00:25.659] imu_att:-0.263,0.289,-2.175,-170.475,6.374,5.936
[18:00:25.699] imu_att:-0.018,0.059,-2.176,-172.377,5.238,5.913
[18:00:25.739] imu_att:-0.107,-0.182,-2.179,-171.784,5.497,5.836
[18:00:25.780] imu_att:-0.167,-0.279,-2.179,-172.459,4.848,5.721
[18:00:25.819] imu_att:-0.153,-0.144,-2.182,-171.260,5.546,5.616
[18:00:25.859] imu_att:-0.123,-0.027,-2.183,-171.542,5.781,5.643
[18:00:25.899] imu_att:-0.115,-0.034,-2.184,-171.599,5.713,5.679
[18:00:25.940] imu_att:-0.110,-0.019,-2.185,-171.844,5.415,5.648
[18:00:25.980] imu_att:-0.096,-0.032,-2.185,-171.680,5.545,5.612
[18:00:26.019] imu_att:-0.115,-0.021,-2.186,-171.334,5.956,5.650
[18:00:26.059] imu_att:-0.125,-0.025,-2.186,-171.759,5.552,5.655
[18:00:26.098] imu_att:-0.121,-0.028,-2.186,-171.757,5.364,5.634
[18:00:26.140] imu_att:-0.121,0.074,-2.186,-171.155,5.801,5.623
[18:00:26.179] imu_att:-0.131,0.208,-2.190,-171.595,5.854,5.643
[18:00:26.219] imu_att:-0.068,-0.293,-2.189,-172.154,5.266,5.635
[18:00:26.258] imu_att:-0.106,-0.117,-2.190,-172.338,5.510,5.631
[18:00:26.299] imu_att:-0.117,-0.051,-2.189,-171.938,5.305,5.581
[18:00:26.339] imu_att:-0.118,0.021,-2.191,-170.827,5.685,5.531
[18:00:26.379] imu_att:-0.074,-0.144,-2.187,-171.269,5.742,5.586
[18:00:26.419] imu_att:-0.104,0.203,-2.181,-171.485,5.736,5.608
[18:00:26.459] imu_att:-0.087,-0.052,-2.177,-171.382,5.654,5.607
[18:00:26.499] imu_att:-0.169,0.010,-2.177,-171.124,6.179,5.673
[18:00:26.539] imu_att:0.005,0.121,-2.167,-171.129,5.995,5.689
[18:00:26.579] imu_att:-0.234,-0.197,-2.167,-171.455,5.525,5.695
[18:00:26.618] imu_att:-0.280,-0.074,-2.195,-171.585,5.720,5.660
[18:00:26.660] imu_att:-0.226,1.074,-2.236,-169.927,7.355,5.854
[18:00:26.699] imu_att:-1.027,0.972,-2.380,-169.661,7.775,6.094
[18:00:26.739] imu_att:-0.145,0.617,-2.538,-171.128,6.579,6.165
[18:00:26.778] imu_att:-0.050,1.163,-2.701,-170.359,6.646,6.079
[18:00:26.819] imu_att:0.437,2.370,-2.812,-168.634,8.256,6.240
[18:00:26.859] imu_att:0.426,3.637,-2.846,-167.572,9.277,6.691
[18:00:26.899] imu_att:-0.167,4.944,-2.936,-165.830,10.915,7.196
[18:00:26.939] imu_att:0.155,5.934,-2.994,-164.689,12.266,7.686
[18:00:26.979] imu_att:0.152,7.225,-3.023,-164.102,13.004,8.330
[18:00:27.019] imu_att:-0.679,8.731,-3.145,-163.313,13.728,8.822
[18:00:27.059] imu_att:-0.523,10.156,-3.312,-162.678,14.759,9.209
[18:00:27.098] imu_att:0.556,11.394,-3.410,-162.671,14.657,9.730
[18:00:27.139] imu_att:0.503,12.598,-3.448,-161.869,15.142,10.375
[18:00:27.180] imu_att:0.125,13.744,-3.483,-162.361,14.903,10.900
[18:00:27.219] imu_att:0.084,15.483,-3.535,-161.283,16.159,11.537
[18:00:27.259] imu_att:0.244,16.680,-3.563,-161.133,15.922,12.137
[18:00:27.298] imu_att:0.125,17.598,-3.593,-161.438,16.047,12.736
[18:00:27.340] imu_att:0.478,18.056,-3.589,-161.157,15.972,13.346
[18:00:27.379] imu_att:0.537,18.883,-3.534,-161.071,16.016,13.885
[18:00:27.419] imu_att:0.149,20.083,-3.490,-160.357,16.625,14.389
[18:00:27.458] imu_att:0.082,21.147,-3.459,-160.583,16.655,14.893
[18:00:27.500] imu_att:0.521,22.096,-3.393,-161.291,16.176,15.251
[18:00:27.539] imu_att:0.203,22.794,-3.308,-160.940,16.114,15.489
[18:00:27.579] imu_att:-0.123,22.744,-3.267,-160.913,16.302,15.719
[18:00:27.618] imu_att:-0.198,23.207,-3.276,-160.607,16.635,15.918
[18:00:27.660] imu_att:0.145,23.312,-3.287,-160.488,16.427,16.037
[18:00:27.699] imu_att:0.087,23.312,-3.298,-160.730,16.426,16.126
[18:00:27.739] imu_att:0.195,23.356,-3.319,-161.024,16.233,16.163
[18:00:27.778] imu_att:0.214,23.371,-3.331,-161.323,16.123,16.171
[18:00:27.819] imu_att:0.051,22.889,-3.366,-161.114,16.183,16.200
[18:00:27.859] imu_att:0.060,22.568,-3.422,-161.610,15.681,16.125
[18:00:27.899] imu_att:0.343,22.633,-3.458,-161.224,16.026,16.089
[18:00:27.939] imu_att:0.399,22.461,-3.464,-161.600,15.744,16.086
[18:00:27.980] imu_att:0.366,22.311,-3.453,-161.495,15.701,16.031
[18:00:28.020] imu_att:0.209,22.274,-3.443,-160.956,16.033,16.028
[18:00:28.059] imu_att:0.099,21.980,-3.455,-161.321,16.147,16.105
[18:00:28.099] imu_att:0.141,21.962,-3.475,-161.185,15.980,16.109
[18:00:28.138] imu_att:0.245,22.009,-3.484,-161.723,15.793,16.092
[18:00:28.180] imu_att:0.195,22.049,-3.492,-161.409,15.994,16.088
[18:00:28.219] imu_att:0.275,21.873,-3.493,-160.921,16.286,16.123
[18:00:28.259] imu_att:0.187,21.854,-3.493,-161.025,16.117,16.160
[18:00:28.298] imu_att:0.174,21.722,-3.500,-161.491,15.903,16.172
[18:00:28.339] imu_att:0.112,21.613,-3.518,-161.236,16.034,16.163
[18:00:28.380] imu_att:0.189,21.492,-3.531,-160.670,16.558,16.228
[18:00:28.419] imu_att:0.193,21.473,-3.542,-161.113,16.361,16.306
[18:00:28.459] imu_att:0.137,21.437,-3.563,-161.385,16.065,16.302
[18:00:28.498] imu_att:0.110,21.498,-3.597,-161.169,16.055,16.241
[18:00:28.540] imu_att:0.168,21.615,-3.640,-161.075,16.121,16.223
[18:00:28.579] imu_att:0.190,21.636,-3.672,-160.784,16.351,16.239
[18:00:28.619] imu_att:0.137,21.543,-3.703,-160.647,16.486,16.282
[18:00:28.658] imu_att:0.309,21.552,-3.717,-160.948,16.322,16.321
[18:00:28.700] imu_att:0.287,21.429,-3.716,-160.903,16.431,16.381
[18:00:28.739] imu_att:0.224,21.228,-3.720,-161.034,16.180,16.387
[18:00:28.779] imu_att:0.138,20.692,-3.726,-160.720,16.660,16.441
[18:00:28.819] imu_att:-0.225,20.117,-3.789,-159.523,17.379,16.518
[18:00:28.860] imu_att:-0.471,19.737,-3.926,-160.234,17.088,16.561
[18:00:28.900] imu_att:0.503,19.025,-4.003,-160.229,16.526,16.555
[18:00:28.939] imu_att:1.077,18.260,-3.964,-160.184,16.984,16.666
[18:00:28.979] imu_att:0.641,16.440,-3.855,-160.592,16.811,16.856
[18:00:29.018] imu_att:0.152,14.315,-3.754,-160.730,16.497,16.937
[18:00:29.060] imu_att:0.070,12.535,-3.680,-161.232,16.018,16.902
[18:00:29.099] imu_att:0.105,10.714,-3.591,-162.336,15.122,16.782
[18:00:29.139] imu_att:-0.043,9.242,-3.517,-162.771,14.278,16.443
[18:00:29.178] imu_att:0.608,7.941,-3.369,-163.799,13.776,16.195
[18:00:29.220] imu_att:0.008,6.688,-3.213,-163.414,13.521,15.849
[18:00:29.259] imu_att:-0.834,5.621,-3.184,-164.055,13.368,15.426
[18:00:29.299] imu_att:0.211,4.373,-3.109,-166.276,11.601,15.030
[18:00:29.338] imu_att:-0.188,3.445,-3.043,-167.307,10.175,14.581
[18:00:29.379] imu_att:-0.530,2.411,-3.046,-168.358,9.229,13.945
[18:00:29.419] imu_att:-0.256,1.974,-3.059,-168.627,8.649,13.356
[18:00:29.459] imu_att:0.661,1.134,-2.966,-170.343,7.321,12.869
[18:00:29.499] imu_att:-0.136,0.806,-2.889,-170.159,7.104,12.364
[18:00:29.540] imu_att:-0.449,0.169,-2.890,-170.960,6.191,11.780
[18:00:29.580] imu_att:-0.161,-0.037,-2.879,-171.845,5.512,11.203
[18:00:29.619] imu_att:0.034,0.649,-2.824,-170.177,6.332,10.669
[18:00:29.659] imu_att:-0.262,0.858,-2.806,-170.308,6.787,10.097
[18:00:29.698] imu_att:-0.207,0.666,-2.829,-171.538,6.004,9.481
[18:00:29.739] imu_att:-0.102,0.311,-2.834,-172.108,5.390,8.880
[18:00:29.779] imu_att:-0.278,-0.336,-2.859,-173.498,4.184,8.317
[18:00:29.819] imu_att:0.044,-0.620,-2.855,-172.542,4.471,7.661
[18:00:29.858] imu_att:-0.009,-0.146,-2.857,-171.645,5.467,7.185
[18:00:29.899] imu_att:-0.175,0.152,-2.855,-171.780,5.295,6.843
[18:00:29.939] imu_att:-0.066,0.477,-2.858,-170.518,6.033,6.628
[18:00:29.979] imu_att:-0.143,0.005,-2.865,-172.574,5.032,6.428
[18:00:30.019] imu_att:-0.045,-0.195,-2.859,-172.424,5.139,6.264
[18:00:30.058] imu_att:-0.206,0.057,-2.871,-172.028,5.874,6.108
[18:00:30.100] imu_att:-0.048,0.207,-2.839,-172.027,5.636,6.057
[18:00:30.139] imu_att:-0.555,0.373,-2.630,-170.631,6.029,6.153
[18:00:30.179] imu_att:-0.496,1.611,-2.331,-168.229,8.697,6.695
[18:00:30.218] imu_att:0.210,0.805,-2.175,-168.762,8.979,7.271
[18:00:30.259] imu_att:-0.029,-2.450,-2.010,-174.196,4.537,7.327
[18:00:30.299] imu_att:-0.139,-5.587,-1.674,-178.925,-0.656,7.056
[18:00:30.339] imu_att:-0.018,-8.080,-1.400,174.466,-6.846,6.721
[18:00:30.379] imu_att:0.255,-10.355,-1.263,168.762,-12.489,6.307
[18:00:30.418] imu_att:0.300,-12.634,-1.300,160.592,-20.342,5.595
[18:00:30.460] imu_att:0.286,-14.486,-1.405,153.261,-28.228,4.875
[18:00:30.499] imu_att:0.085,-16.372,-1.513,145.479,-35.763,4.149
[18:00:30.539] imu_att:0.064,-16.867,-1.579,142.716,-39.651,3.462
[18:00:30.578] imu_att:-0.188,-17.251,-1.624,141.016,-41.350,2.795
[18:00:30.620] imu_att:-0.038,-17.372,-1.674,138.005,-43.833,2.119
[18:00:30.659] imu_att:-0.044,-17.221,-1.754,140.113,-42.826,1.412
[18:00:30.699] imu_att:-0.257,-16.967,-1.803,138.594,-44.036,0.735
[18:00:30.739] imu_att:-0.382,-16.815,-1.800,139.762,-43.037,0.105
[18:00:30.780] imu_att:-0.272,-16.604,-1.734,140.805,-42.152,-0.462
[18:00:30.820] imu_att:0.179,-16.492,-1.731,143.695,-39.893,-1.096
[18:00:30.859] imu_att:-0.098,-16.562,-1.735,141.383,-40.457,-1.738
[18:00:30.899] imu_att:-0.080,-16.512,-1.720,141.930,-41.119,-2.364
[18:00:30.938] imu_att:-0.015,-16.610,-1.715,139.342,-42.786,-3.001
[18:00:30.980] imu_att:-0.073,-16.711,-1.707,141.535,-41.622,-3.639
[18:00:31.019] imu_att:-0.012,-16.718,-1.699,140.754,-42.496,-4.278
[18:00:31.059] imu_att:-0.026,-16.741,-1.698,140.727,-42.174,-4.927
[18:00:31.099] imu_att:-0.051,-16.715,-1.692,139.887,-42.397,-5.573
[18:00:31.138] imu_att:-0.086,-16.662,-1.678,142.372,-40.449,-6.213
[18:00:31.180] imu_att:-0.025,-16.599,-1.668,142.300,-40.934,-6.859
[18:00:31.219] imu_att:-0.057,-16.479,-1.658,141.540,-41.446,-7.508
[18:00:31.259] imu_att:-0.068,-16.380,-1.642,143.001,-40.915,-8.153
[18:00:31.298] imu_att:-0.042,-16.366,-1.629,142.276,-40.716,-8.804
[18:00:31.340] imu_att:0.001,-16.435,-1.617,142.179,-40.554,-9.457
[18:00:31.379] imu_att:-0.013,-16.455,-1.609,142.157,-39.640,-10.117
[18:00:31.419] imu_att:0.001,-16.489,-1.607,143.018,-40.186,-10.718
[18:00:31.459] imu_att:-0.047,-16.468,-1.605,143.125,-40.411,-11.388
[18:00:31.500] imu_att:-0.086,-16.453,-1.594,141.204,-40.978,-12.119
[18:00:31.540] imu_att:-0.061,-16.484,-1.584,141.245,-41.607,-12.785
[18:00:31.579] imu_att:-0.051,-16.442,-1.574,141.944,-40.807,-13.454
[18:00:31.619] imu_att:-0.048,-16.385,-1.560,140.890,-40.558,-14.053
[18:00:31.658] imu_att:-0.034,-16.405,-1.546,141.392,-40.994,-14.791
[18:00:31.700] imu_att:0.023,-16.425,-1.544,142.479,-40.491,-15.407
[18:00:31.739] imu_att:0.035,-16.403,-1.554,142.452,-40.546,-16.174
[18:00:31.779] imu_att:-0.062,-16.343,-1.559,140.640,-41.712,-16.870
[18:00:31.818] imu_att:-0.057,-16.320,-1.560,141.383,-41.399,-17.563
[18:00:31.860] imu_att:-0.088,-16.348,-1.552,142.243,-40.706,-18.181
[18:00:31.899] imu_att:-0.027,-16.404,-1.544,143.645,-39.862,-18.940
[18:00:31.939] imu_att:-0.022,-16.408,-1.544,141.722,-40.524,-19.569
[18:00:31.979] imu_att:-0.079,-16.351,-1.537,141.662,-41.486,-20.335
[18:00:32.020] imu_att:-0.041,-16.349,-1.528,142.936,-39.549,-21.030
[18:00:32.060] imu_att:-0.042,-16.424,-1.517,143.123,-39.277,-21.725
[18:00:32.099] imu_att:-0.038,-16.424,-1.502,143.952,-39.177,-22.419
[18:00:32.139] imu_att:-0.024,-16.427,-1.490,143.567,-40.394,-23.117
[18:00:32.178] imu_att:-0.059,-16.403,-1.474,141.193,-40.784,-23.815
[18:00:32.220] imu_att:-0.020,-16.368,-1.459,142.692,-39.917,-24.516
[18:00:32.259] imu_att:-0.071,-16.327,-1.443,144.916,-38.811,-25.217
[18:00:32.299] imu_att:-0.021,-16.149,-1.430,142.949,-39.746,-25.924
[18:00:32.338] imu_att:-0.090,-15.975,-1.425,143.389,-39.247,-26.569
[18:00:32.380] imu_att:-0.132,-15.957,-1.446,144.148,-38.295,-27.388
[18:00:32.420] imu_att:-0.038,-15.720,-1.460,146.349,-36.933,-28.128
[18:00:32.459] imu_att:0.075,-15.334,-1.489,149.413,-34.072,-28.887
[18:00:32.499] imu_att:0.035,-14.968,-1.530,149.087,-33.340,-29.660
[18:00:32.538] imu_att:0.033,-14.704,-1.578,150.049,-32.711,-30.286
[18:00:32.580] imu_att:0.061,-13.482,-1.674,158.420,-26.081,-30.466
[18:00:32.619] imu_att:-0.011,-12.003,-1.787,162.439,-21.147,-30.110
[18:00:32.659] imu_att:-0.149,-9.978,-1.860,168.959,-15.296,-29.712
[18:00:32.698] imu_att:-0.130,-7.793,-1.897,174.486,-9.289,-29.275
[18:00:32.740] imu_att:-0.236,-6.095,-1.882,178.669,-4.946,-28.785
[18:00:32.779] imu_att:-0.178,-4.571,-1.845,-178.949,-2.430,-28.269
[18:00:32.819] imu_att:-0.009,-3.188,-1.798,-175.796,0.803,-27.742
[18:00:32.858] imu_att:-0.160,-2.602,-1.734,-174.680,2.672,-27.196
[18:00:32.900] imu_att:-0.022,-2.228,-1.686,-174.790,2.649,-26.662
[18:00:32.939] imu_att:0.065,-1.761,-1.719,-173.155,3.664,-26.208
[18:00:32.979] imu_att:0.032,-1.274,-1.794,-174.063,3.319,-25.794
[18:00:33.019] imu_att:-0.170,0.169,-1.804,-171.222,4.673,-25.312
[18:00:33.058] imu_att:-0.209,-0.745,-1.805,-173.208,3.880,-24.818
[18:00:33.099] imu_att:0.071,0.208,-1.800,-172.183,5.277,-24.367
[18:00:33.139] imu_att:-0.031,0.099,-1.804,-171.196,5.881,-23.823
[18:00:33.179] imu_att:-0.152,-0.252,-1.802,-171.760,5.298,-23.319
[18:00:33.218] imu_att:-0.145,-0.287,-1.801,-172.285,4.724,-22.866
[18:00:33.260] imu_att:-0.084,-0.217,-1.805,-173.050,4.861,-22.314
[18:00:33.299] imu_att:-0.127,-0.213,-1.806,-173.031,4.210,-21.857
[18:00:33.339] imu_att:0.033,-0.167,-1.788,-173.048,4.727,-21.279
[18:00:33.379] imu_att:-0.108,-0.122,-1.787,-171.938,5.267,-20.817
[18:00:33.420] imu_att:-0.143,-0.083,-1.797,-171.675,5.517,-20.261
[18:00:33.459] imu_att:-0.076,-0.001,-1.804,-172.465,4.981,-19.751
[18:00:33.499] imu_att:0.025,0.016,-1.799,-171.832,5.004,-19.226
[18:00:33.539] imu_att:-0.121,-0.250,-1.799,-172.755,4.831,-18.705
[18:00:33.578] imu_att:-0.089,-0.192,-1.797,-171.578,5.553,-18.179
[18:00:33.620] imu_att:-0.131,0.019,-1.797,-171.600,5.682,-17.652
[18:00:33.659] imu_att:-0.107,0.017,-1.797,-171.479,5.862,-17.124
[18:00:33.699] imu_att:-0.147,-0.051,-1.799,-172.212,5.058,-16.594
[18:00:33.738] imu_att:-0.111,-0.040,-1.798,-172.192,5.131,-16.060
[18:00:33.779] imu_att:-0.150,-0.033,-1.797,-171.647,5.545,-15.579
[18:00:33.819] imu_att:-0.112,-0.063,-1.798,-170.697,5.906,-14.988
[18:00:33.859] imu_att:-0.093,-0.055,-1.797,-171.750,5.515,-14.500
[18:00:33.898] imu_att:-0.103,-0.066,-1.795,-172.178,5.242,-13.902
[18:00:33.940] imu_att:-0.095,-0.051,-1.794,-171.425,5.708,-13.357
[18:00:33.979] imu_att:-0.091,-0.055,-1.794,-171.579,5.469,-12.810
[18:00:34.019] imu_att:-0.084,-0.071,-1.796,-172.702,4.697,-12.263
[18:00:34.059] imu_att:-0.091,-0.061,-1.795,-171.878,5.495,-11.710
[18:00:34.100] imu_att:-0.076,-0.017,-1.794,-172.058,5.200,-11.156
[18:00:34.140] imu_att:-0.118,0.185,-1.797,-172.007,5.464,-10.602
[18:00:34.179] imu_att:-0.095,0.152,-1.799,-170.892,6.340,-10.046
[18:00:34.219] imu_att:-0.133,0.268,-1.805,-171.296,5.788,-9.491
[18:00:34.258] imu_att:-0.007,-0.380,-1.803,-172.928,4.779,-8.983
[18:00:34.300] imu_att:-0.103,-1.209,-1.799,-172.908,3.767,-8.357
[18:00:34.340] imu_att:-0.054,-0.143,-1.803,-171.924,5.046,-7.850
[18:00:34.379] imu_att:-0.162,1.139,-1.815,-169.800,7.293,-7.235
[18:00:34.419] imu_att:-0.055,0.410,-1.824,-170.966,6.763,-6.672
[18:00:34.460] imu_att:-0.076,-0.708,-1.829,-173.036,4.390,-6.103
[18:00:34.499] imu_att:-0.116,-0.575,-1.826,-173.854,4.013,-5.523
[18:00:34.539] imu_att:-0.023,-0.535,-1.815,-171.700,4.974,-4.932
[18:00:34.579] imu_att:-0.062,-0.363,-1.801,-172.059,5.064,-4.395
[18:00:34.618] imu_att:-0.151,0.968,-1.799,-170.355,6.755,-3.751
[18:00:34.659] imu_att:-0.120,0.637,-1.803,-170.763,6.835,-3.228
[18:00:34.699] imu_att:-0.103,-0.079,-1.805,-171.572,5.935,-2.642
[18:00:34.739] imu_att:-0.172,-0.658,-1.811,-172.629,4.712,-2.058
[18:00:34.779] imu_att:-0.098,-0.579,-1.817,-172.460,4.724,-1.411
[18:00:34.820] imu_att:-0.134,-0.066,-1.817,-171.782,4.953,-0.816
[18:00:34.859] imu_att:-0.087,0.387,-1.823,-170.273,6.578,-0.225
[18:00:34.899] imu_att:-0.068,0.079,-1.821,-170.834,6.222,0.378
[18:00:34.938] imu_att:-0.011,-0.018,-1.817,-171.903,5.472,0.923
[18:00:34.980] imu_att:-0.115,-0.033,-1.818,-172.213,5.138,1.587
[18:00:35.019] imu_att:-0.035,-0.050,-1.816,-171.651,5.208,2.127
[18:00:35.059] imu_att:-0.050,-0.074,-1.811,-171.967,5.507,2.752
[18:00:35.099] imu_att:-0.097,-0.051,-1.810,-172.750,4.887,3.239
[18:00:35.138] imu_att:-0.117,-0.085,-1.811,-171.404,5.747,3.668
[18:00:35.179] imu_att:-0.049,-0.084,-1.812,-171.544,5.555,4.021
[18:00:35.219] imu_att:-0.103,-0.054,-1.812,-172.950,4.667,4.267
[18:00:35.259] imu_att:-0.088,-0.058,-1.811,-171.520,4.734,4.309
[18:00:35.298] imu_att:-0.058,0.031,-1.811,-171.476,5.551,4.502
[18:00:35.340] imu_att:-0.093,-0.019,-1.814,-172.175,5.424,4.739
[18:00:35.380] imu_att:-0.080,-0.162,-1.812,-171.627,5.756,4.910
[18:00:35.419] imu_att:-0.088,-0.013,-1.812,-171.940,5.541,5.125
[18:00:35.459] imu_att:-0.064,-0.185,-1.815,-172.821,5.108,5.203
[18:00:35.498] imu_att:-0.085,-0.075,-1.817,-171.175,5.746,5.212
[18:00:35.539] imu_att:-0.067,0.044,-1.812,-171.921,5.560,5.313
[18:00:35.579] imu_att:-0.193,-0.083,-1.823,-172.002,5.385,5.323
[18:00:35.619] imu_att:-0.013,-0.007,-1.829,-172.255,4.910,5.309
[18:00:35.658] imu_att:-0.157,0.188,-1.841,-171.404,5.798,5.365
[18:00:35.699] imu_att:-0.053,0.421,-1.846,-170.030,6.331,5.467
[18:00:35.739] imu_att:-0.111,-0.187,-1.851,-171.048,6.500,5.720
[18:00:35.779] imu_att:-0.074,-0.554,-1.852,-173.283,4.392,5.656
[18:00:35.819] imu_att:-0.070,-0.250,-1.851,-172.046,5.040,5.502
[18:00:35.858] imu_att:-0.081,-0.144,-1.847,-172.578,4.672,5.392
[18:00:35.900] imu_att:-0.117,-0.080,-1.846,-171.879,5.369,5.366
[18:00:35.939] imu_att:-0.106,-0.070,-1.854,-171.905,5.326,5.351
[18:00:35.979] imu_att:-0.087,-0.146,-1.856,-171.641,5.451,5.386
[18:00:36.019] imu_att:-0.064,-0.118,-1.851,-171.646,5.539,5.416
[18:00:36.060] imu_att:-0.084,-0.138,-1.847,-171.653,5.419,5.454
[18:00:36.099] imu_att:-0.056,-0.045,-1.846,-171.978,5.400,5.454
[18:00:36.139] imu_att:-0.132,-0.202,-1.840,-171.685,5.483,5.449
[18:00:36.179] imu_att:-0.171,-0.071,-1.837,-172.351,4.939,5.373
[18:00:36.218] imu_att:-0.121,-0.124,-1.842,-172.030,5.268,5.350
[18:00:36.259] imu_att:0.006,-0.573,-1.826,-172.600,4.715,5.303
[18:00:36.299] imu_att:-0.253,-0.743,-1.831,-172.498,4.418,5.122
[18:00:36.339] imu_att:-0.046,0.108,-1.830,-170.740,5.403,5.068
[18:00:36.378] imu_att:-0.210,0.244,-1.834,-170.854,6.346,5.305
[18:00:36.420] imu_att:-0.195,0.009,-1.850,-171.767,5.468,5.393
[18:00:36.459] imu_att:-0.201,0.160,-1.863,-170.946,6.326,5.512
[18:00:36.499] imu_att:-0.322,-0.271,-1.877,-171.054,5.914,5.593
[18:00:36.538] imu_att:-0.211,0.016,-1.877,-171.209,6.125,5.712
[18:00:36.579] imu_att:-0.109,0.495,-1.853,-167.990,8.540,6.051
[18:00:36.619] imu_att:-1.071,0.428,-1.826,-165.239,11.387,6.693
[18:00:36.659] imu_att:-2.282,0.052,-1.820,-162.909,13.216,7.323
[18:00:36.699] imu_att:-3.624,0.351,-1.809,-160.662,16.062,7.898
[18:00:36.740] imu_att:-5.277,0.220,-1.806,-157.068,19.308,8.592
[18:00:36.780] imu_att:-6.479,0.198,-1.808,-153.371,23.356,9.221
[18:00:36.819] imu_att:-8.053,0.128,-1.824,-149.237,27.469,9.838
[18:00:36.859] imu_att:-8.918,0.581,-1.830,-145.133,31.402,10.468
[18:00:36.898] imu_att:-10.322,0.854,-1.816,-140.699,35.526,11.120
[18:00:36.939] imu_att:-11.022,0.634,-1.838,-140.207,36.866,11.674
[18:00:36.979] imu_att:-11.858,0.432,-1.862,-136.598,39.542,12.293
[18:00:37.019] imu_att:-12.440,0.304,-1.866,-135.717,41.221,12.998
[18:00:37.059] imu_att:-13.062,0.441,-1.857,-134.715,42.299,13.654
[18:00:37.100] imu_att:-13.927,0.307,-1.849,-131.492,45.246,14.312
[18:00:37.140] imu_att:-14.561,0.267,-1.847,-130.859,46.149,14.900
[18:00:37.179] imu_att:-15.507,0.298,-1.849,-127.210,49.132,15.618
[18:00:37.219] imu_att:-16.161,0.325,-1.856,-126.841,50.565,16.267
[18:00:37.258] imu_att:-16.809,0.283,-1.858,-125.103,52.075,16.924
[18:00:37.300] imu_att:-16.692,0.417,-1.877,-125.382,51.864,17.500
[18:00:37.339] imu_att:-16.110,0.575,-1.874,-125.031,51.549,18.233
[18:00:37.379] imu_att:-16.523,0.461,-1.889,-124.919,52.322,18.883
[18:00:37.419] imu_att:-16.758,0.482,-1.882,-123.898,53.064,19.558
[18:00:37.460] imu_att:-17.257,0.273,-1.836,-122.963,53.983,20.275
[18:00:37.500] imu_att:-17.489,0.384,-1.766,-123.075,54.317,21.018
[18:00:37.539] imu_att:-18.582,0.212,-1.767,-121.178,56.044,21.692
[18:00:37.579] imu_att:-19.088,0.166,-1.765,-119.537,57.514,22.371
[18:00:37.618] imu_att:-19.738,0.121,-1.776,-117.290,59.049,23.040
[18:00:37.660] imu_att:-20.017,0.165,-1.786,-117.313,59.944,23.712
[18:00:37.700] imu_att:-19.818,0.204,-1.797,-117.629,59.763,24.385
[18:00:37.739] imu_att:-19.887,0.175,-1.801,-116.902,60.237,25.068
[18:00:37.778] imu_att:-20.171,0.031,-1.812,-116.560,60.726,25.746
[18:00:37.820] imu_att:-20.168,0.216,-1.823,-116.446,60.672,26.426
[18:00:37.860] imu_att:-20.247,0.288,-1.841,-116.403,60.959,27.102
[18:00:37.899] imu_att:-20.203,0.334,-1.839,-115.312,61.565,27.730
[18:00:37.939] imu_att:-20.735,0.226,-1.834,-113.997,62.564,28.433
[18:00:37.978] imu_att:-20.740,0.160,-1.834,-115.106,62.190,29.204
[18:00:38.020] imu_att:-20.753,0.143,-1.828,-114.637,62.550,29.913
[18:00:38.059] imu_att:-20.750,0.231,-1.818,-114.008,62.746,30.628
[18:00:38.099] imu_att:-21.268,0.200,-1.830,-113.057,63.920,31.253
[18:00:38.138] imu_att:-21.607,0.262,-1.825,-112.974,64.247,32.038
[18:00:38.179] imu_att:-21.769,0.291,-1.817,-112.511,64.685,32.687
[18:00:38.219] imu_att:-21.648,0.157,-1.817,-112.330,64.552,33.402
[18:00:38.259] imu_att:-21.559,0.090,-1.819,-112.551,64.544,34.188
[18:00:38.298] imu_att:-21.323,0.075,-1.823,-113.076,64.155,34.831
[18:00:38.340] imu_att:-21.331,0.178,-1.831,-113.245,64.151,35.617
[18:00:38.379] imu_att:-21.166,0.103,-1.826,-114.067,63.231,36.346
[18:00:38.419] imu_att:-21.257,0.233,-1.812,-112.590,64.265,37.014
[18:00:38.459] imu_att:-21.409,-0.031,-1.813,-113.755,63.661,37.814
[18:00:38.498] imu_att:-21.820,0.040,-1.832,-111.980,65.002,38.525
[18:00:38.540] imu_att:-21.880,0.152,-1.843,-112.566,65.098,39.174
[18:00:38.579] imu_att:-21.839,0.202,-1.840,-112.062,65.241,39.912
[18:00:38.619] imu_att:-21.765,0.172,-1.844,-112.942,64.517,40.720
[18:00:38.658] imu_att:-21.892,0.056,-1.852,-111.553,65.551,41.453
[18:00:38.700] imu_att:-21.671,0.111,-1.849,-112.973,64.551,42.198
[18:00:38.739] imu_att:-21.730,0.033,-1.848,-112.484,64.501,42.944
[18:00:38.779] imu_att:-21.828,0.016,-1.857,-112.775,64.745,43.607
[18:00:38.819] imu_att:-21.863,0.079,-1.864,-111.642,64.878,44.425
[18:00:38.858] imu_att:-21.851,0.062,-1.857,-111.027,65.723,45.108
[18:00:38.900] imu_att:-21.868,0.078,-1.856,-112.273,65.073,45.863
[18:00:38.939] imu_att:-21.921,0.068,-1.854,-112.708,64.739,46.697
[18:00:38.979] imu_att:-22.191,-0.001,-1.873,-112.306,65.300,47.437
[18:00:39.019] imu_att:-22.114,-0.132,-1.925,-111.315,65.438,48.146
[18:00:39.060] imu_att:-21.014,-0.032,-1.954,-114.167,64.034,48.881
[18:00:39.099] imu_att:-19.772,0.161,-1.952,-117.627,60.694,49.648
[18:00:39.139] imu_att:-18.850,0.004,-1.942,-119.055,58.940,50.426
[18:00:39.179] imu_att:-18.226,0.006,-1.920,-120.625,57.054,51.219
[18:00:39.218] imu_att:-17.505,-0.125,-1.906,-122.453,55.136,51.928
[18:00:39.260] imu_att:-16.491,-0.170,-1.911,-125.663,52.593,52.501
[18:00:39.299] imu_att:-15.448,0.175,-1.916,-127.958,49.673,52.335
[18:00:39.339] imu_att:-14.420,0.281,-1.912,-131.302,46.802,51.912
[18:00:39.379] imu_att:-12.814,0.371,-1.931,-136.466,41.909,51.461
[18:00:39.420] imu_att:-11.277,0.417,-1.948,-139.801,38.205,51.009
[18:00:39.459] imu_att:-9.515,0.449,-1.985,-145.245,33.499,50.536
[18:00:39.499] imu_att:-8.351,0.445,-2.049,-147.946,30.428,50.033
[18:00:39.539] imu_att:-6.494,0.379,-2.060,-152.470,25.619,49.581
[18:00:39.580] imu_att:-5.555,0.432,-2.034,-154.444,22.874,49.163
[18:00:39.619] imu_att:-4.991,0.231,-2.028,-157.910,20.107,48.724
[18:00:39.659] imu_att:-4.259,0.094,-2.044,-158.719,18.768,48.259
[18:00:39.699] imu_att:-3.591,0.194,-2.068,-161.531,15.554,47.784
[18:00:39.738] imu_att:-2.785,0.353,-2.062,-165.088,13.055,47.338
[18:00:39.780] imu_att:-2.150,0.342,-2.055,-166.369,11.898,46.889
[18:00:39.820] imu_att:-1.783,0.336,-2.062,-168.222,9.913,46.471
[18:00:39.859] imu_att:-1.010,0.323,-2.070,-171.080,6.712,45.957
[18:00:39.899] imu_att:-0.354,-0.845,-2.093,-172.397,5.027,45.473
[18:00:39.938] imu_att:0.482,0.002,-2.061,-171.591,5.671,45.087
[18:00:39.979] imu_att:-0.207,-0.253,-2.038,-172.198,4.838,44.597
[18:00:40.019] imu_att:-0.182,-0.574,-2.041,-172.569,4.598,44.125
[18:00:40.059] imu_att:-0.132,0.102,-2.037,-171.506,5.300,43.658
[18:00:40.098] imu_att:-0.133,0.308,-2.041,-170.632,6.389,43.228
[18:00:40.140] imu_att:-0.164,-0.043,-2.031,-171.458,5.973,42.715
[18:00:40.179] imu_att:-0.153,-0.303,-2.029,-172.528,4.789,42.239
[18:00:40.219] imu_att:-0.129,-0.206,-2.027,-173.038,4.426,41.761
[18:00:40.258] imu_att:-0.116,0.208,-2.023,-171.648,5.387,41.282
[18:00:40.300] imu_att:-0.139,-0.039,-2.025,-171.475,5.593,40.795
[18:00:40.339] imu_att:-0.127,-0.082,-2.024,-172.108,5.363,40.358
[18:00:40.379] imu_att:-0.131,-0.042,-2.025,-171.775,5.512,39.819
[18:00:40.418] imu_att:-0.142,-0.017,-2.026,-171.483,5.577,39.375
[18:00:40.459] imu_att:-0.132,-0.044,-2.026,-173.343,4.619,38.832
[18:00:40.499] imu_att:-0.126,0.063,-2.032,-172.209,4.887,38.330
[18:00:40.539] imu_att:-0.119,-0.108,-2.029,-171.833,5.389,37.834
[18:00:40.579] imu_att:-0.121,-0.141,-2.028,-172.190,4.985,37.384
[18:00:40.619] imu_att:-0.147,0.048,-2.029,-171.314,5.886,36.830
[18:00:40.660] imu_att:-0.125,-0.035,-2.029,-171.313,6.146,36.324
[18:00:40.699] imu_att:-0.142,0.359,-2.035,-171.252,5.903,35.861
[18:00:40.739] imu_att:-0.123,0.962,-2.041,-170.217,6.614,35.345
[18:00:40.779] imu_att:-0.128,0.366,-2.049,-170.285,6.919,34.774
[18:00:40.820] imu_att:-0.134,-1.030,-2.059,-173.701,4.311,34.249
[18:00:40.859] imu_att:-0.232,-0.490,-2.085,-172.222,4.513,33.705
[18:00:40.899] imu_att:-0.154,-0.667,-2.121,-173.052,4.485,33.150
[18:00:40.939] imu_att:0.099,-1.210,-2.113,-173.505,3.679,32.637
[18:00:40.978] imu_att:-0.046,-0.163,-2.097,-172.113,4.577,32.128
[18:00:41.020] imu_att:-0.098,1.452,-2.106,-169.692,7.360,31.593
[18:00:41.059] imu_att:-0.119,0.972,-2.113,-170.612,6.938,31.111
[18:00:41.099] imu_att:-0.068,-0.362,-2.116,-172.567,5.184,30.524
[18:00:41.138] imu_att:-0.155,-0.377,-2.125,-172.020,4.785,29.981
[18:00:41.179] imu_att:-0.153,-0.110,-2.137,-172.300,5.311,29.488
[18:00:41.219] imu_att:-0.118,0.024,-2.147,-172.044,5.108,28.886
[18:00:41.259] imu_att:-0.053,-0.137,-2.156,-172.038,5.071,28.337
[18:00:41.299] imu_att:-0.125,-0.087,-2.175,-171.519,5.678,27.776
[18:00:41.340] imu_att:-0.261,-0.090,-2.231,-171.544,5.360,27.175
[18:00:41.380] imu_att:-0.080,0.215,-2.291,-172.047,5.385,26.567
[18:00:41.419] imu_att:0.041,0.647,-2.332,-171.073,6.034,25.977
[18:00:41.459] imu_att:0.058,0.610,-2.369,-172.103,5.487,25.389
[18:00:41.498] imu_att:0.668,1.094,-2.373,-172.824,4.593,24.831
[18:00:41.539] imu_att:1.616,0.759,-2.352,-175.757,2.253,24.295
[18:00:41.579] imu_att:2.787,0.274,-2.360,-177.340,-0.000,23.728
[18:00:41.619] imu_att:4.162,0.124,-2.360,-177.765,-0.424,23.224
[18:00:41.659] imu_att:5.559,0.221,-2.365,178.307,-4.163,22.600
[18:00:41.700] imu_att:7.087,0.292,-2.345,175.700,-6.504,22.054
[18:00:41.739] imu_att:8.033,0.413,-2.331,175.091,-7.407,21.557
[18:00:41.779] imu_att:9.377,0.228,-2.322,172.507,-9.917,20.939
[18:00:41.819] imu_att:10.220,0.244,-2.331,171.949,-10.924,20.357
[18:00:41.859] imu_att:10.890,0.546,-2.335,170.985,-11.781,19.779
[18:00:41.900] imu_att:11.475,0.458,-2.336,170.325,-12.166,19.201
[18:00:41.939] imu_att:12.036,0.175,-2.335,169.456,-13.201,18.622
[18:00:41.979] imu_att:12.641,-0.018,-2.352,168.077,-14.408,18.082
[18:00:42.019] imu_att:13.848,0.264,-2.368,168.612,-14.424,17.424
[18:00:42.060] imu_att:14.300,0.470,-2.378,167.792,-14.977,16.827
[18:00:42.099] imu_att:14.601,0.327,-2.390,167.689,-15.019,16.227
[18:00:42.139] imu_att:14.650,0.251,-2.415,166.703,-16.042,15.611
[18:00:42.179] imu_att:14.964,0.409,-2.419,167.394,-15.885,15.073
[18:00:42.220] imu_att:14.915,0.123,-2.424,166.558,-16.260,14.413
[18:00:42.259] imu_att:15.352,0.455,-2.428,166.166,-16.532,13.811
[18:00:42.299] imu_att:15.747,0.304,-2.441,165.574,-17.000,13.197
[18:00:42.339] imu_att:15.787,0.551,-2.451,165.061,-17.663,12.585
[18:00:42.378] imu_att:16.232,0.318,-2.448,164.587,-17.931,11.983
[18:00:42.420] imu_att:16.831,0.117,-2.469,164.525,-18.218,11.355
[18:00:42.459] imu_att:17.176,0.249,-2.494,164.144,-18.380,10.721
[18:00:42.499] imu_att:16.956,0.163,-2.493,164.836,-17.937,10.110
[18:00:42.539] imu_att:16.136,0.267,-2.496,165.251,-17.502,9.554
[18:00:42.579] imu_att:16.066,0.339,-2.492,165.052,-17.671,8.880
[18:00:42.619] imu_att:16.302,0.286,-2.494,165.245,-17.539,8.259
[18:00:42.659] imu_att:16.377,0.325,-2.493,164.276,-17.959,7.701
[18:00:42.699] imu_att:16.627,0.215,-2.494,164.905,-17.849,7.015
[18:00:42.738] imu_att:16.597,0.377,-2.494,164.328,-18.351,6.389
[18:00:42.780] imu_att:16.555,0.274,-2.484,165.037,-17.545,5.771
[18:00:42.819] imu_att:16.426,0.247,-2.484,164.230,-18.017,5.141
[18:00:42.859] imu_att:16.387,0.289,-2.484,164.408,-18.234,4.508
[18:00:42.899] imu_att:16.367,0.241,-2.486,164.242,-18.345,3.871
[18:00:42.940] imu_att:16.438,0.269,-2.488,164.553,-17.987,3.232
[18:00:42.979] imu_att:16.683,0.321,-2.491,164.099,-18.659,2.654
[18:00:43.019] imu_att:16.936,0.186,-2.487,163.958,-18.928,2.016
[18:00:43.059] imu_att:17.174,0.210,-2.486,163.994,-18.811,1.308
[18:00:43.099] imu_att:17.401,0.330,-2.488,164.758,-18.274,0.659
[18:00:43.140] imu_att:17.368,0.127,-2.487,164.449,-18.312,0.012
[18:00:43.179] imu_att:17.226,0.257,-2.495,163.863,-18.713,-0.647
[18:00:43.219] imu_att:17.129,0.289,-2.493,164.487,-18.410,-1.299
[18:00:43.258] imu_att:17.025,0.115,-2.495,163.924,-18.661,-1.891
[18:00:43.298] imu_att:17.287,0.232,-2.494,164.444,-18.444,-2.549
[18:00:43.339] imu_att:17.315,0.260,-2.495,164.081,-18.646,-3.210
[18:00:43.379] imu_att:17.406,0.206,-2.497,163.834,-19.096,-3.941
[18:00:43.419] imu_att:17.441,0.194,-2.494,164.084,-18.756,-4.603
[18:00:43.458] imu_att:17.519,0.221,-2.496,163.070,-19.393,-5.272
[18:00:43.500] imu_att:17.740,0.251,-2.498,163.390,-19.385,-5.944
[18:00:43.539] imu_att:17.727,0.209,-2.498,163.850,-18.887,-6.616
[18:00:43.579] imu_att:17.679,0.140,-2.492,163.794,-18.947,-7.284
[18:00:43.619] imu_att:17.627,0.113,-2.490,163.695,-18.876,-7.959
[18:00:43.660] imu_att:17.682,0.226,-2.497,163.288,-19.326,-8.646
[18:00:43.699] imu_att:17.900,0.137,-2.504,163.782,-19.437,-9.334
[18:00:43.739] imu_att:18.021,0.146,-2.508,163.484,-19.269,-9.953
[18:00:43.779] imu_att:17.942,0.173,-2.511,163.078,-19.478,-10.711
[18:00:43.818] imu_att:18.047,0.176,-2.515,163.397,-19.353,-11.403
[18:00:43.859] imu_att:18.012,0.173,-2.515,163.069,-19.630,-12.093
[18:00:43.899] imu_att:18.019,0.088,-2.512,162.867,-19.669,-12.784
[18:00:43.939] imu_att:18.126,0.129,-2.515,162.236,-19.987,-13.482
[18:00:43.979] imu_att:18.282,0.200,-2.519,162.482,-19.983,-14.184
[18:00:44.020] imu_att:18.227,0.085,-2.522,162.715,-19.788,-14.887
[18:00:44.059] imu_att:18.338,0.134,-2.524,162.775,-19.990,-15.521
[18:00:44.099] imu_att:18.631,0.186,-2.524,163.390,-19.459,-16.296
[18:00:44.139] imu_att:18.671,0.113,-2.529,163.003,-19.879,-17.007
[18:00:44.180] imu_att:18.435,0.168,-2.530,162.885,-19.967,-17.656
[18:00:44.220] imu_att:18.469,0.213,-2.529,162.691,-20.021,-18.175
[18:00:44.259] imu_att:18.566,0.099,-2.528,162.692,-20.378,-18.654
[18:00:44.299] imu_att:18.620,0.144,-2.529,162.942,-19.825,-19.000
[18:00:44.339] imu_att:18.562,0.108,-2.536,161.874,-20.469,-19.317
[18:00:44.380] imu_att:18.347,0.097,-2.558,162.634,-20.169,-19.626
[18:00:44.419] imu_att:18.346,0.268,-2.576,162.652,-20.151,-19.849
[18:00:44.459] imu_att:18.420,0.260,-2.579,162.697,-20.063,-19.987
[18:00:44.498] imu_att:18.425,0.265,-2.579,162.791,-19.993,-20.099
[18:00:44.538] imu_att:18.708,0.325,-2.572,163.264,-19.516,-20.120
[18:00:44.580] imu_att:18.689,0.279,-2.567,162.757,-19.826,-20.124
[18:00:44.619] imu_att:18.606,0.266,-2.566,162.370,-20.122,-20.173
[18:00:44.659] imu_att:18.661,-0.016,-2.568,162.713,-19.997,-20.228
[18:00:44.698] imu_att:18.693,0.146,-2.565,163.274,-19.625,-20.260
[18:00:44.739] imu_att:18.526,0.176,-2.571,162.942,-19.868,-20.292
[18:00:44.779] imu_att:18.508,0.237,-2.581,162.900,-19.842,-20.308
[18:00:44.819] imu_att:18.423,0.285,-2.579,162.657,-19.878,-20.287
[18:00:44.859] imu_att:18.571,0.150,-2.580,162.739,-19.987,-20.320
[18:00:44.898] imu_att:18.711,0.162,-2.581,163.240,-19.649,-20.345
[18:00:44.939] imu_att:18.380,0.276,-2.585,163.350,-19.274,-20.209
[18:00:44.979] imu_att:17.916,0.391,-2.579,164.721,-18.316,-20.045
[18:00:45.019] imu_att:17.343,0.238,-2.555,164.240,-18.438,-19.799
[18:00:45.058] imu_att:17.024,0.198,-2.546,165.395,-17.719,-19.620
[18:00:45.099] imu_att:15.710,0.596,-2.540,166.728,-16.206,-19.148
[18:00:45.139] imu_att:14.066,0.368,-2.525,167.864,-15.048,-18.635
[18:00:45.179] imu_att:13.013,0.084,-2.515,168.366,-14.466,-18.125
[18:00:45.218] imu_att:12.210,0.210,-2.490,171.180,-12.389,-17.648
[18:00:45.259] imu_att:10.502,0.047,-2.461,172.113,-11.366,-17.116
[18:00:45.299] imu_att:8.485,0.834,-2.448,174.609,-8.786,-16.545
[18:00:45.339] imu_att:7.138,0.805,-2.446,176.026,-6.878,-16.033
[18:00:45.379] imu_att:6.562,0.448,-2.437,176.085,-6.790,-15.564
[18:00:45.418] imu_att:6.470,0.772,-2.435,177.808,-5.360,-15.049
[18:00:45.459] imu_att:6.137,0.592,-2.459,177.936,-4.777,-14.504
[18:00:45.499] imu_att:5.592,0.435,-2.464,178.652,-4.222,-14.043
[18:00:45.539] imu_att:4.873,0.538,-2.456,-179.954,-3.584,-13.514
[18:00:45.578] imu_att:4.191,0.396,-2.450,-178.880,-1.551,-12.985
[18:00:45.620] imu_att:3.445,0.402,-2.438,-178.343,-1.229,-12.396
[18:00:45.659] imu_att:2.921,0.378,-2.432,-176.989,-0.128,-11.915
[18:00:45.699] imu_att:2.463,0.451,-2.423,-176.161,0.996,-11.323
[18:00:45.738] imu_att:1.904,0.312,-2.429,-175.396,1.649,-10.796
[18:00:45.780] imu_att:1.397,0.480,-2.440,-174.258,2.862,-10.272
[18:00:45.820] imu_att:1.008,0.516,-2.452,-172.810,3.916,-9.748
[18:00:45.859] imu_att:0.742,0.433,-2.458,-173.037,3.917,-9.215
[18:00:45.899] imu_att:0.484,0.444,-2.455,-171.838,4.852,-8.670
[18:00:45.938] imu_att:0.425,0.508,-2.456,-172.733,4.586,-8.126
[18:00:45.979] imu_att:0.135,0.476,-2.444,-172.091,5.346,-7.568
[18:00:46.019] imu_att:0.267,0.285,-2.436,-172.445,4.783,-7.011
[18:00:46.059] imu_att:0.205,0.353,-2.432,-171.985,5.420,-6.457
[18:00:46.098] imu_att:0.171,0.273,-2.424,-171.974,5.550,-5.951
[18:00:46.139] imu_att:0.011,0.149,-2.410,-172.506,5.235,-5.325
[18:00:46.179] imu_att:-0.009,0.113,-2.399,-171.545,5.497,-4.813
[18:00:46.219] imu_att:0.064,-0.046,-2.386,-172.180,5.047,-4.184
[18:00:46.258] imu_att:-0.044,-0.020,-2.374,-172.417,4.752,-3.609
[18:00:46.298] imu_att:-0.041,0.208,-2.367,-172.330,4.995,-3.094
[18:00:46.339] imu_att:-0.037,0.057,-2.360,-172.308,5.050,-2.463
[18:00:46.379] imu_att:-0.070,0.075,-2.357,-171.791,5.571,-1.891
[18:00:46.419] imu_att:-0.078,-0.034,-2.357,-171.083,5.743,-1.319
[18:00:46.458] imu_att:-0.060,0.064,-2.370,-171.467,5.631,-0.758
[18:00:46.499] imu_att:-0.043,-0.062,-2.372,-171.919,5.296,-0.183
[18:00:46.539] imu_att:-0.075,0.104,-2.377,-172.093,5.139,0.391
[18:00:46.579] imu_att:-0.158,0.218,-2.398,-171.860,5.284,0.951
[18:00:46.618] imu_att:0.318,0.349,-2.376,-171.555,5.772,1.498
[18:00:46.659] imu_att:-0.391,-0.340,-2.390,-172.432,5.260,2.128
[18:00:46.700] imu_att:-0.053,-0.475,-2.384,-172.169,4.895,2.609
[18:00:46.739] imu_att:-0.031,-0.295,-2.381,-172.449,4.738,2.982
[18:00:46.778] imu_att:-0.029,0.101,-2.377,-171.964,5.007,3.298
[18:00:46.820] imu_att:-0.102,0.378,-2.380,-170.667,6.105,3.690
[18:00:46.859] imu_att:-0.083,-0.027,-2.381,-172.714,5.060,4.078
[18:00:46.899] imu_att:-0.043,-0.037,-2.378,-172.175,5.072,4.243
[18:00:46.938] imu_att:-0.067,0.110,-2.379,-171.764,5.306,4.401
[18:00:46.978] imu_att:-0.055,-0.001,-2.378,-172.098,5.174,4.541
[18:00:47.019] imu_att:-0.070,0.009,-2.380,-172.770,4.747,4.651
[18:00:47.059] imu_att:-0.074,-0.008,-2.381,-172.424,4.863,4.676
[18:00:47.099] imu_att:-0.052,-0.008,-2.383,-172.049,5.382,4.789
[18:00:47.140] imu_att:-0.057,-0.002,-2.382,-171.226,5.900,4.968
[18:00:47.179] imu_att:-0.054,0.019,-2.383,-172.018,4.967,4.994
[18:00:47.219] imu_att:-0.042,0.018,-2.383,-172.358,5.082,5.037
[18:00:47.258] imu_att:-0.060,0.019,-2.383,-172.614,4.796,5.014
[18:00:47.298] imu_att:-0.053,0.005,-2.383,-172.423,4.841,4.966
[18:00:47.339] imu_att:-0.057,0.009,-2.384,-171.974,5.349,5.006
[18:00:47.379] imu_att:-0.056,-0.006,-2.386,-171.571,5.539,5.068
[18:00:47.419] imu_att:-0.062,0.004,-2.386,-171.518,5.383,5.118
[18:00:47.458] imu_att:-0.044,-0.005,-2.386,-172.039,5.156,5.104
[18:00:47.499] imu_att:-0.051,0.014,-2.387,-172.089,5.190,5.117
[18:00:47.539] imu_att:-0.049,0.002,-2.388,-172.281,4.968,5.131
[18:00:47.579] imu_att:-0.054,0.010,-2.389,-172.027,5.493,5.166
[18:00:47.618] imu_att:-0.051,0.004,-2.390,-172.695,4.852,5.158
[18:00:47.660] imu_att:-0.046,0.008,-2.389,-171.736,5.228,5.121
[18:00:47.699] imu_att:-0.057,0.019,-2.388,-172.610,4.764,5.069
[18:00:47.739] imu_att:-0.059,-0.010,-2.388,-172.375,5.094,5.074
[18:00:47.778] imu_att:-0.073,0.011,-2.387,-171.749,5.208,5.047
[18:00:47.820] imu_att:-0.073,-0.005,-2.386,-173.004,4.409,4.943
[18:00:47.859] imu_att:-0.060,-0.003,-2.387,-172.136,5.155,4.907
[18:00:47.899] imu_att:-0.049,0.009,-2.387,-171.745,5.033,4.810
[18:00:47.938] imu_att:-0.045,0.007,-2.388,-171.982,5.050,4.819
[18:00:47.978] imu_att:-0.051,-0.001,-2.388,-171.993,5.251,4.890
[18:00:48.019] imu_att:-0.049,0.002,-2.388,-171.518,5.619,4.966
[18:00:48.059] imu_att:-0.056,-0.009,-2.387,-172.593,4.785,4.999
[18:00:48.099] imu_att:-0.063,-0.015,-2.387,-171.881,5.403,5.021
[18:00:48.138] imu_att:-0.072,-0.006,-2.387,-172.907,4.600,5.033
[18:00:48.179] imu_att:-0.058,-0.013,-2.389,-172.363,4.670,4.967
[18:00:48.219] imu_att:-0.047,0.005,-2.391,-172.016,5.200,4.978
[18:00:48.259] imu_att:-0.040,-0.000,-2.392,-172.308,5.166,5.028
[18:00:48.298] imu_att:-0.046,0.010,-2.391,-172.464,4.840,5.023
[18:00:48.339] imu_att:-0.036,0.002,-2.394,-172.105,5.392,5.028
[18:00:48.379] imu_att:-0.053,0.004,-2.395,-172.407,5.048,5.099
[18:00:48.419] imu_att:-0.052,-0.002,-2.396,-173.046,4.402,5.038
[18:00:48.458] imu_att:-0.052,-0.019,-2.396,-173.441,3.828,4.834
[18:00:48.499] imu_att:-0.052,-0.013,-2.395,-172.306,4.826,4.787
[18:00:48.539] imu_att:-0.050,-0.010,-2.395,-172.024,5.023,4.800
[18:00:48.579] imu_att:-0.045,0.004,-2.396,-171.632,5.328,4.811
[18:00:48.618] imu_att:-0.043,0.004,-2.396,-172.414,4.940,4.836
[18:00:48.659] imu_att:-0.059,0.084,-2.398,-171.977,5.224,4.885
[18:00:48.699] imu_att:-0.070,0.314,-2.400,-172.068,5.344,4.964
[18:00:48.739] imu_att:-0.052,0.493,-2.405,-171.076,5.988,5.124
[18:00:48.779] imu_att:0.005,-0.332,-2.403,-172.710,5.057,5.199
[18:00:48.818] imu_att:-0.096,-0.598,-2.406,-173.332,3.964,5.103
[18:00:48.860] imu_att:-0.091,-0.013,-2.413,-172.475,4.630,4.929
[18:00:48.899] imu_att:-0.131,0.030,-2.430,-172.305,5.008,4.919
[18:00:48.938] imu_att:-0.247,0.090,-2.479,-171.302,5.844,4.984
[18:00:48.978] imu_att:-0.131,0.391,-2.527,-171.235,5.976,5.105
[18:00:49.019] imu_att:-0.079,0.337,-2.578,-172.255,5.429,5.217
[18:00:49.059] imu_att:-2.087,-0.224,-2.881,-171.956,5.426,4.956
[18:00:49.099] imu_att:-1.222,-0.322,-3.407,-173.460,4.026,4.426
[18:00:49.138] imu_att:1.237,0.897,-3.715,-172.797,4.206,4.065
[18:00:49.179] imu_att:2.307,2.868,-3.717,-170.830,6.068,4.269
[18:00:49.219] imu_att:1.319,3.932,-3.604,-168.354,8.312,4.890
[18:00:49.259] imu_att:0.409,4.406,-3.502,-167.641,9.575,5.596
[18:00:49.298] imu_att:-0.356,4.485,-3.482,-167.607,9.877,6.222
[18:00:49.339] imu_att:-0.172,5.811,-3.497,-166.238,10.773,6.816
[18:00:49.379] imu_att:0.385,7.122,-3.470,-164.792,11.989,7.394
[18:00:49.419] imu_att:0.203,8.501,-3.426,-163.892,13.089,8.112
[18:00:49.459] imu_att:0.425,9.707,-3.357,-162.619,14.292,8.735
[18:00:49.500] imu_att:0.570,11.184,-3.214,-161.963,15.201,9.558
[18:00:49.539] imu_att:0.402,12.113,-3.054,-161.510,15.612,10.339
[18:00:49.579] imu_att:0.306,12.566,-2.875,-161.251,15.825,11.140
[18:00:49.619] imu_att:-0.050,13.060,-2.728,-160.353,16.240,11.912
[18:00:49.660] imu_att:-0.739,13.324,-2.696,-160.328,16.695,12.572
[18:00:49.700] imu_att:-0.400,13.579,-2.726,-160.768,16.662,13.172
[18:00:49.739] imu_att:0.076,13.982,-2.745,-161.077,16.164,13.745
[18:00:49.779] imu_att:0.129,14.616,-2.762,-161.219,16.132,14.194
[18:00:49.819] imu_att:0.176,14.972,-2.776,-161.020,16.312,14.615
[18:00:49.860] imu_att:0.242,15.073,-2.783,-160.595,16.510,14.934
[18:00:49.899] imu_att:0.265,15.477,-2.781,-160.853,16.687,15.291
[18:00:49.939] imu_att:0.292,15.770,-2.762,-160.065,16.880,15.585
[18:00:49.979] imu_att:0.076,15.853,-2.769,-160.486,16.889,15.869
[18:00:50.019] imu_att:0.012,16.007,-2.798,-160.257,16.841,16.036
[18:00:50.059] imu_att:0.350,16.235,-2.810,-160.344,16.852,16.230
[18:00:50.099] imu_att:0.234,16.468,-2.815,-160.375,16.854,16.395
[18:00:50.138] imu_att:0.407,16.323,-2.804,-160.957,16.597,16.516
[18:00:50.179] imu_att:0.282,16.256,-2.784,-160.543,16.696,16.582
[18:00:50.219] imu_att:0.304,16.259,-2.757,-159.846,17.475,16.766
[18:00:50.259] imu_att:0.240,16.116,-2.727,-160.767,16.539,16.846
[18:00:50.299] imu_att:0.104,16.035,-2.714,-160.643,16.604,16.870
[18:00:50.340] imu_att:0.155,15.981,-2.704,-160.611,16.671,16.883
[18:00:50.379] imu_att:0.100,15.834,-2.707,-160.879,16.431,16.859
[18:00:50.419] imu_att:0.245,15.810,-2.709,-160.427,16.806,16.873
[18:00:50.459] imu_att:0.264,16.050,-2.700,-160.060,17.086,16.929
[18:00:50.498] imu_att:0.505,15.768,-2.652,-161.096,16.346,16.971
[18:00:50.539] imu_att:0.263,15.522,-2.601,-160.435,16.663,16.975
[18:00:50.579] imu_att:0.298,15.346,-2.542,-160.812,16.623,17.027
[18:00:50.619] imu_att:0.112,15.385,-2.498,-160.047,16.742,17.006
[18:00:50.658] imu_att:-0.086,15.263,-2.493,-160.104,17.071,17.051
[18:00:50.699] imu_att:0.187,14.992,-2.493,-160.350,16.781,17.026
[18:00:50.739] imu_att:-0.018,14.984,-2.513,-160.416,16.755,16.957
[18:00:50.779] imu_att:0.141,15.031,-2.538,-160.367,16.999,16.940
[18:00:50.818] imu_att:0.261,14.996,-2.543,-160.737,16.979,16.999
[18:00:50.859] imu_att:0.139,14.984,-2.551,-159.818,17.306,17.024
[18:00:50.899] imu_att:-0.009,14.327,-2.576,-160.656,16.805,17.062
[18:00:50.939] imu_att:0.386,13.285,-2.569,-160.761,16.686,17.048
[18:00:50.979] imu_att:0.451,12.449,-2.515,-160.979,16.414,17.072
[18:00:51.020] imu_att:-0.181,11.584,-2.508,-160.831,16.389,16.985
[18:00:51.059] imu_att:-0.219,10.814,-2.557,-160.996,16.150,16.809
[18:00:51.099] imu_att:-0.101,9.937,-2.619,-161.811,15.575,16.643
[18:00:51.139] imu_att:0.361,9.389,-2.642,-162.179,15.141,16.399
[18:00:51.178] imu_att:0.341,8.727,-2.630,-162.817,14.646,16.157
[18:00:51.219] imu_att:0.175,7.991,-2.612,-162.983,14.456,15.922
[18:00:51.259] imu_att:0.111,7.206,-2.587,-163.040,14.087,15.643
[18:00:51.299] imu_att:0.160,6.323,-2.548,-163.519,13.435,15.350
[18:00:51.338] imu_att:0.320,5.303,-2.471,-165.316,12.349,14.980
[18:00:51.380] imu_att:0.195,4.423,-2.374,-165.973,11.589,14.523
[18:00:51.419] imu_att:-1.004,3.297,-2.415,-166.348,11.082,13.913
[18:00:51.459] imu_att:-0.766,2.584,-2.541,-167.738,10.024,13.237
[18:00:51.498] imu_att:0.375,2.107,-2.586,-168.406,8.885,12.612
[18:00:51.539] imu_att:0.409,1.339,-2.573,-169.119,7.703,12.043
[18:00:51.579] imu_att:0.112,1.034,-2.555,-170.160,7.437,11.477
[18:00:51.619] imu_att:0.215,0.734,-2.514,-169.853,7.270,10.933
[18:00:51.658] imu_att:0.003,0.636,-2.488,-171.309,6.431,10.370
[18:00:51.698] imu_att:-0.155,0.047,-2.478,-171.395,6.011,9.789
[18:00:51.739] imu_att:-0.337,0.339,-2.501,-170.896,6.247,9.173
[18:00:51.779] imu_att:-0.040,0.507,-2.494,-170.817,6.545,8.749
[18:00:51.819] imu_att:0.024,0.363,-2.476,-170.960,6.273,8.309
[18:00:51.858] imu_att:-0.246,0.360,-2.481,-171.609,5.751,7.872
[18:00:51.899] imu_att:-0.145,0.174,-2.501,-171.430,5.333,7.339
[18:00:51.939] imu_att:0.322,0.094,-2.462,-171.982,5.424,7.073
[18:00:51.979] imu_att:-0.251,0.117,-2.433,-171.536,5.603,6.754
[18:00:52.018] imu_att:-0.152,0.165,-2.431,-171.280,6.228,6.618
[18:00:52.058] imu_att:-0.197,0.042,-2.438,-171.799,5.482,6.476
[18:00:52.099] imu_att:-0.126,0.029,-2.436,-172.316,5.218,6.284
[18:00:52.139] imu_att:-0.079,0.054,-2.437,-172.043,4.923,6.010
[18:00:52.179] imu_att:-0.082,0.048,-2.437,-171.131,5.813,5.881
[18:00:52.218] imu_att:-0.091,0.048,-2.439,-171.942,5.341,5.804
[18:00:52.259] imu_att:-0.090,0.036,-2.440,-171.899,5.293,5.681
[18:00:52.299] imu_att:-0.098,0.017,-2.439,-172.416,5.149,5.614
[18:00:52.339] imu_att:-0.081,0.027,-2.438,-171.407,5.326,5.498
[18:00:52.378] imu_att:-0.086,0.017,-2.439,-171.647,5.611,5.511
[18:00:52.419] imu_att:-0.087,0.027,-2.438,-171.207,6.021,5.576
[18:00:52.459] imu_att:-0.092,0.022,-2.437,-171.554,5.370,5.551
[18:00:52.499] imu_att:-0.072,0.017,-2.438,-171.299,5.400,5.519
[18:00:52.539] imu_att:-0.058,0.007,-2.438,-171.813,5.532,5.527
[18:00:52.579] imu_att:-0.081,0.018,-2.439,-172.583,5.035,5.494
[18:00:52.619] imu_att:-0.083,0.014,-2.439,-171.708,5.384,5.454
[18:00:52.659] imu_att:-0.089,0.013,-2.439,-171.912,5.321,5.427
[18:00:52.698] imu_att:-0.076,0.006,-2.439,-171.795,5.271,5.397
[18:00:52.739] imu_att:-0.084,0.022,-2.440,-171.182,5.318,5.342
[18:00:52.779] imu_att:-0.082,0.032,-2.440,-172.027,5.311,5.334
[18:00:52.819] imu_att:-0.084,0.024,-2.442,-172.606,4.782,5.284
[18:00:52.859] imu_att:-0.074,0.016,-2.441,-171.723,5.563,5.330
[18:00:52.898] imu_att:-0.062,0.011,-2.441,-171.703,5.551,5.362
[18:00:52.939] imu_att:-0.061,0.014,-2.441,-171.391,5.785,5.409
[18:00:52.979] imu_att:-0.071,0.018,-2.441,-172.914,5.235,5.412
[18:00:53.019] imu_att:-0.084,0.039,-2.441,-172.273,4.971,5.325
[18:00:53.058] imu_att:-0.066,0.022,-2.442,-172.018,5.337,5.307
[18:00:53.099] imu_att:-0.080,0.016,-2.442,-170.922,6.248,5.405
[18:00:53.139] imu_att:-0.082,0.011,-2.443,-172.307,5.220,5.449
[18:00:53.179] imu_att:-0.093,0.035,-2.442,-171.631,5.454,5.367
[18:00:53.218] imu_att:-0.068,0.027,-2.442,-171.618,5.684,5.427
[18:00:53.260] imu_att:-0.061,0.012,-2.441,-171.623,5.595,5.470
[18:00:53.299] imu_att:-0.068,0.024,-2.442,-171.956,5.281,5.439
[18:00:53.339] imu_att:-0.085,0.015,-2.441,-172.355,4.988,5.395
[18:00:53.378] imu_att:-0.089,0.024,-2.442,-171.793,5.423,5.359
[18:00:53.420] imu_att:-0.082,0.038,-2.441,-171.994,5.529,5.394
[18:00:53.459] imu_att:-0.084,0.015,-2.441,-171.918,5.965,5.469
[18:00:53.499] imu_att:-0.135,0.078,-2.443,-171.938,5.481,5.484
[18:00:53.539] imu_att:-0.053,0.402,-2.449,-171.058,6.000,5.512
[18:00:53.579] imu_att:-0.046,0.856,-2.449,-170.154,6.901,5.676
[18:00:53.620] imu_att:-0.015,0.407,-2.458,-171.722,6.127,5.801
[18:00:53.659] imu_att:-0.198,-0.251,-2.474,-172.461,5.168,5.733
[18:00:53.698] imu_att:-0.134,-0.416,-2.497,-172.750,4.375,5.495
[18:00:53.740] imu_att:-0.069,0.147,-2.536,-171.617,5.353,5.343
[18:00:53.780] imu_att:0.096,0.117,-2.636,-172.177,5.093,5.238
[18:00:53.819] imu_att:0.128,-0.642,-2.749,-173.134,4.086,4.961
[18:00:53.858] imu_att:0.061,-0.973,-2.828,-173.899,3.294,4.617
[18:00:53.898] imu_att:0.008,-1.582,-2.922,-175.215,2.535,4.202
[18:00:53.939] imu_att:0.154,-2.192,-3.030,-176.045,1.487,3.696
[18:00:53.979] imu_att:0.202,-3.059,-3.205,-176.799,0.432,2.915
[18:00:54.019] imu_att:0.132,-3.889,-3.350,-178.639,-1.073,2.256
[18:00:54.058] imu_att:-0.028,-4.818,-3.498,179.193,-3.057,1.428
[18:00:54.099] imu_att:-0.117,-6.034,-3.590,176.558,-5.263,0.717
[18:00:54.139] imu_att:-0.194,-7.529,-3.580,173.098,-9.197,0.104
[18:00:54.179] imu_att:-0.283,-9.206,-3.465,167.601,-14.117,-0.405
[18:00:54.218] imu_att:-0.097,-10.481,-3.330,165.271,-16.960,-0.897
[18:00:54.259] imu_att:0.128,-11.559,-3.255,161.606,-20.546,-1.452
[18:00:54.299] imu_att:0.039,-12.780,-3.194,157.893,-24.109,-2.021
[18:00:54.339] imu_att:0.004,-13.697,-3.076,153.378,-28.121,-2.538
[18:00:54.378] imu_att:0.034,-14.086,-2.926,152.386,-30.093,-2.960
[18:00:54.420] imu_att:0.026,-14.519,-2.767,148.666,-33.275,-3.502
[18:00:54.459] imu_att:0.158,-15.430,-2.679,145.974,-35.750,-4.055
[18:00:54.499] imu_att:0.259,-16.223,-2.683,144.949,-37.229,-4.702
[18:00:54.538] imu_att:0.157,-16.165,-2.715,144.834,-38.515,-5.379
[18:00:54.578] imu_att:-0.057,-15.765,-2.725,146.187,-37.714,-5.971
[18:00:54.619] imu_att:-0.091,-15.609,-2.696,145.361,-37.557,-6.591
[18:00:54.659] imu_att:0.019,-15.725,-2.675,144.153,-38.035,-7.287
[18:00:54.698] imu_att:0.060,-15.749,-2.670,145.425,-37.660,-7.936
[18:00:54.738] imu_att:0.004,-15.667,-2.660,144.569,-37.957,-8.516
[18:00:54.779] imu_att:0.018,-15.587,-2.647,145.768,-37.134,-9.227
[18:00:54.819] imu_att:0.068,-15.604,-2.646,144.529,-37.932,-9.887
[18:00:54.858] imu_att:0.002,-15.641,-2.648,145.004,-37.716,-10.552
[18:00:54.898] imu_att:-0.026,-15.681,-2.624,144.570,-38.442,-11.193
[18:00:54.939] imu_att:0.087,-15.737,-2.614,144.795,-38.096,-11.783
[18:00:54.979] imu_att:0.059,-15.892,-2.610,144.604,-38.117,-12.449
[18:00:55.019] imu_att:0.055,-15.829,-2.611,144.379,-37.954,-13.188
[18:00:55.058] imu_att:0.026,-15.646,-2.610,146.339,-36.898,-13.862
[18:00:55.099] imu_att:-0.065,-15.553,-2.593,145.406,-37.552,-14.521
[18:00:55.139] imu_att:-0.003,-15.573,-2.572,146.834,-36.424,-15.179
[18:00:55.179] imu_att:0.051,-15.624,-2.556,145.644,-36.841,-15.776
[18:00:55.218] imu_att:0.066,-15.682,-2.547,145.593,-37.076,-16.450
[18:00:55.259] imu_att:0.040,-15.688,-2.539,145.807,-37.077,-17.195
[18:00:55.299] imu_att:0.028,-15.670,-2.529,144.215,-38.159,-17.873
[18:00:55.339] imu_att:0.019,-15.607,-2.516,146.291,-36.729,-18.550
[18:00:55.378] imu_att:0.050,-15.607,-2.501,146.560,-36.555,-19.227
[18:00:55.419] imu_att:0.059,-15.663,-2.490,145.776,-36.749,-19.841
[18:00:55.459] imu_att:0.065,-15.689,-2.483,146.549,-36.511,-20.601
[18:00:55.499] imu_att:0.050,-15.659,-2.476,145.881,-36.827,-21.293
[18:00:55.538] imu_att:0.028,-15.611,-2.466,145.305,-37.247,-21.984
[18:00:55.580] imu_att:0.039,-15.603,-2.460,147.135,-37.392,-22.682
[18:00:55.619] imu_att:0.002,-15.577,-2.449,146.001,-36.870,-23.376
[18:00:55.659] imu_att:0.050,-15.625,-2.440,144.372,-37.293,-24.004
[18:00:55.698] imu_att:0.041,-15.683,-2.434,144.552,-37.845,-24.708
[18:00:55.740] imu_att:0.034,-15.677,-2.421,144.786,-37.969,-25.479
[18:00:55.779] imu_att:0.058,-15.630,-2.419,145.881,-36.980,-26.192
[18:00:55.819] imu_att:0.022,-15.530,-2.418,146.089,-36.806,-26.909
[18:00:55.858] imu_att:0.012,-15.477,-2.415,146.324,-36.507,-27.625
[18:00:55.900] imu_att:-0.007,-15.359,-2.404,146.187,-36.679,-28.336
[18:00:55.939] imu_att:0.051,-15.397,-2.397,145.943,-36.724,-29.053
[18:00:55.979] imu_att:0.028,-15.449,-2.398,144.696,-37.557,-29.707
[18:00:56.018] imu_att:0.007,-15.446,-2.389,145.531,-37.309,-30.426
[18:00:56.059] imu_att:0.038,-15.375,-2.384,146.232,-36.712,-31.226
[18:00:56.099] imu_att:0.001,-15.303,-2.378,147.172,-35.976,-31.952
[18:00:56.139] imu_att:-0.025,-15.399,-2.360,145.874,-36.348,-32.670
[18:00:56.178] imu_att:0.054,-15.273,-2.368,147.837,-34.911,-33.253
[18:00:56.220] imu_att:0.114,-14.674,-2.406,151.696,-32.981,-33.620
[18:00:56.259] imu_att:-0.018,-14.052,-2.425,151.301,-30.638,-33.327
[18:00:56.299] imu_att:0.029,-13.040,-2.425,156.266,-27.759,-32.887
[18:00:56.338] imu_att:0.030,-12.124,-2.440,158.767,-24.627,-32.481
[18:00:56.378] imu_att:-0.020,-11.262,-2.450,163.292,-20.120,-32.021
[18:00:56.419] imu_att:0.009,-10.649,-2.450,164.576,-18.306,-31.549
[18:00:56.459] imu_att:0.014,-9.894,-2.437,167.507,-15.492,-31.013
[18:00:56.498] imu_att:0.038,-8.898,-2.440,169.710,-13.639,-30.540
[18:00:56.538] imu_att:0.106,-7.980,-2.464,172.420,-10.713,-30.084
[18:00:56.580] imu_att:0.106,-7.396,-2.498,173.461,-9.019,-29.685
[18:00:56.608] imu_att:0.108,-6.411,-2.587,175.183,-7.643,-29.240
[18:00:56.658] imu_att:0.117,-5.586,-2.703,177.946,-5.230,-28.920
[18:00:56.698] imu_att:0.179,-4.704,-2.860,179.517,-3.465,-28.539
[18:00:56.739] imu_att:-0.010,-4.237,-2.917,179.366,-2.692,-28.105
[18:00:56.779] imu_att:-0.116,-3.444,-2.897,-179.066,-2.142,-27.592
[18:00:56.819] imu_att:-0.004,-2.884,-2.850,-176.925,0.102,-27.049
[18:00:56.858] imu_att:0.059,-2.890,-2.827,-177.422,0.176,-26.529
[18:00:56.899] imu_att:0.210,-2.501,-2.857,-177.507,-0.232,-26.058
[18:00:56.939] imu_att:0.139,-1.928,-2.928,-176.691,0.553,-25.627
[18:00:56.979] imu_att:0.065,-1.182,-3.008,-175.248,1.879,-25.203
[18:00:57.018] imu_att:-0.048,-0.705,-3.045,-174.665,2.667,-24.784
[18:00:57.058] imu_att:0.329,-0.174,-3.027,-174.088,3.406,-24.257
[18:00:57.099] imu_att:-0.111,-0.759,-3.015,-174.742,2.631,-23.683
[18:00:57.139] imu_att:-0.032,-0.504,-3.017,-174.938,2.433,-23.170
[18:00:57.178] imu_att:-0.010,-0.655,-3.017,-174.681,2.667,-22.706
[18:00:57.218] imu_att:-0.097,-0.499,-3.018,-173.556,3.329,-22.137
[18:00:57.259] imu_att:-0.098,-0.215,-3.017,-173.917,3.413,-21.617
[18:00:57.299] imu_att:-0.031,-0.318,-3.011,-173.944,3.424,-21.088
[18:00:57.338] imu_att:-0.092,-0.223,-3.005,-173.382,3.689,-20.556
[18:00:57.378] imu_att:-0.093,-0.165,-3.006,-173.033,3.840,-20.030
[18:00:57.419] imu_att:-0.060,-0.138,-3.005,-173.076,3.923,-19.499
[18:00:57.459] imu_att:-0.027,-0.145,-3.006,-173.132,3.682,-18.968
[18:00:57.498] imu_att:-0.026,-0.169,-3.003,-173.018,4.173,-18.432
[18:00:57.538] imu_att:-0.052,-0.236,-3.002,-174.172,3.308,-17.894
[18:00:57.579] imu_att:-0.060,-0.170,-3.000,-173.479,3.761,-17.354
[18:00:57.619] imu_att:-0.062,-0.054,-3.000,-172.189,4.256,-16.812
[18:00:57.659] imu_att:-0.077,0.015,-3.000,-173.149,4.198,-16.269
[18:00:57.698] imu_att:-0.090,0.077,-2.999,-173.269,3.710,-15.723
[18:00:57.739] imu_att:-0.084,-0.051,-2.999,-173.929,3.567,-15.175
[18:00:57.779] imu_att:-0.091,-0.122,-2.999,-172.838,4.253,-14.625
[18:00:57.819] imu_att:-0.072,-0.073,-2.998,-173.150,4.212,-14.071
[18:00:57.858] imu_att:-0.075,-0.078,-2.998,-173.601,3.622,-13.516
[18:00:57.899] imu_att:-0.060,-0.097,-2.997,-173.171,3.689,-12.959
[18:00:57.939] imu_att:-0.060,-0.084,-2.997,-173.757,3.922,-12.399
[18:00:57.979] imu_att:-0.058,-0.082,-2.997,-173.216,4.191,-11.837
[18:00:58.018] imu_att:-0.076,-0.073,-2.997,-173.439,3.849,-11.273
[18:00:58.058] imu_att:-0.072,-0.095,-2.998,-173.050,4.147,-10.708
[18:00:58.099] imu_att:-0.062,-0.095,-2.998,-173.247,4.007,-10.140
[18:00:58.139] imu_att:-0.064,-0.092,-3.000,-172.705,4.384,-9.628
[18:00:58.178] imu_att:-0.052,-0.096,-2.999,-173.715,3.640,-8.997
[18:00:58.218] imu_att:-0.055,-0.076,-3.000,-174.299,3.215,-8.423
[18:00:58.259] imu_att:-0.061,-0.074,-3.000,-172.667,3.586,-7.845
[18:00:58.299] imu_att:-0.084,-0.077,-3.000,-172.665,4.562,-7.265
[18:00:58.339] imu_att:-0.085,-0.054,-3.002,-173.214,4.117,-6.685
[18:00:58.378] imu_att:-0.120,-0.110,-3.008,-173.161,4.523,-6.106
[18:00:58.418] imu_att:0.001,-0.906,-3.004,-174.837,2.929,-5.574
[18:00:58.459] imu_att:-0.065,-0.697,-2.993,-174.385,2.576,-4.915
[18:00:58.499] imu_att:-0.114,0.463,-2.984,-172.411,4.648,-4.315
[18:00:58.538] imu_att:-0.114,0.796,-2.984,-171.226,5.880,-3.781
[18:00:58.579] imu_att:-0.082,0.219,-2.987,-173.030,4.925,-3.128
[18:00:58.619] imu_att:-0.070,-0.087,-2.989,-173.169,4.097,-2.591
[18:00:58.659] imu_att:-0.062,-0.205,-2.989,-173.360,3.593,-1.931
[18:00:58.698] imu_att:-0.051,-0.213,-2.992,-173.181,3.800,-1.392
[18:00:58.738] imu_att:-0.012,-0.140,-2.997,-172.645,4.517,-0.731
[18:00:58.779] imu_att:-0.077,0.865,-2.998,-172.110,4.881,-0.125
[18:00:58.819] imu_att:-0.127,0.040,-3.003,-172.581,5.182,0.480
[18:00:58.858] imu_att:-0.104,-0.801,-3.017,-174.447,2.525,0.958
[18:00:58.898] imu_att:0.008,-0.232,-3.012,-173.175,3.903,1.407
[18:00:58.939] imu_att:-0.124,-0.500,-3.002,-173.371,3.790,1.879
[18:00:58.979] imu_att:-0.176,-0.569,-3.004,-172.805,4.053,2.262
[18:00:59.018] imu_att:-0.048,0.326,-3.001,-172.191,4.555,2.571
[18:00:59.058] imu_att:-0.094,0.367,-3.002,-171.545,5.459,3.120
[18:00:59.099] imu_att:-0.120,0.117,-3.006,-172.233,4.699,3.479
[18:00:59.139] imu_att:-0.119,0.050,-3.007,-173.213,4.367,3.720
[18:00:59.179] imu_att:-0.161,-0.296,-3.003,-173.325,4.153,3.861
[18:00:59.218] imu_att:-0.111,0.126,-3.005,-172.898,4.328,3.923
[18:00:59.258] imu_att:-0.077,0.174,-3.004,-172.716,4.473,4.026
[18:00:59.299] imu_att:-0.087,0.393,-3.007,-172.418,4.850,4.191
[18:00:59.339] imu_att:-0.143,-0.385,-3.016,-173.086,4.176,4.258
[18:00:59.378] imu_att:-0.057,-0.562,-3.022,-174.041,3.452,4.179
[18:00:59.418] imu_att:-0.068,-0.305,-3.022,-172.970,3.909,4.105
[18:00:59.459] imu_att:-0.084,-0.107,-3.018,-172.850,3.963,4.057
[18:00:59.499] imu_att:-0.155,0.167,-3.030,-172.166,4.718,4.090
[18:00:59.538] imu_att:-0.147,-0.076,-3.043,-172.255,4.865,4.198
[18:00:59.578] imu_att:-0.132,-0.133,-3.045,-173.048,4.321,4.281
[18:00:59.619] imu_att:-0.300,-0.073,-3.068,-172.386,4.523,4.285
[18:00:59.659] imu_att:0.152,0.342,-3.061,-172.098,5.167,4.446
[18:00:59.698] imu_att:0.162,0.143,-3.001,-171.301,5.832,4.722
[18:00:59.738] imu_att:-0.954,-0.196,-2.998,-171.106,6.039,4.991
[18:00:59.779] imu_att:-1.005,0.416,-3.041,-169.651,7.200,5.263
[18:00:59.819] imu_att:-0.878,0.633,-3.069,-168.391,8.452,5.746
[18:00:59.858] imu_att:-1.311,0.456,-3.095,-166.711,9.979,6.344
[18:00:59.898] imu_att:-2.249,0.535,-3.096,-163.908,12.818,6.975
[18:00:59.939] imu_att:-3.928,0.429,-3.105,-159.401,16.742,7.538
[18:00:59.979] imu_att:-5.766,0.793,-3.135,-154.989,20.657,8.209
[18:01:00.019] imu_att:-6.727,0.532,-3.129,-152.105,24.066,8.855
[18:01:00.121] imu_att:-7.703,0.561,-3.137,-149.208,27.363,9.424
[18:01:00.123] imu_att:-8.778,0.440,-3.112,-146.093,30.726,10.159
[18:01:00.140] imu_att:-9.589,0.251,-3.039,-142.891,33.738,10.878
[18:01:00.179] imu_att:-11.575,-0.348,-3.028,-139.391,37.392,11.538
[18:01:00.218] imu_att:-12.956,-0.189,-3.027,-135.763,40.892,12.191
[18:01:00.258] imu_att:-13.915,-0.247,-3.036,-132.071,44.597,12.769
[18:01:00.299] imu_att:-14.604,-0.104,-3.036,-131.257,45.710,13.491
[18:01:00.339] imu_att:-15.230,-0.057,-3.028,-128.697,48.060,14.157
[18:01:00.378] imu_att:-16.029,0.012,-3.017,-126.742,50.224,14.829
[18:01:00.418] imu_att:-16.725,0.068,-3.015,-124.285,52.517,15.493
[18:01:00.459] imu_att:-17.399,0.112,-3.014,-123.306,53.591,16.160
[18:01:00.499] imu_att:-18.050,0.026,-3.028,-120.716,56.051,16.813
[18:01:00.538] imu_att:-18.555,0.231,-3.030,-119.838,57.546,17.480
[18:01:00.578] imu_att:-18.793,0.355,-3.027,-119.513,57.839,18.155
[18:01:00.619] imu_att:-18.998,0.198,-3.014,-118.183,58.711,18.843
[18:01:00.659] imu_att:-19.479,0.050,-3.022,-117.862,59.296,19.511
[18:01:00.698] imu_att:-19.344,0.080,-3.025,-118.075,59.238,20.119
[18:01:00.738] imu_att:-19.069,0.197,-3.035,-118.519,58.864,20.858
[18:01:00.779] imu_att:-19.163,0.253,-3.022,-117.902,59.265,21.555
[18:01:00.819] imu_att:-19.430,-0.047,-3.024,-117.148,60.152,22.169
[18:01:00.858] imu_att:-19.297,-0.114,-3.036,-117.017,59.905,22.914
[18:01:00.898] imu_att:-19.388,-0.025,-3.024,-116.902,60.363,23.616
[18:01:00.939] imu_att:-19.709,-0.138,-3.026,-116.483,60.679,24.306
[18:01:00.979] imu_att:-19.824,-0.105,-3.042,-116.152,61.163,24.986
[18:01:01.019] imu_att:-19.733,0.137,-3.057,-116.130,60.991,25.668
[18:01:01.058] imu_att:-19.533,0.173,-3.065,-117.907,59.983,26.359
[18:01:01.098] imu_att:-19.390,0.280,-3.066,-116.382,60.468,26.989
[18:01:01.139] imu_att:-19.337,0.118,-3.074,-117.257,60.052,27.756
[18:01:01.179] imu_att:-19.536,0.054,-3.061,-116.610,60.455,28.476
[18:01:01.218] imu_att:-19.633,-0.221,-3.057,-116.650,60.345,29.189
[18:01:01.258] imu_att:-19.564,-0.310,-3.058,-117.591,59.834,29.898
[18:01:01.299] imu_att:-19.478,-0.121,-3.058,-117.929,59.569,30.611
[18:01:01.339] imu_att:-19.400,-0.000,-3.062,-117.027,60.259,31.323
[18:01:01.378] imu_att:-19.415,0.045,-3.059,-116.581,60.515,32.044
[18:01:01.418] imu_att:-19.456,0.039,-3.056,-117.336,59.995,32.767
[18:01:01.459] imu_att:-19.677,-0.115,-3.045,-117.050,60.000,33.501
[18:01:01.499] imu_att:-19.584,-0.089,-3.044,-117.117,60.291,34.227
[18:01:01.538] imu_att:-19.363,-0.038,-3.042,-117.820,60.127,34.883
[18:01:01.578] imu_att:-19.557,-0.151,-3.043,-117.009,60.326,35.683
[18:01:01.619] imu_att:-19.953,-0.117,-3.055,-115.981,61.115,36.404
[18:01:01.659] imu_att:-19.461,0.039,-3.057,-116.080,60.894,37.135
[18:01:01.699] imu_att:-19.322,-0.007,-3.055,-117.061,60.299,37.874
[18:01:01.738] imu_att:-19.654,-0.022,-3.041,-116.472,60.508,38.626
[18:01:01.778] imu_att:-19.808,-0.141,-3.031,-116.471,60.920,39.303
[18:01:01.819] imu_att:-19.563,-0.214,-3.020,-117.392,60.122,40.132
[18:01:01.859] imu_att:-19.208,-0.195,-3.006,-118.117,59.223,40.891
[18:01:01.898] imu_att:-18.807,-0.130,-3.017,-118.887,58.406,41.628
[18:01:01.938] imu_att:-17.996,0.057,-3.005,-121.774,56.164,42.390
[18:01:01.979] imu_att:-17.148,-0.018,-2.991,-124.568,53.585,43.081
[18:01:02.019] imu_att:-15.816,-0.068,-3.016,-127.689,50.201,43.887
[18:01:02.058] imu_att:-14.447,0.254,-3.008,-131.851,46.394,44.613
[18:01:02.098] imu_att:-12.852,0.283,-3.016,-136.008,42.273,44.653
[18:01:02.139] imu_att:-11.763,0.233,-3.033,-140.243,38.049,44.195
[18:01:02.179] imu_att:-10.183,0.208,-3.078,-144.747,33.690,43.702
[18:01:02.219] imu_att:-8.777,0.446,-3.099,-148.600,30.373,43.276
[18:01:02.258] imu_att:-7.680,0.369,-3.127,-149.935,27.564,42.750
[18:01:02.299] imu_att:-6.678,0.758,-3.129,-152.255,25.299,42.293
[18:01:02.339] imu_att:-5.803,0.568,-3.137,-155.043,22.565,41.828
[18:01:02.379] imu_att:-5.167,0.503,-3.146,-159.006,19.543,41.359
[18:01:02.418] imu_att:-4.478,0.467,-3.169,-160.407,17.200,40.875
[18:01:02.458] imu_att:-3.829,0.473,-3.193,-162.340,15.496,40.433
[18:01:02.499] imu_att:-2.816,0.407,-3.221,-164.181,13.104,39.892
[18:01:02.539] imu_att:-2.632,0.491,-3.227,-164.767,12.607,39.464
[18:01:02.578] imu_att:-1.952,0.080,-3.264,-168.038,9.620,38.909
[18:01:02.618] imu_att:-1.424,0.059,-3.287,-169.526,8.107,38.460
[18:01:02.659] imu_att:-0.808,0.059,-3.295,-170.401,7.083,37.929
[18:01:02.699] imu_att:-0.431,0.186,-3.289,-171.490,5.909,37.506
[18:01:02.738] imu_att:-0.252,0.006,-3.293,-172.646,4.600,36.973
[18:01:02.778] imu_att:-0.453,0.217,-3.285,-171.846,5.409,36.499
[18:01:02.819] imu_att:-0.231,-0.062,-3.304,-172.424,4.883,35.996
[18:01:02.859] imu_att:-0.273,-0.039,-3.319,-173.041,4.436,35.543
[18:01:02.898] imu_att:-0.217,0.046,-3.324,-172.518,4.626,34.999
[18:01:02.938] imu_att:-0.125,-0.336,-3.330,-173.861,3.784,34.502
[18:01:02.979] imu_att:0.035,-0.531,-3.327,-173.149,3.656,34.061
[18:01:03.019] imu_att:-0.222,-0.244,-3.309,-173.734,3.557,33.533
[18:01:03.058] imu_att:-0.255,-0.013,-3.308,-173.428,4.286,33.035
[18:01:03.098] imu_att:-0.025,-0.008,-3.284,-173.838,4.038,32.559
[18:01:03.139] imu_att:-0.033,0.003,-3.256,-173.489,3.833,32.083
[18:01:03.179] imu_att:-0.169,-0.009,-3.241,-172.906,4.428,31.593
[18:01:03.218] imu_att:-0.198,0.082,-3.234,-172.803,4.462,31.093
[18:01:03.258] imu_att:-0.108,-0.016,-3.228,-172.797,4.508,30.589
[18:01:03.298] imu_att:-0.118,0.043,-3.226,-172.729,4.566,30.130
[18:01:03.339] imu_att:-0.123,-0.033,-3.225,-172.778,5.033,29.565
[18:01:03.379] imu_att:-0.132,-0.081,-3.224,-173.122,4.199,29.049
[18:01:03.418] imu_att:-0.115,-0.028,-3.224,-174.255,3.763,28.531
[18:01:03.458] imu_att:-0.115,-0.058,-3.222,-173.312,4.272,28.011
[18:01:03.499] imu_att:-0.096,-0.018,-3.222,-173.153,4.139,27.487
[18:01:03.539] imu_att:-0.088,-0.023,-3.223,-172.780,4.307,27.013
[18:01:03.578] imu_att:-0.100,-0.027,-3.223,-172.997,4.439,26.485
[18:01:03.618] imu_att:-0.098,-0.033,-3.224,-172.990,4.212,25.900
[18:01:03.659] imu_att:-0.097,-0.027,-3.225,-173.018,4.314,25.366
[18:01:03.699] imu_att:-0.110,-0.027,-3.226,-172.433,4.666,24.830
[18:01:03.738] imu_att:-0.109,-0.034,-3.226,-172.753,4.606,24.293
[18:01:03.778] imu_att:-0.108,-0.037,-3.226,-171.786,5.142,23.806
[18:01:03.819] imu_att:-0.099,-0.029,-3.227,-172.786,4.089,23.209
[18:01:03.859] imu_att:-0.098,-0.020,-3.228,-172.184,4.837,22.664
[18:01:03.898] imu_att:-0.098,-0.031,-3.228,-173.354,4.294,22.172
[18:01:03.938] imu_att:-0.086,-0.038,-3.229,-173.059,4.342,21.568
[18:01:03.980] imu_att:-0.119,-0.040,-3.229,-172.777,4.287,21.016
[18:01:04.019] imu_att:-0.110,-0.030,-3.229,-173.169,4.689,20.462
[18:01:04.059] imu_att:-0.111,-0.033,-3.230,-172.215,4.588,19.905
[18:01:04.098] imu_att:-0.100,-0.026,-3.231,-173.692,3.682,19.346
[18:01:04.138] imu_att:-0.109,-0.037,-3.230,-173.029,4.125,18.787
[18:01:04.179] imu_att:-0.115,-0.037,-3.230,-172.652,4.261,18.280
[18:01:04.219] imu_att:-0.130,0.151,-3.232,-172.372,4.816,17.656
[18:01:04.258] imu_att:-0.105,0.329,-3.234,-171.581,5.085,17.087
[18:01:04.298] imu_att:-0.092,0.213,-3.235,-172.899,5.051,16.516
[18:01:04.339] imu_att:-0.153,-0.686,-3.234,-173.416,3.866,15.945
[18:01:04.379] imu_att:-0.143,-0.611,-3.241,-173.519,3.577,15.363
[18:01:04.418] imu_att:-0.071,-0.367,-3.240,-173.397,3.843,14.845
[18:01:04.458] imu_att:-0.188,0.525,-3.258,-172.199,5.035,14.191
[18:01:04.499] imu_att:-0.049,0.415,-3.269,-171.954,5.388,13.599
[18:01:04.539] imu_att:-0.011,-0.489,-3.268,-173.871,3.186,13.016
[18:01:04.578] imu_att:-0.017,0.193,-3.260,-173.298,3.619,12.438
[18:01:04.618] imu_att:-0.116,0.210,-3.252,-172.096,4.976,11.858
[18:01:04.659] imu_att:-0.177,-0.180,-3.263,-173.261,4.041,11.256
[18:01:04.699] imu_att:-0.027,-0.194,-3.277,-173.129,4.206,10.649
[18:01:04.738] imu_att:-0.043,-0.213,-3.286,-173.180,3.930,10.105
[18:01:04.778] imu_att:-0.004,0.009,-3.297,-172.856,4.641,9.437
[18:01:04.819] imu_att:0.050,0.366,-3.307,-171.915,5.072,8.826
[18:01:04.859] imu_att:0.005,0.396,-3.318,-172.087,4.977,8.213
[18:01:04.899] imu_att:-0.220,-0.054,-3.355,-173.247,4.288,7.571
[18:01:04.939] imu_att:-0.107,-0.323,-3.408,-173.816,3.846,6.926
[18:01:04.979] imu_att:0.193,0.245,-3.432,-173.941,3.183,6.293
[18:01:05.019] imu_att:0.879,0.572,-3.445,-174.737,2.526,5.730
[18:01:05.059] imu_att:2.200,0.737,-3.436,-177.087,0.488,5.064
[18:01:05.098] imu_att:3.235,0.232,-3.431,-178.789,-1.256,4.453
[18:01:05.138] imu_att:4.187,-0.094,-3.446,178.054,-4.333,3.819
[18:01:05.179] imu_att:5.377,0.048,-3.457,177.700,-5.112,3.188
[18:01:05.219] imu_att:6.616,0.482,-3.453,176.076,-6.320,2.569
[18:01:05.258] imu_att:7.802,0.375,-3.447,174.302,-8.243,2.012
[18:01:05.298] imu_att:8.995,0.120,-3.418,172.731,-9.760,1.351
[18:01:05.339] imu_att:9.719,0.459,-3.385,172.382,-10.616,0.754
[18:01:05.379] imu_att:10.171,0.720,-3.359,171.199,-11.512,0.211
[18:01:05.418] imu_att:10.386,0.780,-3.345,170.575,-12.021,-0.409
[18:01:05.458] imu_att:11.209,0.484,-3.355,168.501,-13.876,-1.119
[18:01:05.499] imu_att:12.419,0.367,-3.372,167.503,-14.818,-1.776
[18:01:05.539] imu_att:13.527,0.371,-3.387,167.051,-15.348,-2.432
[18:01:05.579] imu_att:14.542,0.320,-3.402,165.640,-16.627,-3.091
[18:01:05.618] imu_att:15.351,0.044,-3.412,165.775,-16.920,-3.748
[18:01:05.659] imu_att:15.144,-0.053,-3.406,165.286,-17.428,-4.390
[18:01:05.699] imu_att:15.070,-0.051,-3.404,165.393,-17.386,-5.038
[18:01:05.739] imu_att:15.278,0.125,-3.413,165.182,-17.398,-5.700
[18:01:05.778] imu_att:15.863,0.230,-3.419,164.846,-17.858,-6.362
[18:01:05.818] imu_att:16.310,0.353,-3.423,165.031,-17.698,-7.024
[18:01:05.859] imu_att:15.931,0.371,-3.429,164.647,-17.943,-7.690
[18:01:05.899] imu_att:15.790,0.470,-3.433,164.793,-17.779,-8.356
[18:01:05.938] imu_att:15.769,0.337,-3.427,164.523,-17.823,-9.015
[18:01:05.978] imu_att:15.807,0.121,-3.430,164.303,-18.443,-9.685
[18:01:06.019] imu_att:16.225,0.185,-3.434,164.320,-18.250,-10.359
[18:01:06.059] imu_att:16.102,0.257,-3.433,164.795,-17.931,-11.029
[18:01:06.098] imu_att:16.017,0.141,-3.436,163.958,-18.487,-11.639
[18:01:06.138] imu_att:15.906,0.219,-3.428,164.469,-18.369,-12.374
[18:01:06.179] imu_att:15.778,0.470,-3.413,165.020,-17.742,-13.038
[18:01:06.219] imu_att:15.867,-0.019,-3.417,164.579,-18.327,-13.724
[18:01:06.259] imu_att:15.923,0.110,-3.414,165.065,-17.959,-14.404
[18:01:06.298] imu_att:15.740,0.289,-3.416,164.599,-18.125,-15.091
[18:01:06.339] imu_att:15.622,0.310,-3.420,164.971,-17.764,-15.631
[18:01:06.379] imu_att:15.294,0.434,-3.415,164.712,-17.782,-16.136
[18:01:06.419] imu_att:15.200,0.214,-3.416,165.113,-17.548,-16.486
[18:01:06.458] imu_att:15.390,0.203,-3.418,164.822,-17.814,-16.794
[18:01:06.498] imu_att:15.436,0.254,-3.417,165.377,-17.574,-17.024
[18:01:06.539] imu_att:15.296,0.158,-3.413,164.728,-17.760,-17.191
[18:01:06.579] imu_att:15.307,0.230,-3.411,165.144,-17.701,-17.412
[18:01:06.618] imu_att:15.397,0.236,-3.411,164.905,-17.828,-17.545
[18:01:06.659] imu_att:15.345,0.233,-3.410,165.126,-17.624,-17.668
[18:01:06.699] imu_att:15.189,0.250,-3.412,165.464,-17.509,-17.733
[18:01:06.739] imu_att:15.193,0.283,-3.412,164.746,-17.661,-17.769
[18:01:06.778] imu_att:15.364,0.153,-3.408,164.772,-17.877,-17.847
[18:01:06.819] imu_att:15.465,0.111,-3.403,164.953,-17.715,-17.890
[18:01:06.859] imu_att:15.396,0.126,-3.403,165.550,-17.637,-17.956
[18:01:06.899] imu_att:15.084,0.377,-3.405,165.636,-17.137,-17.887
[18:01:06.938] imu_att:14.868,0.407,-3.400,165.639,-17.060,-17.806
[18:01:06.978] imu_att:14.948,0.008,-3.395,165.228,-17.332,-17.768
[18:01:07.019] imu_att:15.109,-0.149,-3.395,165.402,-17.441,-17.794
[18:01:07.059] imu_att:14.963,-0.026,-3.394,165.908,-17.065,-17.772
[18:01:07.098] imu_att:14.806,0.080,-3.395,165.885,-17.134,-17.745
[18:01:07.138] imu_att:14.935,0.099,-3.398,165.332,-17.440,-17.759
[18:01:07.179] imu_att:14.874,0.020,-3.396,165.678,-17.079,-17.737
[18:01:07.219] imu_att:14.807,0.007,-3.397,165.980,-16.947,-17.684
[18:01:07.258] imu_att:14.705,0.077,-3.396,165.671,-17.042,-17.646
[18:01:07.298] imu_att:14.685,0.127,-3.401,165.989,-16.987,-17.655
[18:01:07.339] imu_att:14.848,-0.047,-3.408,165.854,-17.036,-17.630
[18:01:07.379] imu_att:14.536,-0.264,-3.405,165.351,-17.392,-17.608
[18:01:07.419] imu_att:14.135,-0.153,-3.406,166.387,-16.598,-17.572
[18:01:07.458] imu_att:13.860,0.007,-3.403,166.425,-16.223,-17.424
[18:01:07.499] imu_att:13.603,0.004,-3.399,166.704,-15.977,-17.236
[18:01:07.539] imu_att:13.332,-0.240,-3.395,167.518,-15.401,-17.021
[18:01:07.579] imu_att:12.830,-0.341,-3.398,168.486,-14.528,-16.719
[18:01:07.618] imu_att:12.240,-0.314,-3.401,169.348,-14.033,-16.355
[18:01:07.658] imu_att:11.421,-0.247,-3.402,169.437,-13.333,-15.899
[18:01:07.699] imu_att:10.599,-0.434,-3.411,170.870,-12.152,-15.493
[18:01:07.739] imu_att:8.737,-0.217,-3.407,172.967,-10.171,-14.909
[18:01:07.778] imu_att:7.473,-0.236,-3.408,173.872,-9.040,-14.381
[18:01:07.818] imu_att:6.370,-0.283,-3.418,175.551,-7.608,-13.859
[18:01:07.859] imu_att:5.593,-0.193,-3.426,176.310,-6.524,-13.332
[18:01:07.899] imu_att:5.149,-0.323,-3.439,177.276,-5.965,-12.862
[18:01:07.938] imu_att:4.734,-0.398,-3.471,178.143,-5.155,-12.355
[18:01:07.978] imu_att:4.124,-0.070,-3.536,179.097,-3.739,-11.824
[18:01:08.019] imu_att:3.154,0.059,-3.594,-179.044,-2.086,-11.339
[18:01:08.059] imu_att:2.371,0.110,-3.623,-178.189,-1.107,-10.821
[18:01:08.099] imu_att:2.321,-0.143,-3.629,-178.738,-1.299,-10.280
[18:01:08.138] imu_att:2.488,-0.275,-3.626,-178.193,-1.183,-9.726
[18:01:08.178] imu_att:2.213,-0.645,-3.615,-178.092,-1.172,-9.217
[18:01:08.219] imu_att:1.350,-0.245,-3.606,-175.758,1.067,-8.597
[18:01:08.259] imu_att:0.711,-0.037,-3.611,-175.115,1.798,-8.044
[18:01:08.298] imu_att:0.550,0.011,-3.620,-174.874,2.391,-7.549
[18:01:08.338] imu_att:0.343,-0.114,-3.623,-173.253,2.859,-6.990
[18:01:08.379] imu_att:0.242,-0.036,-3.626,-173.873,3.468,-6.371
[18:01:08.419] imu_att:-0.052,0.005,-3.635,-173.610,3.466,-5.813
[18:01:08.458] imu_att:-0.053,0.101,-3.629,-173.728,3.607,-5.295
[18:01:08.498] imu_att:0.051,-0.101,-3.619,-173.576,3.377,-4.713
[18:01:08.539] imu_att:0.062,-0.031,-3.602,-174.283,2.982,-4.065
[18:01:08.579] imu_att:-0.025,-0.145,-3.594,-174.365,2.593,-3.481
[18:01:08.618] imu_att:-0.075,-0.258,-3.601,-174.523,2.724,-2.967
[18:01:08.658] imu_att:-0.030,0.154,-3.609,-172.905,4.175,-2.394
[18:01:08.699] imu_att:0.000,0.765,-3.602,-171.549,5.281,-1.745
[18:01:08.739] imu_att:-0.041,0.062,-3.594,-173.563,4.302,-1.151
[18:01:08.779] imu_att:-0.038,-0.794,-3.598,-175.590,2.296,-0.568
[18:01:08.818] imu_att:-0.167,-0.107,-3.612,-174.439,3.069,-0.011
[18:01:08.860] imu_att:0.380,-0.356,-3.609,-174.922,2.698,0.527
[18:01:08.912] imu_att:-0.146,-0.491,-3.603,-174.277,2.840,0.919
[18:01:08.929] imu_att:-0.047,-0.014,-3.597,-173.565,3.523,1.358
[18:01:08.978] imu_att:-0.065,0.220,-3.599,-173.614,3.990,1.824
[18:01:09.019] imu_att:-0.048,0.031,-3.601,-173.798,3.658,2.201
[18:01:09.059] imu_att:-0.051,-0.054,-3.600,-173.486,3.738,2.470
[18:01:09.098] imu_att:-0.053,-0.063,-3.600,-174.188,3.095,2.624
[18:01:09.138] imu_att:-0.044,-0.063,-3.600,-173.547,3.651,2.767
[18:01:09.180] imu_att:-0.053,-0.075,-3.599,-173.530,3.672,2.959
[18:01:09.219] imu_att:-0.057,-0.056,-3.598,-173.519,3.557,3.072
[18:01:09.258] imu_att:-0.064,-0.068,-3.599,-173.399,4.317,3.278
[18:01:09.298] imu_att:-0.062,-0.067,-3.598,-173.077,3.911,3.394
[18:01:09.338] imu_att:-0.057,-0.064,-3.598,-173.195,4.015,3.483
[18:01:09.379] imu_att:-0.064,-0.062,-3.598,-173.409,3.766,3.546
[18:01:09.419] imu_att:-0.070,-0.070,-3.599,-173.750,3.525,3.565
[18:01:09.459] imu_att:-0.057,-0.074,-3.600,-173.270,3.755,3.559
[18:01:09.499] imu_att:-0.051,-0.077,-3.600,-173.555,3.358,3.566
[18:01:09.539] imu_att:-0.044,-0.059,-3.599,-173.881,3.730,3.610
[18:01:09.579] imu_att:-0.054,-0.063,-3.601,-173.886,3.506,3.612
[18:01:09.618] imu_att:-0.033,-0.050,-3.602,-173.181,4.009,3.651
[18:01:09.658] imu_att:-0.052,-0.042,-3.603,-173.302,3.873,3.717
[18:01:09.699] imu_att:-0.061,-0.054,-3.603,-173.270,3.774,3.755
[18:01:09.739] imu_att:-0.042,-0.076,-3.605,-173.461,3.780,3.789
[18:01:09.778] imu_att:-0.045,-0.068,-3.606,-174.167,3.131,3.721
[18:01:09.818] imu_att:-0.056,-0.063,-3.607,-173.215,3.884,3.699
[18:01:09.859] imu_att:-0.043,-0.072,-3.608,-173.427,3.752,3.707
[18:01:09.899] imu_att:-0.047,-0.067,-3.606,-173.261,3.741,3.694
[18:01:09.938] imu_att:-0.041,-0.063,-3.608,-173.278,4.110,3.767
[18:01:09.979] imu_att:-0.058,-0.064,-3.610,-174.246,2.926,3.654
[18:01:10.019] imu_att:-0.035,-0.072,-3.610,-173.792,3.504,3.589
[18:01:10.059] imu_att:-0.048,-0.091,-3.610,-174.429,3.062,3.550
[18:01:10.098] imu_att:-0.049,-0.063,-3.609,-173.736,3.284,3.443
[18:01:10.138] imu_att:-0.060,-0.083,-3.607,-173.018,3.715,3.457
[18:01:10.179] imu_att:-0.049,-0.082,-3.607,-173.793,3.570,3.508
[18:01:10.219] imu_att:-0.055,-0.049,-3.610,-173.217,3.612,3.513
[18:01:10.259] imu_att:-0.069,-0.052,-3.610,-173.868,3.673,3.555
[18:01:10.298] imu_att:-0.051,-0.051,-3.611,-174.089,3.330,3.536
[18:01:10.338] imu_att:-0.055,-0.065,-3.611,-173.384,3.763,3.536
[18:01:10.379] imu_att:-0.051,-0.068,-3.613,-173.848,3.771,3.603
[18:01:10.419] imu_att:-0.055,-0.073,-3.613,-173.851,3.094,3.610
[18:01:10.458] imu_att:-0.038,-0.075,-3.614,-173.668,3.527,3.586
[18:01:10.498] imu_att:-0.042,-0.087,-3.614,-173.348,3.839,3.613
[18:01:10.539] imu_att:-0.031,-0.080,-3.615,-173.595,3.616,3.608
[18:01:10.579] imu_att:-0.041,-0.073,-3.616,-173.263,3.911,3.613
[18:01:10.618] imu_att:-0.045,-0.073,-3.616,-173.833,3.421,3.595
[18:01:10.658] imu_att:-0.053,-0.073,-3.617,-174.418,3.586,3.622
[18:01:10.697] imu_att:-0.052,-0.067,-3.618,-173.558,3.822,3.631
[18:01:10.739] imu_att:-0.046,-0.075,-3.620,-173.329,3.939,3.691
[18:01:10.779] imu_att:-0.047,-0.085,-3.619,-173.500,3.541,3.646
[18:01:10.818] imu_att:-0.037,-0.071,-3.620,-173.067,3.974,3.637
[18:01:10.857] imu_att:-0.043,-0.067,-3.619,-173.632,3.801,3.692
[18:01:10.899] imu_att:-0.052,-0.077,-3.618,-173.534,3.677,3.709
[18:01:10.939] imu_att:-0.054,-0.069,-3.619,-172.488,4.453,3.748
[18:01:10.978] imu_att:-0.052,-0.060,-3.619,-173.437,3.878,3.829
[18:01:11.018] imu_att:-0.044,-0.075,-3.618,-173.873,3.418,3.791
[18:01:11.059] imu_att:-0.067,-0.075,-3.618,-173.518,3.536,3.750
[18:01:11.099] imu_att:-0.070,-0.073,-3.618,-173.466,3.775,3.748
[18:01:11.138] imu_att:-0.070,-0.064,-3.618,-173.914,3.585,3.744
[18:01:11.178] imu_att:-0.055,-0.074,-3.618,-173.703,3.697,3.743
[18:01:11.219] imu_att:-0.048,-0.069,-3.619,-173.771,3.247,3.641
[18:01:11.259] imu_att:-0.056,-0.079,-3.619,-173.735,3.471,3.598
[18:01:11.298] imu_att:-0.061,-0.075,-3.617,-174.412,3.000,3.567
[18:01:11.338] imu_att:-0.063,-0.065,-3.618,-173.466,3.746,3.553
[18:01:11.379] imu_att:-0.055,-0.072,-3.618,-173.986,3.756,3.607
[18:01:11.419] imu_att:-0.045,-0.081,-3.617,-173.305,3.676,3.583
[18:01:11.458] imu_att:-0.067,-0.074,-3.618,-173.720,3.648,3.603
[18:01:11.498] imu_att:-0.055,-0.067,-3.617,-173.572,3.742,3.652
[18:01:11.539] imu_att:-0.041,-0.077,-3.618,-173.519,4.338,3.723
[18:01:11.579] imu_att:-0.058,-0.073,-3.619,-173.566,3.713,3.748
[18:01:11.619] imu_att:-0.057,-0.062,-3.619,-173.213,3.811,3.744
[18:01:11.658] imu_att:-0.061,-0.058,-3.618,-173.712,3.629,3.760
[18:01:11.698] imu_att:-0.063,-0.056,-3.619,-173.449,3.757,3.743
[18:01:11.739] imu_att:-0.074,-0.065,-3.619,-174.045,3.383,3.722
[18:01:11.779] imu_att:-0.060,-0.067,-3.618,-173.196,3.652,3.687
[18:01:11.818] imu_att:-0.055,-0.078,-3.619,-174.365,3.210,3.661
[18:01:11.858] imu_att:-0.056,-0.082,-3.618,-173.733,3.522,3.594
[18:01:11.899] imu_att:-0.052,-0.084,-3.618,-173.617,3.578,3.599
[18:01:11.939] imu_att:-0.051,-0.067,-3.619,-172.956,4.193,3.657
[18:01:11.978] imu_att:-0.052,-0.087,-3.619,-173.780,3.468,3.666
[18:01:12.018] imu_att:-0.056,-0.089,-3.620,-174.148,3.255,3.626
[18:01:12.059] imu_att:-0.050,-0.083,-3.620,-173.002,3.898,3.589
[18:01:12.099] imu_att:-0.053,-0.074,-3.621,-173.290,4.049,3.681
[18:01:12.139] imu_att:-0.054,-0.077,-3.621,-173.036,4.078,3.735
[18:01:12.178] imu_att:-0.048,-0.076,-3.621,-173.371,3.604,3.705
[18:01:12.219] imu_att:-0.059,-0.082,-3.622,-173.652,3.585,3.693
[18:01:12.259] imu_att:-0.063,-0.088,-3.622,-173.392,3.519,3.674
[18:01:12.299] imu_att:-0.064,-0.072,-3.623,-174.018,3.674,3.697
[18:01:12.338] imu_att:-0.061,-0.059,-3.623,-173.355,3.760,3.693
[18:01:12.378] imu_att:-0.062,-0.073,-3.621,-173.743,3.474,3.665
[18:01:12.418] imu_att:-0.054,-0.079,-3.621,-174.138,3.296,3.620
[18:01:12.459] imu_att:-0.047,-0.079,-3.620,-172.959,4.111,3.620
[18:01:12.498] imu_att:-0.042,-0.064,-3.623,-173.446,3.996,3.720
[18:01:12.538] imu_att:-0.052,-0.072,-3.622,-173.786,3.719,3.738
[18:01:12.579] imu_att:-0.059,-0.081,-3.622,-173.800,3.463,3.701
[18:01:12.619] imu_att:-0.058,-0.084,-3.622,-173.786,3.553,3.665
[18:01:12.658] imu_att:-0.042,-0.085,-3.622,-173.453,3.748,3.639
[18:01:12.698] imu_att:-0.043,-0.078,-3.623,-173.617,3.620,3.635
[18:01:12.739] imu_att:-0.062,-0.077,-3.622,-174.319,3.495,3.667
[18:01:12.779] imu_att:-0.050,-0.066,-3.623,-173.280,3.514,3.612
[18:01:12.818] imu_att:-0.049,-0.070,-3.624,-174.230,3.364,3.627
[18:01:12.858] imu_att:-0.055,-0.085,-3.624,-174.451,3.117,3.593
[18:01:12.899] imu_att:-0.060,-0.076,-3.624,-173.663,3.619,3.575
[18:01:12.939] imu_att:-0.055,-0.078,-3.624,-173.550,3.680,3.567
[18:01:12.979] imu_att:-0.066,-0.079,-3.623,-173.497,3.403,3.537
[18:01:13.018] imu_att:-0.062,-0.073,-3.623,-173.720,3.487,3.529
[18:01:13.060] imu_att:-0.063,-0.056,-3.623,-173.239,3.987,3.589
[18:01:13.099] imu_att:-0.052,-0.073,-3.622,-173.152,4.175,3.672
[18:01:13.138] imu_att:-0.044,-0.083,-3.622,-173.146,3.893,3.736
[18:01:13.178] imu_att:-0.061,-0.068,-3.622,-173.407,3.887,3.784
[18:01:13.218] imu_att:-0.059,-0.085,-3.623,-173.856,3.377,3.746
[18:01:13.259] imu_att:-0.054,-0.085,-3.624,-173.796,3.822,3.723
[18:01:13.298] imu_att:-0.060,-0.082,-3.624,-173.770,3.809,3.738
[18:01:13.338] imu_att:-0.067,-0.069,-3.625,-172.573,4.283,3.760
[18:01:13.378] imu_att:-0.057,-0.082,-3.625,-174.131,3.587,3.780
[18:01:13.419] imu_att:-0.043,-0.092,-3.625,-173.572,3.496,3.725
[18:01:13.459] imu_att:-0.050,-0.074,-3.628,-173.576,3.583,3.699
[18:01:13.498] imu_att:-0.055,-0.078,-3.628,-173.618,3.819,3.722
[18:01:13.538] imu_att:-0.066,-0.077,-3.627,-173.172,4.043,3.758
[18:01:13.579] imu_att:-0.057,-0.069,-3.627,-172.844,4.131,3.810
[18:01:13.619] imu_att:-0.052,-0.059,-3.625,-173.517,3.879,3.875
[18:01:13.658] imu_att:-0.050,-0.071,-3.626,-173.469,3.517,3.774
[18:01:13.698] imu_att:-0.060,-0.070,-3.624,-173.651,3.642,3.753
[18:01:13.739] imu_att:-0.055,-0.058,-3.624,-172.892,4.174,3.787
[18:01:13.779] imu_att:-0.061,-0.070,-3.624,-173.402,3.992,3.841
[18:01:13.819] imu_att:-0.055,-0.073,-3.626,-173.550,3.886,3.869
[18:01:13.858] imu_att:-0.041,-0.060,-3.627,-173.474,3.679,3.852
[18:01:13.899] imu_att:-0.056,-0.080,-3.628,-173.580,3.567,3.831
[18:01:13.939] imu_att:-0.055,-0.069,-3.628,-173.840,3.862,3.834
[18:01:13.979] imu_att:-0.064,-0.069,-3.627,-174.066,3.301,3.781
[18:01:14.018] imu_att:-0.064,-0.074,-3.627,-173.567,3.749,3.785
[18:01:14.058] imu_att:-0.065,-0.073,-3.626,-173.416,3.868,3.790
[18:01:14.099] imu_att:-0.055,-0.075,-3.627,-174.493,3.040,3.761
[18:01:14.139] imu_att:-0.070,-0.069,-3.627,-173.157,3.870,3.739
[18:01:14.178] imu_att:-0.066,-0.081,-3.626,-173.599,3.558,3.758
[18:01:14.218] imu_att:-0.065,-0.074,-3.625,-173.768,3.715,3.768
[18:01:14.259] imu_att:-0.056,-0.076,-3.626,-173.681,3.774,3.790
[18:01:14.299] imu_att:-0.060,-0.077,-3.625,-173.122,3.682,3.770
[18:01:14.338] imu_att:-0.062,-0.078,-3.625,-173.377,3.898,3.794
[18:01:14.378] imu_att:-0.071,-0.085,-3.625,-174.408,3.063,3.742
[18:01:14.418] imu_att:-0.059,-0.080,-3.625,-173.809,3.675,3.731
[18:01:14.459] imu_att:-0.062,-0.080,-3.626,-173.781,3.466,3.722
[18:01:14.498] imu_att:-0.055,-0.077,-3.626,-173.438,3.599,3.679
[18:01:14.538] imu_att:-0.053,-0.087,-3.627,-172.975,3.936,3.697
[18:01:14.579] imu_att:-0.051,-0.078,-3.628,-172.498,4.558,3.792
[18:01:14.619] imu_att:-0.053,-0.074,-3.628,-173.844,3.528,3.809
[18:01:14.658] imu_att:-0.046,-0.072,-3.629,-174.369,3.446,3.765
[18:01:14.698] imu_att:-0.056,-0.062,-3.629,-173.713,3.817,3.748
[18:01:14.739] imu_att:-0.060,-0.077,-3.629,-173.602,3.641,3.712
[18:01:14.779] imu_att:-0.065,-0.072,-3.629,-173.894,3.257,3.667
[18:01:14.818] imu_att:-0.067,-0.077,-3.628,-173.550,3.615,3.643
[18:01:14.858] imu_att:-0.061,-0.086,-3.629,-173.139,3.991,3.644
[18:01:14.898] imu_att:-0.058,-0.086,-3.628,-173.329,3.829,3.677
[18:01:14.939] imu_att:-0.055,-0.083,-3.628,-173.498,3.678,3.654
[18:01:14.979] imu_att:-0.063,-0.079,-3.628,-173.538,3.633,3.647
[18:01:15.018] imu_att:-0.062,-0.083,-3.628,-173.302,3.942,3.693
[18:01:15.058] imu_att:-0.063,-0.086,-3.628,-173.251,3.882,3.741
[18:01:15.099] imu_att:-0.064,-0.086,-3.629,-173.520,3.593,3.728
[18:01:15.139] imu_att:-0.052,-0.093,-3.628,-173.241,3.912,3.736
[18:01:15.178] imu_att:-0.048,-0.076,-3.628,-173.795,3.647,3.731
[18:01:15.218] imu_att:-0.058,-0.079,-3.628,-173.286,4.071,3.760
[18:01:15.259] imu_att:-0.049,-0.067,-3.628,-173.132,3.850,3.764
[18:01:15.299] imu_att:-0.079,-0.089,-3.628,-173.132,3.998,3.770
[18:01:15.338] imu_att:-0.074,-0.080,-3.628,-173.533,3.825,3.784
[18:01:15.378] imu_att:-0.059,-0.060,-3.629,-173.459,4.024,3.798
[18:01:15.418] imu_att:-0.072,-0.065,-3.630,-173.622,3.640,3.784
[18:01:15.459] imu_att:-0.062,-0.063,-3.631,-172.401,4.474,3.841
[18:01:15.498] imu_att:-0.047,-0.065,-3.630,-173.450,3.909,3.919
[18:01:15.538] imu_att:-0.046,-0.061,-3.631,-173.292,4.000,3.940
[18:01:15.579] imu_att:-0.046,-0.055,-3.631,-173.711,3.666,3.911
[18:01:15.619] imu_att:-0.050,-0.059,-3.632,-173.279,3.787,3.871
[18:01:15.659] imu_att:-0.048,-0.068,-3.632,-173.695,3.408,3.812
[18:01:15.698] imu_att:-0.048,-0.070,-3.632,-173.266,3.872,3.771
[18:01:15.738] imu_att:-0.057,-0.064,-3.632,-173.608,3.842,3.813
[18:01:15.779] imu_att:-0.038,-0.067,-3.632,-173.603,3.765,3.830
[18:01:15.819] imu_att:-0.044,-0.073,-3.634,-173.859,3.647,3.817
[18:01:15.858] imu_att:-0.029,-0.077,-3.635,-173.615,3.921,3.812
[18:01:15.898] imu_att:-0.037,-0.076,-3.636,-173.899,3.526,3.774
[18:01:15.939] imu_att:-0.055,-0.072,-3.636,-173.899,3.503,3.729
[18:01:15.979] imu_att:-0.058,-0.070,-3.636,-173.265,3.842,3.698
[18:01:16.018] imu_att:-0.048,-0.075,-3.636,-173.009,4.337,3.785
[18:01:16.058] imu_att:-0.041,-0.069,-3.637,-173.380,3.859,3.836
[18:01:16.097] imu_att:-0.057,-0.073,-3.636,-173.370,3.732,3.794
[18:01:16.139] imu_att:-0.047,-0.065,-3.638,-172.959,4.078,3.827
[18:01:16.178] imu_att:-0.058,-0.080,-3.638,-174.153,3.363,3.808
[18:01:16.218] imu_att:-0.052,-0.059,-3.638,-173.866,3.555,3.781
[18:01:16.259] imu_att:-0.053,-0.068,-3.637,-173.046,3.757,3.745
[18:01:16.299] imu_att:-0.052,-0.074,-3.639,-173.249,4.011,3.801
[18:01:16.338] imu_att:-0.050,-0.067,-3.639,-173.037,4.172,3.860
[18:01:16.378] imu_att:-0.065,-0.068,-3.639,-173.300,3.827,3.844
[18:01:16.418] imu_att:-0.064,-0.068,-3.640,-173.664,3.233,3.764
[18:01:16.459] imu_att:-0.055,-0.075,-3.640,-173.503,3.699,3.693
[18:01:16.499] imu_att:-0.062,-0.073,-3.639,-173.557,3.718,3.701
[18:01:16.538] imu_att:-0.052,-0.075,-3.640,-173.556,4.303,3.764
[18:01:16.578] imu_att:-0.059,-0.086,-3.641,-174.374,3.439,3.762
[18:01:16.619] imu_att:-0.044,-0.069,-3.641,-173.114,4.058,3.761
[18:01:16.659] imu_att:-0.046,-0.069,-3.642,-172.845,4.228,3.826
[18:01:16.698] imu_att:-0.037,-0.062,-3.643,-173.448,4.006,3.885
[18:01:16.738] imu_att:-0.047,-0.078,-3.643,-173.488,3.330,3.798
[18:01:16.779] imu_att:-0.052,-0.070,-3.645,-173.202,4.208,3.846
[18:01:16.819] imu_att:-0.058,-0.065,-3.646,-173.356,3.678,3.844
[18:01:16.858] imu_att:-0.055,-0.076,-3.647,-173.019,4.025,3.836
[18:01:16.898] imu_att:-0.050,-0.068,-3.647,-173.835,3.869,3.902
[18:01:16.937] imu_att:-0.070,-0.059,-3.648,-173.414,3.869,3.905
[18:01:16.979] imu_att:-0.083,-0.060,-3.649,-173.276,3.969,3.915
[18:01:17.018] imu_att:-0.055,-0.076,-3.648,-173.246,4.206,3.962
[18:01:17.058] imu_att:-0.054,-0.077,-3.649,-173.031,4.089,3.966
[18:01:17.098] imu_att:-0.077,-0.075,-3.649,-173.801,3.757,3.985
[18:01:17.139] imu_att:-0.071,-0.076,-3.648,-173.497,3.646,3.935
[18:01:17.179] imu_att:-0.060,-0.075,-3.649,-173.441,3.721,3.902
[18:01:17.218] imu_att:-0.055,-0.085,-3.648,-173.748,3.575,3.874
[18:01:17.258] imu_att:-0.048,-0.082,-3.649,-173.939,3.818,3.867
[18:01:17.299] imu_att:-0.040,-0.081,-3.652,-173.201,4.064,3.876
[18:01:17.339] imu_att:-0.047,-0.083,-3.652,-173.322,3.989,3.933
[18:01:17.378] imu_att:-0.044,-0.078,-3.654,-174.028,3.411,3.911
[18:01:17.418] imu_att:-0.054,-0.098,-3.654,-173.735,3.571,3.851
[18:01:17.459] imu_att:-0.069,-0.093,-3.653,-173.300,3.921,3.836
[18:01:17.499] imu_att:-0.070,-0.084,-3.653,-173.210,3.993,3.859
[18:01:17.539] imu_att:-0.061,-0.089,-3.654,-173.266,3.883,3.858
[18:01:17.578] imu_att:-0.057,-0.065,-3.655,-173.793,3.650,3.872
[18:01:17.618] imu_att:-0.061,-0.069,-3.655,-173.843,3.504,3.808
[18:01:17.659] imu_att:-0.061,-0.071,-3.655,-173.827,3.340,3.745
[18:01:17.698] imu_att:-0.058,-0.066,-3.655,-173.727,3.770,3.758
[18:01:17.738] imu_att:-0.045,-0.071,-3.655,-173.139,3.979,3.820
[18:01:17.778] imu_att:-0.050,-0.086,-3.656,-173.865,3.490,3.821
[18:01:17.819] imu_att:-0.054,-0.076,-3.658,-173.594,3.585,3.767
[18:01:17.859] imu_att:-0.063,-0.081,-3.658,-172.998,3.611,3.774
[18:01:17.898] imu_att:-0.053,-0.071,-3.660,-174.081,3.267,3.750
[18:01:17.938] imu_att:-0.059,-0.081,-3.661,-173.300,3.847,3.694
[18:01:17.979] imu_att:-0.056,-0.071,-3.660,-173.259,3.975,3.737
[18:01:18.019] imu_att:-0.051,-0.077,-3.659,-173.576,3.877,3.852
[18:01:18.058] imu_att:-0.064,-0.072,-3.659,-174.195,2.939,3.716
[18:01:18.098] imu_att:-0.057,-0.068,-3.660,-174.901,2.798,3.641
[18:01:18.139] imu_att:-0.052,-0.078,-3.660,-173.125,4.420,3.686
[18:01:18.179] imu_att:-0.068,-0.077,-3.662,-173.409,3.881,3.763
[18:01:18.218] imu_att:-0.050,-0.070,-3.662,-173.865,3.637,3.822
[18:01:18.258] imu_att:-0.044,-0.071,-3.662,-173.320,3.793,3.797
[18:01:18.299] imu_att:-0.061,-0.077,-3.662,-172.856,4.089,3.808
[18:01:18.339] imu_att:-0.060,-0.073,-3.664,-173.149,3.946,3.809
[18:01:18.378] imu_att:-0.059,-0.075,-3.666,-173.290,3.851,3.804
[18:01:18.418] imu_att:-0.053,-0.079,-3.665,-173.473,3.712,3.804
[18:01:18.457] imu_att:-0.052,-0.081,-3.665,-173.017,3.913,3.802
[18:01:18.499] imu_att:-0.056,-0.067,-3.667,-173.265,3.828,3.804
[18:01:18.538] imu_att:-0.056,-0.070,-3.668,-173.563,3.815,3.808
[18:01:18.578] imu_att:-0.061,-0.078,-3.669,-173.205,3.988,3.813
[18:01:18.618] imu_att:-0.058,-0.080,-3.669,-173.013,3.924,3.815
[18:01:18.659] imu_att:-0.067,-0.070,-3.668,-173.219,3.939,3.831
[18:01:18.699] imu_att:-0.068,-0.076,-3.669,-173.134,3.581,3.738
[18:01:18.738] imu_att:-0.055,-0.074,-3.670,-173.151,3.983,3.754
[18:01:18.778] imu_att:-0.062,-0.066,-3.671,-172.646,4.390,3.839
[18:01:18.819] imu_att:-0.047,-0.061,-3.673,-173.631,3.787,3.881
[18:01:18.859] imu_att:-0.053,-0.076,-3.673,-173.804,3.513,3.831
[18:01:18.898] imu_att:-0.046,-0.071,-3.672,-173.219,3.959,3.816
[18:01:18.938] imu_att:-0.056,-0.061,-3.672,-173.091,4.153,3.878
[18:01:18.979] imu_att:-0.057,-0.069,-3.673,-173.682,3.766,3.907
[18:01:19.019] imu_att:-0.052,-0.077,-3.672,-173.361,3.780,3.862
[18:01:19.058] imu_att:-0.043,-0.076,-3.673,-173.547,3.648,3.791
[18:01:19.098] imu_att:-0.065,-0.081,-3.673,-173.287,3.709,3.759
[18:01:19.139] imu_att:-0.064,-0.084,-3.673,-173.566,3.766,3.777
[18:01:19.179] imu_att:-0.065,-0.099,-3.672,-173.242,3.918,3.771
[18:01:19.219] imu_att:-0.066,-0.088,-3.672,-173.783,3.455,3.751
[18:01:19.258] imu_att:-0.060,-0.090,-3.672,-174.360,3.181,3.721
[18:01:19.298] imu_att:-0.045,-0.095,-3.672,-174.059,3.264,3.623
[18:01:19.339] imu_att:-0.054,-0.093,-3.672,-173.762,3.359,3.529
[18:01:19.379] imu_att:-0.055,-0.084,-3.673,-173.808,3.448,3.540
[18:01:19.418] imu_att:-0.062,-0.079,-3.673,-174.047,3.214,3.498
[18:01:19.458] imu_att:-0.069,-0.071,-3.674,-174.056,3.243,3.463
[18:01:19.499] imu_att:-0.045,-0.088,-3.676,-174.737,3.064,3.461
[18:01:19.538] imu_att:-0.083,-0.047,-3.675,-173.697,3.108,3.358
[18:01:19.578] imu_att:-0.100,0.006,-3.676,-173.358,3.689,3.389
[18:01:19.618] imu_att:-0.066,-0.053,-3.675,-173.604,3.534,3.414
[18:01:19.659] imu_att:-0.031,-0.082,-3.674,-173.632,3.460,3.411
[18:01:19.698] imu_att:-0.057,-0.095,-3.675,-174.073,3.343,3.430
[18:01:19.738] imu_att:-0.030,-0.092,-3.674,-173.707,3.446,3.423
[18:01:19.778] imu_att:-0.019,-0.138,-3.674,-173.702,3.649,3.480
[18:01:19.819] imu_att:-0.133,0.181,-3.681,-174.204,2.821,3.399
[18:01:19.858] imu_att:-0.190,0.088,-3.683,-174.073,3.145,3.346
[18:01:19.898] imu_att:-0.192,-0.200,-3.683,-174.216,3.109,3.317
[18:01:19.938] imu_att:-0.115,-0.308,-3.680,-173.677,3.588,3.332
[18:01:19.979] imu_att:-0.002,-0.310,-3.678,-174.066,3.510,3.381
[18:01:20.019] imu_att:0.002,-0.186,-3.678,-173.859,3.209,3.321
[18:01:20.058] imu_att:-0.023,-0.066,-3.681,-173.331,4.100,3.414
[18:01:20.098] imu_att:-0.047,-0.071,-3.681,-173.709,3.612,3.492
[18:01:20.139] imu_att:-0.022,-0.124,-3.682,-174.015,3.458,3.521
[18:01:20.179] imu_att:-0.029,-0.114,-3.681,-173.835,3.289,3.478
[18:01:20.218] imu_att:-0.045,-0.063,-3.681,-173.269,3.839,3.508
[18:01:20.258] imu_att:-0.057,-0.071,-3.682,-173.895,3.445,3.518
[18:01:20.299] imu_att:-0.049,-0.085,-3.681,-174.543,3.076,3.530
[18:01:20.339] imu_att:-0.044,-0.075,-3.683,-174.664,3.006,3.430
