# Serial Log - 2026-04-11T16:45:49.408595
# Port: COM24 @ 115200bps
#============================================================
[16:45:51.637] -912.00,-1080.00,-2201.00
[16:45:51.677] -905.00,-1072.00,-2193.00
[16:45:51.715] -900.00,-1077.00,-2208.00
[16:45:51.744] -905.00,-1088.00,-2203.00
[16:45:51.797] -912.00,-1086.00,-2211.00
[16:45:51.836] -907.00,-1091.00,-2211.00
[16:45:51.876] -907.00,-1088.00,-2206.00
[16:45:51.916] -900.00,-1093.00,-2211.00
[16:45:51.955] -897.00,-1101.00,-2208.00
[16:45:51.996] -910.00,-1096.00,-2196.00
[16:45:52.036] -887.00,-1086.00,-2216.00
[16:45:52.075] -900.00,-1093.00,-2213.00
[16:45:52.115] -902.00,-1086.00,-2216.00
[16:45:52.156] -897.00,-1093.00,-2213.00
[16:45:52.196] -907.00,-1098.00,-2206.00
[16:45:52.223] -900.00,-1098.00,-2221.00
[16:45:52.276] -897.00,-1091.00,-2216.00
[16:45:52.315] -895.00,-1082.00,-2211.00
[16:45:52.358] -890.00,-1086.00,-2211.00
[16:45:52.396] -900.00,-1098.00,-2208.00
[16:45:52.435] -902.00,-1091.00,-2211.00
[16:45:52.476] -907.00,-1096.00,-2216.00
[16:45:52.514] -905.00,-1082.00,-2211.00
[16:45:52.543] -897.00,-1091.00,-2213.00
[16:45:52.597] -887.00,-1096.00,-2203.00
[16:45:52.636] -897.00,-1086.00,-2208.00
[16:45:52.675] -900.00,-1098.00,-2193.00
[16:45:52.716] -897.00,-1088.00,-2201.00
[16:45:52.756] -907.00,-1093.00,-2208.00
[16:45:52.795] -910.00,-1086.00,-2203.00
[16:45:52.835] -920.00,-1077.00,-2206.00
[16:45:52.876] -922.00,-1086.00,-2206.00
[16:45:52.917] -946.00,-1080.00,-2188.00
[16:45:52.955] -997.00,-1110.00,-2155.00
[16:45:52.995] -1043.00,-1125.00,-2097.00
[16:45:53.036] -1115.00,-1157.00,-2038.00
[16:45:53.076] -1237.00,-1177.00,-1905.00
[16:45:53.116] -1303.00,-1186.00,-1817.00
[16:45:53.155] -1403.00,-1181.00,-1670.00
[16:45:53.196] -1506.00,-1136.00,-1453.00
[16:45:53.236] -1572.00,-1117.00,-1233.00
[16:45:53.265] -1593.00,-1103.00,-1048.00
[16:45:53.316] -1601.00,-1101.00,-855.00
[16:45:53.355] -1601.00,-1101.00,-832.00
[16:45:53.395] -1586.00,-1125.00,-755.00
[16:45:53.437] -1577.00,-1133.00,-685.00
[16:45:53.476] -1562.00,-1141.00,-618.00
[16:45:53.515] -1557.00,-1172.00,-546.00
[16:45:53.555] -1511.00,-1181.00,-473.00
[16:45:53.596] -1467.00,-1196.00,-362.00
[16:45:53.636] -1437.00,-1203.00,-291.00
[16:45:53.675] -1430.00,-1220.00,-277.00
[16:45:53.715] -1442.00,-1222.00,-301.00
[16:45:53.755] -1470.00,-1220.00,-367.00
[16:45:53.796] -1483.00,-1191.00,-442.00
[16:45:53.824] -1513.00,-1170.00,-551.00
[16:45:53.875] -1523.00,-1160.00,-577.00
[16:45:53.916] -1577.00,-1127.00,-821.00
[16:45:53.955] -1591.00,-1072.00,-958.00
[16:45:53.996] -1547.00,-1008.00,-1110.00
[16:45:54.035] -1542.00,-941.00,-1283.00
[16:45:54.076] -1486.00,-856.00,-1422.00
[16:45:54.115] -1411.00,-775.00,-1582.00
[16:45:54.156] -1310.00,-725.00,-1713.00
[16:45:54.196] -1232.00,-695.00,-1822.00
[16:45:54.236] -1137.00,-658.00,-1917.00
[16:45:54.276] -1038.00,-618.00,-1990.00
[16:45:54.317] -992.00,-573.00,-2028.00
[16:45:54.357] -941.00,-556.00,-2051.00
[16:45:54.396] -938.00,-547.00,-2075.00
[16:45:54.435] -910.00,-568.00,-2095.00
[16:45:54.475] -892.00,-580.00,-2100.00
[16:45:54.516] -895.00,-587.00,-2097.00
[16:45:54.558] -905.00,-618.00,-2108.00
[16:45:54.596] -907.00,-630.00,-2100.00
[16:45:54.636] -910.00,-668.00,-2097.00
[16:45:54.674] -925.00,-701.00,-2103.00
[16:45:54.717] -910.00,-718.00,-2103.00
[16:45:54.756] -943.00,-737.00,-2090.00
[16:45:54.795] -961.00,-761.00,-2080.00
[16:45:54.835] -976.00,-825.00,-2048.00
[16:45:54.877] -976.00,-858.00,-2085.00
[16:45:54.916] -978.00,-885.00,-2070.00
[16:45:54.955] -931.00,-885.00,-2092.00
[16:45:54.995] -922.00,-882.00,-2085.00
[16:45:55.036] -895.00,-893.00,-2087.00
[16:45:55.076] -861.00,-932.00,-2090.00
[16:45:55.116] -838.00,-1003.00,-2113.00
[16:45:55.142] -812.00,-1125.00,-2106.00
[16:45:55.195] -758.00,-1312.00,-2090.00
[16:45:55.238] -667.00,-1521.00,-2053.00
[16:45:55.276] -575.00,-1612.00,-2033.00
[16:45:55.315] -465.00,-1695.00,-2041.00
[16:45:55.356] -345.00,-1713.00,-2062.00
[16:45:55.394] -265.00,-1737.00,-2095.00
[16:45:55.436] -181.00,-1750.00,-2103.00
[16:45:55.475] -27.00,-1773.00,-2116.00
[16:45:55.516] 63.00,-1778.00,-2106.00
[16:45:55.555] 155.00,-1797.00,-2080.00
[16:45:55.598] 211.00,-1842.00,-2053.00
[16:45:55.636] 240.00,-1868.00,-2026.00
[16:45:55.675] 227.00,-1900.00,-2000.00
[16:45:55.715] 211.00,-1902.00,-1992.00
[16:45:55.755] 168.00,-1942.00,-1951.00
[16:45:55.796] 117.00,-1963.00,-1958.00
[16:45:55.837] 58.00,-1966.00,-1946.00
[16:45:55.877] 17.00,-1961.00,-1946.00
[16:45:55.915] 17.00,-1971.00,-1946.00
[16:45:55.959] 0.00,-1876.00,-2017.00
[16:45:55.996] 37.00,-1802.00,-2072.00
[16:45:56.036] 127.00,-1776.00,-2090.00
[16:45:56.075] 245.00,-1790.00,-2080.00
[16:45:56.115] 321.00,-1790.00,-2062.00
[16:45:56.156] 401.00,-1776.00,-2070.00
[16:45:56.196] 442.00,-1745.00,-2080.00
[16:45:56.235] 491.00,-1731.00,-2085.00
[16:45:56.262] 503.00,-1716.00,-2087.00
[16:45:56.318] 528.00,-1726.00,-2100.00
[16:45:56.356] 521.00,-1695.00,-2100.00
[16:45:56.395] 538.00,-1663.00,-2131.00
[16:45:56.437] 550.00,-1610.00,-2165.00
[16:45:56.475] 543.00,-1510.00,-2213.00
[16:45:56.516] 531.00,-1441.00,-2245.00
[16:45:56.557] 557.00,-1495.00,-2211.00
[16:45:56.595] 685.00,-1571.00,-2111.00
[16:45:56.635] 853.00,-1616.00,-1990.00
[16:45:56.675] 987.00,-1631.00,-1878.00
[16:45:56.717] 1163.00,-1616.00,-1735.00
[16:45:56.756] 1293.00,-1588.00,-1585.00
[16:45:56.795] 1381.00,-1573.00,-1458.00
[16:45:56.835] 1450.00,-1560.00,-1327.00
[16:45:56.876] 1486.00,-1550.00,-1228.00
[16:45:56.916] 1501.00,-1552.00,-1190.00
[16:45:56.955] 1552.00,-1545.00,-1017.00
[16:45:56.983] 1572.00,-1550.00,-866.00
[16:45:57.036] 1567.00,-1571.00,-708.00
[16:45:57.077] 1511.00,-1571.00,-548.00
[16:45:57.116] 1450.00,-1612.00,-376.00
[16:45:57.155] 1396.00,-1650.00,-247.00
[16:45:57.195] 1286.00,-1687.00,-126.00
[16:45:57.236] 1207.00,-1683.00,-10.00
[16:45:57.264] 1137.00,-1690.00,48.00
[16:45:57.315] 1110.00,-1683.00,102.00
[16:45:57.355] 1110.00,-1690.00,112.00
[16:45:57.395] 1122.00,-1692.00,105.00
[16:45:57.436] 1151.00,-1663.00,85.00
[16:45:57.475] 1217.00,-1618.00,53.00
[16:45:57.515] 1245.00,-1586.00,53.00
[16:45:57.556] 1271.00,-1592.00,25.00
[16:45:57.596] 1266.00,-1600.00,10.00
[16:45:57.636] 1261.00,-1621.00,10.00
[16:45:57.675] 1232.00,-1663.00,7.00
[16:45:57.716] 1183.00,-1678.00,30.00
[16:45:57.755] 1146.00,-1697.00,58.00
[16:45:57.797] 1041.00,-1723.00,120.00
[16:45:57.836] 951.00,-1710.00,180.00
[16:45:57.877] 866.00,-1705.00,252.00
[16:45:57.916] 765.00,-1702.00,303.00
[16:45:57.954] 662.00,-1678.00,357.00
[16:45:57.997] 375.00,-1642.00,453.00
[16:45:58.037] 142.00,-1621.00,473.00
[16:45:58.076] 2.00,-1600.00,481.00
[16:45:58.116] -225.00,-1600.00,442.00
[16:45:58.157] -401.00,-1647.00,371.00
[16:45:58.196] -496.00,-1692.00,288.00
[16:45:58.236] -608.00,-1731.00,195.00
[16:45:58.276] -665.00,-1790.00,112.00
[16:45:58.315] -705.00,-1805.00,56.00
[16:45:58.357] -733.00,-1823.00,17.00
[16:45:58.395] -770.00,-1800.00,2.00
[16:45:58.435] -782.00,-1802.00,-32.00
[16:45:58.476] -805.00,-1795.00,-22.00
[16:45:58.517] -782.00,-1797.00,-15.00
[16:45:58.556] -765.00,-1811.00,5.00
[16:45:58.595] -692.00,-1818.00,51.00
[16:45:58.635] -613.00,-1840.00,95.00
[16:45:58.674] -536.00,-1850.00,128.00
[16:45:58.717] -440.00,-1852.00,175.00
[16:45:58.756] -308.00,-1856.00,228.00
[16:45:58.796] -135.00,-1861.00,270.00
[16:45:58.836] 25.00,-1845.00,298.00
[16:45:58.862] 171.00,-1842.00,323.00
[16:45:58.917] 298.00,-1835.00,298.00
[16:45:58.955] 298.00,-1835.00,298.00
[16:45:58.995] 643.00,-1852.00,185.00
[16:45:59.035] 761.00,-1832.00,143.00
[16:45:59.061] 958.00,-1826.00,25.00
[16:45:59.116] 1073.00,-1813.00,-90.00
[16:45:59.155] 1188.00,-1805.00,-218.00
[16:45:59.195] 1286.00,-1771.00,-340.00
[16:45:59.238] 1368.00,-1757.00,-517.00
[16:45:59.276] 1432.00,-1763.00,-660.00
[16:45:59.315] 1425.00,-1757.00,-830.00
[16:45:59.357] 1408.00,-1776.00,-1005.00
[16:45:59.397] 1393.00,-1785.00,-1148.00
[16:45:59.436] 1345.00,-1781.00,-1293.00
[16:45:59.477] 1220.00,-1832.00,-1485.00
[16:45:59.515] 1142.00,-1835.00,-1563.00
[16:45:59.555] 1022.00,-1863.00,-1682.00
[16:45:59.583] 890.00,-1861.00,-1783.00
[16:45:59.636] 756.00,-1871.00,-1858.00
[16:45:59.675] 672.00,-1850.00,-1915.00
[16:45:59.717] 531.00,-1845.00,-1963.00
[16:45:59.755] 477.00,-1828.00,-1997.00
[16:45:59.798] 413.00,-1813.00,-2031.00
[16:45:59.836] 357.00,-1808.00,-2036.00
[16:45:59.875] 293.00,-1832.00,-2026.00
[16:45:59.902] 211.00,-1863.00,-2010.00
[16:45:59.956] 191.00,-1866.00,-2017.00
[16:45:59.997] 147.00,-1850.00,-2023.00
[16:46:00.035] 173.00,-1823.00,-2051.00
[16:46:00.075] 225.00,-1800.00,-2048.00
[16:46:00.115] 323.00,-1795.00,-2072.00
[16:46:00.156] 401.00,-1800.00,-2041.00
[16:46:00.185] 418.00,-1835.00,-2005.00
[16:46:00.235] 447.00,-1861.00,-1980.00
[16:46:00.276] 480.00,-1887.00,-1951.00
[16:46:00.315] 501.00,-1918.00,-1920.00
[16:46:00.344] 480.00,-1942.00,-1888.00
[16:46:00.396] 477.00,-1982.00,-1852.00
[16:46:00.435] 462.00,-1977.00,-1893.00
[16:46:00.476] 440.00,-1911.00,-1941.00
[16:46:00.516] 423.00,-1863.00,-1973.00
[16:46:00.556] 440.00,-1800.00,-2038.00
[16:46:00.595] 455.00,-1747.00,-2077.00
[16:46:00.636] 423.00,-1681.00,-2106.00
[16:46:00.675] 352.00,-1683.00,-2141.00
[16:46:00.716] 252.00,-1673.00,-2157.00
[16:46:00.755] 188.00,-1673.00,-2152.00
[16:46:00.796] 101.00,-1713.00,-2141.00
[16:46:00.835] 47.00,-1721.00,-2131.00
[16:46:00.874] -10.00,-1728.00,-2111.00
[16:46:00.916] -83.00,-1761.00,-2085.00
[16:46:00.955] -198.00,-1823.00,-2026.00
[16:46:00.995] -257.00,-1826.00,-2002.00
[16:46:01.022] -462.00,-1835.00,-1917.00
[16:46:01.076] -567.00,-1828.00,-1835.00
[16:46:01.116] -718.00,-1811.00,-1762.00
[16:46:01.156] -780.00,-1790.00,-1687.00
[16:46:01.196] -892.00,-1781.00,-1575.00
[16:46:01.236] -963.00,-1800.00,-1427.00
[16:46:01.276] -1015.00,-1802.00,-1316.00
[16:46:01.315] -1041.00,-1828.00,-1175.00
[16:46:01.355] -1061.00,-1842.00,-1031.00
[16:46:01.394] -1046.00,-1850.00,-901.00
[16:46:01.437] -1012.00,-1868.00,-731.00
[16:46:01.477] -1012.00,-1887.00,-687.00
[16:46:01.515] -936.00,-1885.00,-447.00
[16:46:01.556] -863.00,-1863.00,-257.00
[16:46:01.596] -723.00,-1821.00,-61.00
[16:46:01.636] -597.00,-1797.00,58.00
[16:46:01.675] -465.00,-1768.00,180.00
[16:46:01.715] -301.00,-1776.00,228.00
[16:46:01.754] -171.00,-1761.00,288.00
[16:46:01.797] -42.00,-1733.00,316.00
[16:46:01.836] 17.00,-1726.00,337.00
[16:46:01.877] 137.00,-1700.00,365.00
[16:46:01.914] 183.00,-1713.00,360.00
[16:46:01.956] 208.00,-1742.00,318.00
[16:46:01.995] 245.00,-1778.00,298.00
[16:46:02.035] 245.00,-1816.00,282.00
[16:46:02.076] 235.00,-1871.00,243.00
[16:46:02.114] 242.00,-1871.00,233.00
[16:46:02.157] 206.00,-1878.00,223.00
[16:46:02.197] 173.00,-1856.00,236.00
[16:46:02.236] 117.00,-1842.00,262.00
[16:46:02.275] -2.00,-1832.00,267.00
[16:46:02.314] -176.00,-1835.00,252.00
[16:46:02.356] -413.00,-1790.00,165.00
[16:46:02.395] -633.00,-1787.00,46.00
[16:46:02.435] -815.00,-1771.00,-115.00
[16:46:02.474] -900.00,-1768.00,-221.00
[16:46:02.516] -1058.00,-1763.00,-515.00
[16:46:02.556] -1125.00,-1771.00,-742.00
[16:46:02.596] -1112.00,-1785.00,-925.00
[16:46:02.635] -1056.00,-1811.00,-1187.00
[16:46:02.675] -958.00,-1832.00,-1402.00
[16:46:02.716] -843.00,-1826.00,-1561.00
[16:46:02.755] -741.00,-1847.00,-1687.00
[16:46:02.797] -541.00,-1868.00,-1817.00
[16:46:02.834] -398.00,-1892.00,-1886.00
[16:46:02.876] -267.00,-1890.00,-1938.00
[16:46:02.915] -181.00,-1892.00,-1973.00
[16:46:02.943] -47.00,-1863.00,-2005.00
[16:46:02.996] -12.00,-1852.00,-2036.00
[16:46:03.036] 155.00,-1821.00,-2100.00
[16:46:03.075] 270.00,-1808.00,-2082.00
[16:46:03.116] 416.00,-1800.00,-2082.00
[16:46:03.156] 508.00,-1773.00,-2085.00
[16:46:03.194] 603.00,-1747.00,-2075.00
[16:46:03.236] 651.00,-1737.00,-2056.00
[16:46:03.276] 667.00,-1723.00,-2085.00
[16:46:03.315] 655.00,-1726.00,-2087.00
[16:46:03.355] 633.00,-1723.00,-2100.00
[16:46:03.396] 628.00,-1733.00,-2097.00
[16:46:03.436] 618.00,-1713.00,-2097.00
[16:46:03.476] 628.00,-1707.00,-2123.00
[16:46:03.516] 623.00,-1690.00,-2131.00
[16:46:03.554] 628.00,-1645.00,-2141.00
[16:46:03.596] 633.00,-1610.00,-2150.00
[16:46:03.635] 621.00,-1557.00,-2165.00
[16:46:03.676] 641.00,-1547.00,-2196.00
[16:46:03.716] 618.00,-1547.00,-2180.00
[16:46:03.755] 601.00,-1547.00,-2182.00
[16:46:03.796] 587.00,-1578.00,-2177.00
[16:46:03.836] 550.00,-1600.00,-2175.00
[16:46:03.876] 543.00,-1592.00,-2177.00
[16:46:03.917] 506.00,-1586.00,-2182.00
[16:46:03.957] 493.00,-1602.00,-2188.00
[16:46:03.996] 493.00,-1602.00,-2188.00
[16:46:04.035] 482.00,-1623.00,-2177.00
[16:46:04.074] 485.00,-1647.00,-2160.00
[16:46:04.117] 498.00,-1633.00,-2160.00
[16:46:04.162] 503.00,-1650.00,-2152.00
[16:46:04.195] 503.00,-1663.00,-2152.00
[16:46:04.235] 508.00,-1671.00,-2160.00
[16:46:04.275] 506.00,-1683.00,-2138.00
[16:46:04.316] 498.00,-1687.00,-2128.00
[16:46:04.355] 498.00,-1690.00,-2131.00
[16:46:04.395] 493.00,-1687.00,-2138.00
[16:46:04.435] 487.00,-1655.00,-2145.00
[16:46:04.474] 470.00,-1655.00,-2175.00
[16:46:04.516] 472.00,-1655.00,-2165.00
[16:46:04.543] 423.00,-1681.00,-2160.00
[16:46:04.596] 393.00,-1713.00,-2152.00
[16:46:04.634] 375.00,-1728.00,-2141.00
[16:46:04.678] 365.00,-1742.00,-2126.00
[16:46:04.716] 357.00,-1763.00,-2121.00
[16:46:04.755] 330.00,-1771.00,-2116.00
[16:46:04.795] 327.00,-1757.00,-2113.00
[16:46:04.834] 293.00,-1773.00,-2118.00
[16:46:04.876] 183.00,-1757.00,-2131.00
[16:46:04.916] 101.00,-1745.00,-2126.00
[16:46:04.955] -10.00,-1763.00,-2116.00
[16:46:04.996] -83.00,-1797.00,-2095.00
[16:46:05.036] -245.00,-1818.00,-2026.00
[16:46:05.075] -345.00,-1861.00,-1951.00
[16:46:05.115] -426.00,-1906.00,-1837.00
[16:46:05.155] -480.00,-1937.00,-1770.00
[16:46:05.194] -565.00,-1968.00,-1652.00
[16:46:05.236] -633.00,-1982.00,-1526.00
[16:46:05.276] -721.00,-1995.00,-1453.00
[16:46:05.316] -738.00,-1990.00,-1352.00
[16:46:05.354] -807.00,-1945.00,-1298.00
[16:46:05.383] -843.00,-1932.00,-1262.00
[16:46:05.435] -892.00,-1882.00,-1245.00
[16:46:05.464] -928.00,-1826.00,-1265.00
[16:46:05.515] -958.00,-1805.00,-1291.00
[16:46:05.554] -973.00,-1773.00,-1311.00
[16:46:05.596] -992.00,-1750.00,-1311.00
[16:46:05.635] -968.00,-1768.00,-1275.00
[16:46:05.676] -985.00,-1776.00,-1233.00
[16:46:05.715] -982.00,-1800.00,-1216.00
[16:46:05.754] -966.00,-1835.00,-1185.00
[16:46:05.795] -956.00,-1842.00,-1187.00
[16:46:05.836] -982.00,-1823.00,-1211.00
[16:46:05.875] -1056.00,-1733.00,-1206.00
[16:46:05.916] -1142.00,-1597.00,-1203.00
[16:46:05.956] -1205.00,-1471.00,-1177.00
[16:46:05.995] -1271.00,-1365.00,-1182.00
[16:46:06.036] -1283.00,-1312.00,-1177.00
[16:46:06.075] -1373.00,-1025.00,-1160.00
[16:46:06.117] -1378.00,-798.00,-1155.00
[16:46:06.155] -1368.00,-663.00,-1138.00
[16:46:06.196] -1393.00,-526.00,-1126.00
[16:46:06.235] -1383.00,-383.00,-1118.00
[16:46:06.274] -1312.00,-260.00,-1102.00
[16:46:06.317] -1240.00,-73.00,-1118.00
[16:46:06.355] -1178.00,52.00,-1116.00
[16:46:06.395] -1095.00,165.00,-1107.00
[16:46:06.434] -1038.00,231.00,-1080.00
[16:46:06.476] -941.00,360.00,-1015.00
[16:46:06.517] -900.00,395.00,-986.00
[16:46:06.555] -815.00,476.00,-878.00
[16:46:06.595] -767.00,526.00,-798.00
[16:46:06.636] -728.00,545.00,-733.00
[16:46:06.676] -707.00,558.00,-723.00
[16:46:06.715] -690.00,561.00,-733.00
[16:46:06.757] -707.00,568.00,-752.00
[16:46:06.795] -713.00,545.00,-791.00
[16:46:06.835] -726.00,556.00,-840.00
[16:46:06.876] -767.00,535.00,-901.00
[16:46:06.915] -815.00,508.00,-953.00
[16:46:06.955] -875.00,468.00,-945.00
[16:46:06.995] -943.00,390.00,-992.00
[16:46:07.036] -1002.00,337.00,-986.00
[16:46:07.075] -1095.00,226.00,-992.00
[16:46:07.115] -1183.00,117.00,-990.00
[16:46:07.156] -1266.00,-26.00,-992.00
[16:46:07.194] -1360.00,-228.00,-1000.00
[16:46:07.235] -1406.00,-490.00,-978.00
[16:46:07.275] -1442.00,-675.00,-976.00
[16:46:07.315] -1430.00,-972.00,-1012.00
[16:46:07.356] -1381.00,-1183.00,-1087.00
[16:46:07.396] -1258.00,-1426.00,-1165.00
[16:46:07.435] -1081.00,-1636.00,-1283.00
[16:46:07.477] -943.00,-1728.00,-1316.00
[16:46:07.515] -956.00,-1747.00,-1330.00
[16:46:07.554] -956.00,-1747.00,-1330.00
[16:46:07.585] -1056.00,-1687.00,-1335.00
[16:46:07.635] -1092.00,-1692.00,-1337.00
[16:46:07.676] -1102.00,-1718.00,-1308.00
[16:46:07.715] -1107.00,-1750.00,-1245.00
[16:46:07.757] -1107.00,-1790.00,-1201.00
[16:46:07.783] -1092.00,-1805.00,-1175.00
[16:46:07.835] -1081.00,-1816.00,-1167.00
[16:46:07.876] -1058.00,-1842.00,-1170.00
[16:46:07.914] -1015.00,-1882.00,-1177.00
[16:46:07.956] -1027.00,-1871.00,-1201.00
[16:46:07.997] -1022.00,-1861.00,-1206.00
[16:46:08.036] -1027.00,-1856.00,-1218.00
[16:46:08.075] -1043.00,-1866.00,-1242.00
[16:46:08.117] -1025.00,-1863.00,-1233.00
[16:46:08.156] -1027.00,-1856.00,-1226.00
[16:46:08.197] -1022.00,-1868.00,-1201.00
[16:46:08.235] -1022.00,-1868.00,-1180.00
[16:46:08.275] -1017.00,-1913.00,-1170.00
[16:46:08.303] -1007.00,-1900.00,-1151.00
[16:46:08.357] -1015.00,-1885.00,-1167.00
[16:46:08.396] -1041.00,-1876.00,-1185.00
[16:46:08.436] -1022.00,-1897.00,-1162.00
[16:46:08.474] -997.00,-1932.00,-1131.00
[16:46:08.515] -1000.00,-1956.00,-1068.00
[16:46:08.556] -997.00,-1973.00,-1033.00
[16:46:08.595] -997.00,-1990.00,-990.00
[16:46:08.634] -982.00,-1985.00,-966.00
[16:46:08.676] -987.00,-1995.00,-997.00
[16:46:08.715] -961.00,-1968.00,-1000.00
[16:46:08.755] -978.00,-1985.00,-1053.00
[16:46:08.795] -987.00,-1966.00,-1075.00
[16:46:08.838] -971.00,-1947.00,-1113.00
[16:46:08.875] -973.00,-1935.00,-1151.00
[16:46:08.916] -992.00,-1932.00,-1167.00
[16:46:08.955] -985.00,-1913.00,-1177.00
[16:46:08.994] -966.00,-1940.00,-1182.00
[16:46:09.036] -922.00,-1958.00,-1221.00
[16:46:09.075] -922.00,-1958.00,-1221.00
[16:46:09.116] -802.00,-2058.00,-1257.00
[16:46:09.155] -713.00,-2101.00,-1272.00
[16:46:09.194] -562.00,-2180.00,-1311.00
[16:46:09.235] -372.00,-2230.00,-1298.00
[16:46:09.275] -216.00,-2285.00,-1255.00
[16:46:09.304] -47.00,-2341.00,-1198.00
[16:46:09.354] 127.00,-2353.00,-1148.00
[16:46:09.396] 391.00,-2330.00,-1082.00
[16:46:09.436] 587.00,-2287.00,-1041.00
[16:46:09.476] 767.00,-2220.00,-1033.00
[16:46:09.514] 851.00,-2158.00,-1010.00
[16:46:09.554] 961.00,-2075.00,-997.00
[16:46:09.596] 1005.00,-2053.00,-992.00
[16:46:09.635] 1078.00,-1958.00,-963.00
[16:46:09.675] 1148.00,-1923.00,-971.00
[16:46:09.715] 1183.00,-1882.00,-976.00
[16:46:09.756] 1186.00,-1868.00,-976.00
[16:46:09.795] 1191.00,-1856.00,-990.00
[16:46:09.836] 1166.00,-1876.00,-1017.00
[16:46:09.875] 1153.00,-1908.00,-1038.00
[16:46:09.917] 1115.00,-1921.00,-1063.00
[16:46:09.955] 1132.00,-1911.00,-1063.00
[16:46:09.995] 1122.00,-1918.00,-1077.00
[16:46:10.022] 1142.00,-1895.00,-1056.00
[16:46:10.075] 1137.00,-1911.00,-1068.00
[16:46:10.116] 1148.00,-1900.00,-1056.00
[16:46:10.155] 1137.00,-1897.00,-1051.00
[16:46:10.195] 1117.00,-1930.00,-1068.00
[16:46:10.235] 1100.00,-1966.00,-1058.00
[16:46:10.277] 1066.00,-1973.00,-1036.00
[16:46:10.315] 1035.00,-2030.00,-1022.00
[16:46:10.355] 961.00,-2080.00,-1010.00
[16:46:10.395] 868.00,-2151.00,-963.00
[16:46:10.435] 772.00,-2220.00,-932.00
[16:46:10.477] 657.00,-2275.00,-881.00
[16:46:10.517] 541.00,-2315.00,-832.00
[16:46:10.557] 350.00,-2372.00,-808.00
[16:46:10.595] 350.00,-2372.00,-808.00
[16:46:10.634] 117.00,-2385.00,-762.00
[16:46:10.676] -15.00,-2375.00,-733.00
[16:46:10.715] -115.00,-2370.00,-718.00
[16:46:10.756] -196.00,-2353.00,-697.00
[16:46:10.794] -311.00,-2322.00,-711.00
[16:46:10.837] -416.00,-2301.00,-745.00
[16:46:10.876] -521.00,-2270.00,-777.00
[16:46:10.917] -626.00,-2203.00,-825.00
[16:46:10.954] -746.00,-2127.00,-881.00
[16:46:10.995] -861.00,-2071.00,-930.00
[16:46:11.037] -1000.00,-1923.00,-990.00
[16:46:11.075] -1063.00,-1852.00,-1031.00
[16:46:11.115] -1092.00,-1837.00,-1056.00
[16:46:11.154] -1191.00,-1671.00,-1138.00
[16:46:11.196] -1230.00,-1573.00,-1187.00
[16:46:11.235] -1247.00,-1505.00,-1231.00
[16:46:11.275] -1252.00,-1505.00,-1223.00
[16:46:11.315] -1240.00,-1536.00,-1192.00
[16:46:11.356] -1222.00,-1588.00,-1151.00
[16:46:11.396] -1230.00,-1631.00,-1102.00
[16:46:11.435] -1220.00,-1631.00,-1080.00
[16:46:11.476] -1225.00,-1650.00,-1092.00
[16:46:11.514] -1207.00,-1628.00,-1123.00
[16:46:11.556] -1210.00,-1666.00,-1118.00
[16:46:11.596] -1198.00,-1687.00,-1100.00
[16:46:11.635] -1168.00,-1740.00,-1053.00
[16:46:11.675] -1158.00,-1785.00,-956.00
[16:46:11.716] -1166.00,-1795.00,-871.00
[16:46:11.755] -1186.00,-1771.00,-808.00
[16:46:11.795] -1176.00,-1781.00,-757.00
[16:46:11.835] -1163.00,-1808.00,-716.00
[16:46:11.874] -1142.00,-1823.00,-733.00
[16:46:11.916] -1115.00,-1852.00,-747.00
[16:46:11.956] -1092.00,-1876.00,-808.00
[16:46:11.996] -1078.00,-1885.00,-837.00
[16:46:12.022] -1107.00,-1861.00,-855.00
[16:46:12.074] -1115.00,-1837.00,-878.00
[16:46:12.117] -1142.00,-1826.00,-878.00
[16:46:12.143] -1153.00,-1828.00,-876.00
[16:46:12.195] -1115.00,-1832.00,-842.00
[16:46:12.234] -1107.00,-1852.00,-855.00
[16:46:12.274] -1112.00,-1828.00,-866.00
[16:46:12.316] -1112.00,-1845.00,-888.00
[16:46:12.356] -1117.00,-1832.00,-937.00
[16:46:12.394] -1100.00,-1828.00,-1005.00
[16:46:12.434] -1058.00,-1823.00,-1092.00
[16:46:12.476] -1005.00,-1816.00,-1278.00
[16:46:12.516] -928.00,-1840.00,-1391.00
[16:46:12.556] -777.00,-1852.00,-1572.00
[16:46:12.595] -667.00,-1871.00,-1670.00
[16:46:12.636] -611.00,-1868.00,-1711.00
[16:46:12.676] -306.00,-1913.00,-1825.00
[16:46:12.716] -160.00,-1947.00,-1881.00
[16:46:12.755] 2.00,-1956.00,-1886.00
[16:46:12.794] 127.00,-1956.00,-1907.00
[16:46:12.837] 237.00,-1942.00,-1938.00
[16:46:12.875] 337.00,-1908.00,-1968.00
[16:46:12.915] 437.00,-1895.00,-1961.00
[16:46:12.954] 538.00,-1878.00,-1968.00
[16:46:12.996] 608.00,-1845.00,-1980.00
[16:46:13.035] 700.00,-1795.00,-1992.00
[16:46:13.075] 792.00,-1755.00,-1966.00
[16:46:13.116] 831.00,-1740.00,-1973.00
[16:46:13.154] 875.00,-1716.00,-1973.00
[16:46:13.196] 928.00,-1681.00,-1961.00
[16:46:13.235] 951.00,-1673.00,-1963.00
[16:46:13.277] 951.00,-1666.00,-1958.00
[16:46:13.315] 946.00,-1678.00,-1951.00
[16:46:13.356] 966.00,-1668.00,-1961.00
[16:46:13.397] 956.00,-1683.00,-1948.00
[16:46:13.423] 961.00,-1681.00,-1943.00
[16:46:13.475] 958.00,-1695.00,-1948.00
[16:46:13.514] 938.00,-1692.00,-1961.00
[16:46:13.556] 915.00,-1700.00,-1990.00
[16:46:13.596] 841.00,-1695.00,-2010.00
[16:46:13.635] 761.00,-1705.00,-2036.00
[16:46:13.674] 577.00,-1697.00,-2090.00
[16:46:13.718] 388.00,-1705.00,-2111.00
[16:46:13.756] 191.00,-1707.00,-2085.00
[16:46:13.796] -30.00,-1750.00,-2053.00
[16:46:13.835] -193.00,-1766.00,-2002.00
[16:46:13.874] -391.00,-1802.00,-1922.00
[16:46:13.916] -523.00,-1805.00,-1840.00
[16:46:13.955] -633.00,-1808.00,-1737.00
[16:46:13.995] -748.00,-1813.00,-1646.00
[16:46:14.034] -856.00,-1818.00,-1510.00
[16:46:14.076] -922.00,-1826.00,-1383.00
[16:46:14.115] -997.00,-1832.00,-1265.00
[16:46:14.155] -997.00,-1832.00,-1265.00
[16:46:14.195] -1058.00,-1823.00,-1077.00
[16:46:14.235] -1081.00,-1842.00,-966.00
[16:46:14.277] -1095.00,-1847.00,-876.00
[16:46:14.316] -1088.00,-1868.00,-806.00
[16:46:14.356] -1078.00,-1873.00,-772.00
[16:46:14.394] -1078.00,-1890.00,-747.00
[16:46:14.436] -1076.00,-1876.00,-762.00
[16:46:14.477] -1063.00,-1868.00,-786.00
[16:46:14.515] -1078.00,-1882.00,-845.00
[16:46:14.556] -1107.00,-1832.00,-886.00
[16:46:14.594] -1137.00,-1790.00,-932.00
[16:46:14.637] -1163.00,-1716.00,-978.00
[16:46:14.675] -1198.00,-1676.00,-983.00
[16:46:14.715] -1263.00,-1533.00,-1048.00
[16:46:14.754] -1288.00,-1462.00,-1061.00
[16:46:14.796] -1340.00,-1365.00,-1012.00
[16:46:14.836] -1357.00,-1298.00,-963.00
[16:46:14.875] -1355.00,-1217.00,-903.00
[16:46:14.914] -1350.00,-1106.00,-852.00
[16:46:14.956] -1330.00,-1056.00,-827.00
[16:46:14.996] -1355.00,-961.00,-842.00
[16:46:15.037] -1357.00,-816.00,-866.00
[16:46:15.077] -1357.00,-735.00,-891.00
[16:46:15.114] -1337.00,-558.00,-971.00
[16:46:15.157] -1330.00,-492.00,-1012.00
[16:46:15.196] -1288.00,-366.00,-1100.00
[16:46:15.236] -1252.00,-276.00,-1143.00
[16:46:15.275] -1202.00,-221.00,-1187.00
[16:46:15.314] -1171.00,-183.00,-1206.00
[16:46:15.356] -1122.00,-76.00,-1233.00
[16:46:15.395] -1081.00,-7.00,-1231.00
[16:46:15.435] -1030.00,65.00,-1211.00
[16:46:15.475] -997.00,123.00,-1175.00
[16:46:15.517] -951.00,197.00,-1141.00
[16:46:15.556] -917.00,242.00,-1126.00
[16:46:15.595] -902.00,271.00,-1116.00
[16:46:15.635] -892.00,297.00,-1126.00
[16:46:15.674] -892.00,297.00,-1126.00
[16:46:15.716] -828.00,331.00,-1102.00
[16:46:15.755] -833.00,368.00,-1063.00
[16:46:15.796] -795.00,387.00,-1027.00
[16:46:15.834] -797.00,405.00,-986.00
[16:46:15.875] -787.00,407.00,-976.00
[16:46:15.915] -782.00,402.00,-968.00
[16:46:15.955] -792.00,400.00,-973.00
[16:46:15.995] -802.00,397.00,-986.00
[16:46:16.034] -797.00,390.00,-1000.00
[16:46:16.076] -841.00,350.00,-1010.00
[16:46:16.116] -858.00,331.00,-997.00
[16:46:16.155] -892.00,307.00,-995.00
[16:46:16.194] -928.00,268.00,-995.00
[16:46:16.236] -1043.00,131.00,-932.00
[16:46:16.275] -1107.00,36.00,-903.00
[16:46:16.315] -1191.00,-93.00,-891.00
[16:46:16.355] -1271.00,-250.00,-917.00
[16:46:16.396] -1306.00,-447.00,-966.00
[16:46:16.436] -1315.00,-623.00,-1046.00
[16:46:16.475] -1303.00,-861.00,-1170.00
[16:46:16.502] -1278.00,-970.00,-1233.00
[16:46:16.554] -1235.00,-1103.00,-1306.00
[16:46:16.594] -1198.00,-1160.00,-1311.00
[16:46:16.635] -1198.00,-1241.00,-1301.00
[16:46:16.676] -1193.00,-1265.00,-1288.00
[16:46:16.715] -1178.00,-1402.00,-1245.00
[16:46:16.754] -1132.00,-1488.00,-1182.00
[16:46:16.796] -1095.00,-1562.00,-1160.00
[16:46:16.836] -1038.00,-1663.00,-1162.00
[16:46:16.875] -1005.00,-1728.00,-1170.00
[16:46:16.914] -920.00,-1792.00,-1198.00
[16:46:16.957] -890.00,-1852.00,-1198.00
[16:46:16.996] -831.00,-1890.00,-1213.00
[16:46:17.038] -792.00,-1932.00,-1213.00
[16:46:17.075] -770.00,-1940.00,-1213.00
[16:46:17.115] -746.00,-1947.00,-1211.00
[16:46:17.154] -770.00,-1950.00,-1233.00
[16:46:17.183] -753.00,-1961.00,-1228.00
[16:46:17.235] -741.00,-1945.00,-1208.00
[16:46:17.275] -718.00,-1971.00,-1228.00
[16:46:17.315] -702.00,-1985.00,-1240.00
[16:46:17.355] -675.00,-1992.00,-1260.00
[16:46:17.383] -662.00,-1990.00,-1262.00
[16:46:17.435] -641.00,-2018.00,-1267.00
[16:46:17.474] -595.00,-2045.00,-1265.00
[16:46:17.503] -531.00,-2095.00,-1247.00
[16:46:17.556] -447.00,-2140.00,-1242.00
[16:46:17.595] -355.00,-2193.00,-1228.00
[16:46:17.634] -206.00,-2256.00,-1211.00
[16:46:17.675] -137.00,-2258.00,-1218.00
[16:46:17.715] -66.00,-2293.00,-1201.00
[16:46:17.755] 196.00,-2346.00,-1138.00
[16:46:17.796] 365.00,-2330.00,-1118.00
[16:46:17.834] 521.00,-2308.00,-1121.00
[16:46:17.876] 731.00,-2251.00,-1100.00
[16:46:17.916] 858.00,-2198.00,-1075.00
[16:46:17.955] 976.00,-2125.00,-1061.00
[16:46:17.995] 1081.00,-2056.00,-1072.00
[16:46:18.034] 1117.00,-2042.00,-1097.00
[16:46:18.076] 1153.00,-2006.00,-1102.00
[16:46:18.115] 1140.00,-2006.00,-1116.00
[16:46:18.155] 1156.00,-1997.00,-1136.00
[16:46:18.194] 1151.00,-1985.00,-1162.00
[16:46:18.236] 1132.00,-1995.00,-1175.00
[16:46:18.275] 1181.00,-1953.00,-1157.00
[16:46:18.315] 1205.00,-1935.00,-1146.00
[16:46:18.355] 1227.00,-1932.00,-1141.00
[16:46:18.482] 1237
[16:46:18.597] .00,-1921.00,-1143.00
[16:46:18.599] 1247.00,-1897.00,-1146.00
[16:46:18.600] 1242.00,-1906.00,-1143.00
[16:46:18.601] 1245.00,-1908.00,-1136.00
[16:46:18.604] 1232.00,-1900.00,-1141.00
[16:46:18.605] 1245.00,-1913.00,-1138.00
[16:46:18.636] 1240.00,-1921.00,-1131.00
[16:46:18.675] 1212.00,-1916.00,-1157.00
[16:46:18.716] 1191.00,-1950.00,-1155.00
[16:46:18.754] 1132.00,-1985.00,-1151.00
[16:46:18.796] 1046.00,-2045.00,-1165.00
[16:46:18.836] 946.00,-2108.00,-1165.00
[16:46:18.875] 741.00,-2208.00,-1185.00
[16:46:18.914] 585.00,-2263.00,-1190.00
[16:46:18.955] 388.00,-2293.00,-1223.00
[16:46:18.996] 193.00,-2293.00,-1221.00
[16:46:19.037] -35.00,-2280.00,-1257.00
[16:46:19.062] -216.00,-2258.00,-1240.00
[16:46:19.115] -350.00,-2206.00,-1206.00
[16:46:19.156] -518.00,-2148.00,-1180.00
[16:46:19.195] -603.00,-2095.00,-1165.00
[16:46:19.235] -636.00,-2087.00,-1155.00
[16:46:19.274] -775.00,-1968.00,-1175.00
[16:46:19.318] -833.00,-1911.00,-1233.00
[16:46:19.355] -836.00,-1873.00,-1283.00
[16:46:19.396] -848.00,-1847.00,-1303.00
[16:46:19.422] -848.00,-1850.00,-1288.00
[16:46:19.474] -851.00,-1845.00,-1275.00
[16:46:19.517] -882.00,-1858.00,-1267.00
[16:46:19.555] -861.00,-1852.00,-1233.00
[16:46:19.595] -907.00,-1858.00,-1208.00
[16:46:19.634] -912.00,-1835.00,-1196.00
[16:46:19.674] -931.00,-1823.00,-1198.00
[16:46:19.716] -928.00,-1797.00,-1208.00
[16:46:19.756] -961.00,-1747.00,-1252.00
[16:46:19.796] -968.00,-1742.00,-1265.00
[16:46:19.834] -963.00,-1723.00,-1293.00
[16:46:19.875] -943.00,-1733.00,-1308.00
[16:46:19.917] -897.00,-1766.00,-1342.00
[16:46:19.955] -831.00,-1787.00,-1446.00
[16:46:19.994] -733.00,-1781.00,-1548.00
[16:46:20.037] -680.00,-1752.00,-1665.00
[16:46:20.075] -587.00,-1731.00,-1770.00
[16:46:20.115] -480.00,-1700.00,-1861.00
[16:46:20.155] -380.00,-1726.00,-1910.00
[16:46:20.194] -242.00,-1750.00,-1968.00
[16:46:20.224] -140.00,-1795.00,-1982.00
[16:46:20.277] 10.00,-1816.00,-2007.00
[16:46:20.316] 93.00,-1818.00,-2026.00
[16:46:20.355] 222.00,-1826.00,-2012.00
[16:46:20.394] 303.00,-1835.00,-2000.00
[16:46:20.435] 393.00,-1852.00,-2000.00
[16:46:20.475] 493.00,-1842.00,-2002.00
[16:46:20.516] 628.00,-1823.00,-1985.00
[16:46:20.555] 728.00,-1832.00,-1961.00
[16:46:20.597] 782.00,-1818.00,-1941.00
[16:46:20.635] 863.00,-1802.00,-1930.00
[16:46:20.675] 902.00,-1790.00,-1925.00
[16:46:20.715] 920.00,-1776.00,-1932.00
[16:46:20.756] 920.00,-1776.00,-1932.00
[16:46:20.784] 910.00,-1766.00,-1943.00
[16:46:20.836] 892.00,-1771.00,-1943.00
[16:46:20.862] 858.00,-1781.00,-1951.00
[16:46:20.914] 815.00,-1790.00,-1968.00
[16:46:20.955] 685.00,-1795.00,-2002.00
[16:46:20.996] 531.00,-1797.00,-2038.00
[16:46:21.035] 316.00,-1808.00,-2051.00
[16:46:21.074] 96.00,-1797.00,-2023.00
[16:46:21.116] -112.00,-1808.00,-1963.00
[16:46:21.144] -337.00,-1840.00,-1886.00
[16:46:21.196] -503.00,-1842.00,-1783.00
[16:46:21.235] -621.00,-1837.00,-1706.00
[16:46:21.274] -685.00,-1861.00,-1665.00
[16:46:21.315] -770.00,-1850.00,-1567.00
[16:46:21.355] -826.00,-1847.00,-1495.00
[16:46:21.396] -880.00,-1866.00,-1371.00
[16:46:21.434] -910.00,-1882.00,-1291.00
[16:46:21.476] -961.00,-1890.00,-1126.00
[16:46:21.515] -995.00,-1902.00,-1015.00
[16:46:21.555] -1012.00,-1897.00,-910.00
[16:46:21.594] -1022.00,-1897.00,-808.00
[16:46:21.635] -1022.00,-1906.00,-723.00
[16:46:21.675] -1017.00,-1908.00,-660.00
[16:46:21.702] -997.00,-1900.00,-615.00
[16:46:21.755] -995.00,-1913.00,-612.00
[16:46:21.794] -1012.00,-1916.00,-605.00
[16:46:21.836] -1035.00,-1890.00,-623.00
[16:46:21.875] -1056.00,-1850.00,-641.00
[16:46:21.916] -1097.00,-1816.00,-697.00
[16:46:21.954] -1117.00,-1773.00,-733.00
[16:46:21.995] -1117.00,-1785.00,-752.00
[16:46:22.035] -1105.00,-1795.00,-786.00
[16:46:22.076] -1095.00,-1805.00,-765.00
[16:46:22.116] -1102.00,-1813.00,-760.00
[16:46:22.155] -1105.00,-1813.00,-762.00
[16:46:22.197] -1120.00,-1792.00,-757.00
[16:46:22.237] -1117.00,-1790.00,-767.00
[16:46:22.276] -1117.00,-1790.00,-767.00
[16:46:22.314] -1130.00,-1795.00,-757.00
[16:46:22.356] -1130.00,-1773.00,-718.00
[16:46:22.384] -1110.00,-1785.00,-672.00
[16:46:22.435] -1088.00,-1771.00,-618.00
[16:46:22.475] -1088.00,-1805.00,-577.00
[16:46:22.514] -1086.00,-1826.00,-530.00
[16:46:22.557] -1046.00,-1832.00,-408.00
[16:46:22.595] -985.00,-1818.00,-255.00
[16:46:22.635] -836.00,-1850.00,-35.00
[16:46:22.674] -680.00,-1821.00,167.00
[16:46:22.714] -536.00,-1821.00,291.00
[16:46:22.755] -283.00,-1800.00,403.00
[16:46:22.795] -240.00,-1816.00,427.00
[16:46:22.835] 66.00,-1818.00,486.00
[16:46:22.874] 198.00,-1826.00,481.00
[16:46:22.914] 296.00,-1842.00,468.00
[16:46:22.956] 347.00,-1832.00,453.00
[16:46:22.997] 337.00,-1826.00,471.00
[16:46:23.035] 298.00,-1835.00,471.00
[16:46:23.074] 201.00,-1840.00,478.00
[16:46:23.117] 98.00,-1832.00,473.00
[16:46:23.155] -7.00,-1828.00,476.00
[16:46:23.195] -145.00,-1832.00,437.00
[16:46:23.234] -316.00,-1808.00,425.00
[16:46:23.275] -437.00,-1776.00,365.00
[16:46:23.315] -651.00,-1755.00,272.00
[16:46:23.355] -863.00,-1710.00,126.00
[16:46:23.395] -1007.00,-1697.00,-37.00
[16:46:23.434] -1100.00,-1690.00,-211.00
[16:46:23.478] -1151.00,-1710.00,-422.00
[16:46:23.515] -1168.00,-1763.00,-602.00
[16:46:23.555] -1117.00,-1818.00,-803.00
[16:46:23.594] -1063.00,-1878.00,-922.00
[16:46:23.636] -1015.00,-1913.00,-1025.00
[16:46:23.675] -951.00,-1926.00,-1095.00
[16:46:23.702] -910.00,-1971.00,-1141.00
[16:46:23.755] -887.00,-1980.00,-1162.00
[16:46:23.794] -875.00,-1992.00,-1177.00
[16:46:23.835] -863.00,-1987.00,-1177.00
[16:46:23.875] -887.00,-1982.00,-1182.00
[16:46:23.915] -868.00,-1968.00,-1218.00
[16:46:23.954] -863.00,-1942.00,-1265.00
[16:46:23.995] -853.00,-1935.00,-1308.00
[16:46:24.036] -838.00,-1932.00,-1350.00
[16:46:24.075] -875.00,-1895.00,-1386.00
[16:46:24.114] -900.00,-1866.00,-1376.00
[16:46:24.155] -943.00,-1808.00,-1368.00
[16:46:24.195] -1043.00,-1707.00,-1340.00
[16:46:24.235] -1181.00,-1528.00,-1306.00
[16:46:24.276] -1263.00,-1381.00,-1278.00
[16:46:24.314] -1301.00,-1317.00,-1275.00
[16:46:24.356] -1408.00,-887.00,-1182.00
[16:46:24.395] -1408.00,-642.00,-1141.00
[16:46:24.436] -1386.00,-447.00,-1138.00
[16:46:24.474] -1312.00,-266.00,-1187.00
[16:46:24.514] -1271.00,-202.00,-1245.00
[16:46:24.555] -1191.00,-126.00,-1311.00
[16:46:24.595] -1161.00,-100.00,-1347.00
[16:46:24.635] -1127.00,-78.00,-1361.00
[16:46:24.674] -1088.00,-28.00,-1388.00
[16:46:24.715] -1048.00,46.00,-1342.00
[16:46:24.755] -1022.00,117.00,-1288.00
[16:46:24.795] -971.00,212.00,-1213.00
[16:46:24.834] -961.00,262.00,-1160.00
[16:46:24.874] -890.00,347.00,-1051.00
[16:46:24.915] -858.00,405.00,-963.00
[16:46:24.955] -790.00,461.00,-891.00
[16:46:24.995] -765.00,455.00,-866.00
[16:46:25.034] -775.00,473.00,-832.00
[16:46:25.077] -810.00,455.00,-811.00
[16:46:25.115] -843.00,421.00,-808.00
[16:46:25.155] -910.00,371.00,-808.00
[16:46:25.194] -992.00,292.00,-777.00
[16:46:25.234] -1092.00,195.00,-793.00
[16:46:25.275] -1186.00,81.00,-780.00
[16:46:25.315] -1268.00,-60.00,-827.00
[16:46:25.355] -1268.00,-60.00,-827.00
[16:46:25.385] -1437.00,-571.00,-912.00
[16:46:25.435] -1445.00,-843.00,-953.00
[16:46:25.475] -1425.00,-1122.00,-995.00
[16:46:25.515] -1388.00,-1257.00,-1007.00
[16:46:25.555] -1340.00,-1396.00,-990.00
[16:46:25.594] -1296.00,-1502.00,-968.00
[16:46:25.635] -1225.00,-1631.00,-958.00
[16:46:25.675] -1137.00,-1773.00,-945.00
[16:46:25.715] -1066.00,-1873.00,-958.00
[16:46:25.754] -1002.00,-1923.00,-966.00
[16:46:25.794] -956.00,-1953.00,-976.00
[16:46:25.836] -928.00,-1985.00,-992.00
[16:46:25.875] -922.00,-1997.00,-1025.00
[16:46:25.914] -910.00,-1995.00,-1033.00
[16:46:25.956] -895.00,-1997.00,-1031.00
[16:46:25.996] -900.00,-2006.00,-1041.00
[16:46:26.035] -892.00,-2008.00,-1043.00
[16:46:26.075] -887.00,-2027.00,-1061.00
[16:46:26.115] -846.00,-2051.00,-1066.00
[16:46:26.157] -833.00,-2042.00,-1061.00
[16:46:26.196] -843.00,-2056.00,-1038.00
[16:46:26.236] -807.00,-2095.00,-1000.00
[16:46:26.275] -713.00,-2156.00,-963.00
[16:46:26.314] -580.00,-2258.00,-925.00
[16:46:26.355] -506.00,-2285.00,-922.00
[16:46:26.395] -301.00,-2351.00,-992.00
[16:46:26.434] -145.00,-2351.00,-978.00
[16:46:26.475] 42.00,-2330.00,-940.00
[16:46:26.515] 242.00,-2317.00,-973.00
[16:46:26.555] 408.00,-2267.00,-1010.00
[16:46:26.596] 570.00,-2193.00,-1077.00
[16:46:26.634] 670.00,-2140.00,-1118.00
[16:46:26.674] 736.00,-2075.00,-1155.00
[16:46:26.715] 838.00,-2008.00,-1182.00
[16:46:26.755] 900.00,-1958.00,-1226.00
[16:46:26.794] 936.00,-1885.00,-1240.00
[16:46:26.834] 971.00,-1852.00,-1311.00
[16:46:26.876] 985.00,-1826.00,-1313.00
[16:46:26.915] 1007.00,-1816.00,-1303.00
[16:46:26.955] 992.00,-1816.00,-1325.00
[16:46:26.994] 990.00,-1818.00,-1330.00
[16:46:27.036] 1002.00,-1802.00,-1313.00
[16:46:27.075] 997.00,-1821.00,-1303.00
[16:46:27.115] 973.00,-1850.00,-1293.00
[16:46:27.154] 933.00,-1887.00,-1286.00
[16:46:27.194] 861.00,-1958.00,-1283.00
[16:46:27.236] 770.00,-2021.00,-1265.00
[16:46:27.275] 628.00,-2116.00,-1240.00
[16:46:27.315] 413.00,-2208.00,-1208.00
[16:46:27.355] 273.00,-2232.00,-1206.00
[16:46:27.396] 216.00,-2256.00,-1198.00
[16:46:27.435] -140.00,-2280.00,-1177.00
[16:46:27.476] -355.00,-2235.00,-1177.00
[16:46:27.515] -565.00,-2182.00,-1167.00
[16:46:27.555] -731.00,-2092.00,-1121.00
[16:46:27.596] -946.00,-1973.00,-1095.00
[16:46:27.636] -1095.00,-1845.00,-1080.00
[16:46:27.662] -1196.00,-1726.00,-1107.00
[16:46:27.714] -1232.00,-1592.00,-1151.00
[16:46:27.756] -1266.00,-1541.00,-1187.00
[16:46:27.796] -1286.00,-1533.00,-1192.00
[16:46:27.835] -1288.00,-1550.00,-1167.00
[16:46:27.874] -1263.00,-1533.00,-1172.00
[16:46:27.914] -1268.00,-1576.00,-1167.00
[16:46:27.955] -1247.00,-1612.00,-1165.00
[16:46:27.995] -1207.00,-1642.00,-1157.00
[16:46:28.035] -1171.00,-1695.00,-1162.00
[16:46:28.074] -1146.00,-1723.00,-1165.00
[16:46:28.114] -1127.00,-1752.00,-1182.00
[16:46:28.157] -1095.00,-1781.00,-1177.00
[16:46:28.195] -1076.00,-1805.00,-1185.00
[16:46:28.234] -1015.00,-1835.00,-1223.00
[16:46:28.274] -933.00,-1890.00,-1288.00
[16:46:28.315] -836.00,-1932.00,-1361.00
[16:46:28.342] -726.00,-1963.00,-1453.00
[16:46:28.396] -641.00,-1971.00,-1520.00
[16:46:28.435] -560.00,-1977.00,-1597.00
[16:46:28.466] -477.00,-1945.00,-1655.00
[16:46:28.515] -393.00,-1911.00,-1721.00
[16:46:28.555] -327.00,-1876.00,-1781.00
[16:46:28.595] -278.00,-1845.00,-1832.00
[16:46:28.636] -201.00,-1802.00,-1883.00
[16:46:28.676] -83.00,-1766.00,-1946.00
[16:46:28.715] 40.00,-1705.00,-1987.00
[16:46:28.755] 227.00,-1631.00,-2023.00
[16:46:28.794] 340.00,-1618.00,-2017.00
[16:46:28.835] 555.00,-1597.00,-1968.00
[16:46:28.876] 675.00,-1612.00,-1925.00
[16:46:28.916] 733.00,-1621.00,-1915.00
[16:46:28.954] 802.00,-1676.00,-1852.00
[16:46:28.994] 812.00,-1683.00,-1852.00
[16:46:29.035] 800.00,-1681.00,-1873.00
[16:46:29.076] 761.00,-1695.00,-1886.00
[16:46:29.115] 728.00,-1710.00,-1893.00
[16:46:29.154] 718.00,-1733.00,-1900.00
[16:46:29.195] 726.00,-1737.00,-1905.00
[16:46:29.235] 705.00,-1742.00,-1891.00
[16:46:29.276] 695.00,-1740.00,-1905.00
[16:46:29.314] 662.00,-1731.00,-1915.00
[16:46:29.354] 616.00,-1740.00,-1935.00
[16:46:29.395] 575.00,-1721.00,-1961.00
[16:46:29.435] 543.00,-1726.00,-1968.00
[16:46:29.474] 477.00,-1766.00,-1968.00
[16:46:29.514] 423.00,-1787.00,-1968.00
[16:46:29.557] 335.00,-1823.00,-1976.00
[16:46:29.595] 178.00,-1842.00,-1973.00
[16:46:29.635] -12.00,-1835.00,-1982.00
[16:46:29.674] -313.00,-1828.00,-1935.00
[16:46:29.716] -506.00,-1761.00,-1883.00
[16:46:29.756] -680.00,-1710.00,-1817.00
[16:46:29.796] -802.00,-1690.00,-1716.00
[16:46:29.834] -915.00,-1668.00,-1623.00
[16:46:29.877] -1012.00,-1652.00,-1531.00
[16:46:29.915] -1053.00,-1607.00,-1507.00
[16:46:29.955] -1053.00,-1607.00,-1507.00
[16:46:29.995] -1191.00,-1550.00,-1352.00
[16:46:30.022] -1196.00,-1545.00,-1311.00
[16:46:30.076] -1222.00,-1550.00,-1257.00
[16:46:30.103] -1220.00,-1571.00,-1237.00
[16:46:30.155] -1227.00,-1586.00,-1223.00
[16:46:30.194] -1215.00,-1592.00,-1233.00
[16:46:30.236] -1225.00,-1600.00,-1231.00
[16:46:30.276] -1227.00,-1607.00,-1198.00
[16:46:30.315] -1225.00,-1602.00,-1192.00
[16:46:30.355] -1242.00,-1623.00,-1165.00
[16:46:30.397] -1240.00,-1655.00,-1097.00
[16:46:30.425] -1242.00,-1663.00,-1097.00
[16:46:30.476] -1240.00,-1726.00,-1027.00
[16:46:30.515] -1242.00,-1733.00,-966.00
[16:46:30.554] -1266.00,-1740.00,-912.00
[16:46:30.594] -1252.00,-1740.00,-857.00
[16:46:30.637] -1237.00,-1740.00,-832.00
[16:46:30.675] -1266.00,-1755.00,-816.00
[16:46:30.716] -1278.00,-1742.00,-808.00
[16:46:30.756] -1286.00,-1707.00,-760.00
[16:46:30.794] -1310.00,-1681.00,-697.00
[16:46:30.836] -1340.00,-1647.00,-605.00
[16:46:30.875] -1360.00,-1616.00,-546.00
[16:46:30.914] -1342.00,-1576.00,-491.00
[16:46:30.955] -1357.00,-1562.00,-507.00
[16:46:30.995] -1408.00,-1502.00,-466.00
[16:46:31.035] -1401.00,-1438.00,-450.00
[16:46:31.075] -1411.00,-1428.00,-401.00
[16:46:31.114] -1398.00,-1415.00,-367.00
[16:46:31.154] -1378.00,-1415.00,-321.00
[16:46:31.195] -1368.00,-1381.00,-243.00
[16:46:31.235] -1366.00,-1355.00,-226.00
[16:46:31.275] -1371.00,-1322.00,-195.00
[16:46:31.317] -1371.00,-1283.00,-138.00
[16:46:31.355] -1362.00,-1212.00,-78.00
[16:46:31.397] -1355.00,-1120.00,2.00
[16:46:31.435] -1330.00,-961.00,78.00
[16:46:31.474] -1312.00,-846.00,148.00
[16:46:31.514] -1263.00,-685.00,218.00
[16:46:31.555] -1217.00,-511.00,275.00
[16:46:31.595] -1188.00,-400.00,277.00
[16:46:31.635] -1140.00,-252.00,280.00
[16:46:31.674] -1135.00,-168.00,267.00
[16:46:31.715] -1148.00,-123.00,226.00
[16:46:31.755] -1148.00,-93.00,195.00
[16:46:31.795] -1205.00,-67.00,138.00
[16:46:31.834] -1198.00,-70.00,131.00
[16:46:31.875] -1210.00,-52.00,73.00
[16:46:31.917] -1217.00,-41.00,82.00
[16:46:31.955] -1212.00,-38.00,76.00
[16:46:31.994] -1202.00,-31.00,63.00
[16:46:32.034] -1181.00,5.00,82.00
[16:46:32.075] -1171.00,17.00,66.00
[16:46:32.115] -1166.00,28.00,46.00
[16:46:32.154] -1181.00,26.00,10.00
[16:46:32.195] -1173.00,38.00,7.00
[16:46:32.221] -1171.00,46.00,7.00
[16:46:32.275] -1166.00,52.00,2.00
[16:46:32.315] -1168.00,81.00,-15.00
[16:46:32.354] -1181.00,123.00,-85.00
[16:46:32.394] -1156.00,176.00,-126.00
[16:46:32.435] -1137.00,233.00,-213.00
[16:46:32.475] -1122.00,271.00,-262.00
[16:46:32.514] -1088.00,321.00,-350.00
[16:46:32.555] -1053.00,378.00,-442.00
[16:46:32.594] -1000.00,426.00,-543.00
[16:46:32.635] -971.00,442.00,-623.00
[16:46:32.675] -956.00,458.00,-713.00
[16:46:32.714] -968.00,461.00,-801.00
[16:46:32.754] -958.00,431.00,-842.00
[16:46:32.797] -973.00,423.00,-830.00
[16:46:32.835] -1012.00,392.00,-791.00
[16:46:32.874] -1035.00,373.00,-772.00
[16:46:32.914] -1058.00,357.00,-760.00
[16:46:32.955] -1058.00,363.00,-750.00
[16:46:32.995] -1076.00,355.00,-731.00
[16:46:33.038] -1076.00,352.00,-677.00
[16:46:33.074] -1086.00,333.00,-592.00
[16:46:33.114] -1107.00,328.00,-548.00
[16:46:33.157] -1100.00,323.00,-522.00
[16:46:33.195] -1102.00,326.00,-563.00
[16:46:33.234] -1086.00,333.00,-615.00
[16:46:33.275] -1081.00,345.00,-706.00
[16:46:33.314] -1083.00,340.00,-796.00
[16:46:33.355] -1053.00,345.00,-876.00
[16:46:33.395] -1048.00,318.00,-978.00
[16:46:33.434] -1063.00,286.00,-1051.00
[16:46:33.476] -1061.00,260.00,-1080.00
[16:46:33.515] -1061.00,260.00,-1080.00
[16:46:33.557] -1068.00,218.00,-1180.00
[16:46:33.582] -1073.00,212.00,-1180.00
[16:46:33.634] -1071.00,202.00,-1190.00
[16:46:33.676] -1078.00,168.00,-1192.00
[16:46:33.715] -1081.00,183.00,-1187.00
[16:46:33.756] -1092.00,171.00,-1187.00
[16:46:33.795] -1078.00,160.00,-1216.00
[16:46:33.834] -1071.00,147.00,-1228.00
[16:46:33.875] -1058.00,110.00,-1296.00
[16:46:33.916] -1056.00,57.00,-1368.00
[16:46:33.954] -1056.00,7.00,-1402.00
[16:46:33.994] -1035.00,-65.00,-1487.00
[16:46:34.035] -1030.00,-110.00,-1536.00
[16:46:34.075] -1007.00,-252.00,-1626.00
[16:46:34.115] -976.00,-340.00,-1703.00
[16:46:34.155] -931.00,-440.00,-1793.00
[16:46:34.195] -892.00,-490.00,-1845.00
[16:46:34.235] -823.00,-630.00,-1900.00
[16:46:34.275] -795.00,-753.00,-1930.00
[16:46:34.315] -777.00,-866.00,-1938.00
[16:46:34.354] -785.00,-972.00,-1935.00
[16:46:34.395] -802.00,-1075.00,-1910.00
[16:46:34.435] -823.00,-1127.00,-1881.00
[16:46:34.474] -836.00,-1207.00,-1835.00
[16:46:34.514] -848.00,-1246.00,-1835.00
[16:46:34.555] -866.00,-1341.00,-1781.00
[16:46:34.595] -885.00,-1407.00,-1745.00
[16:46:34.637] -885.00,-1467.00,-1703.00
[16:46:34.662] -875.00,-1500.00,-1682.00
[16:46:34.714] -863.00,-1555.00,-1641.00
[16:46:34.756] -856.00,-1607.00,-1613.00
[16:46:34.795] -856.00,-1652.00,-1585.00
[16:46:34.834] -856.00,-1690.00,-1548.00
[16:46:34.875] -851.00,-1716.00,-1531.00
[16:46:34.915] -856.00,-1742.00,-1507.00
[16:46:34.955] -856.00,-1757.00,-1485.00
[16:46:34.995] -851.00,-1776.00,-1487.00
[16:46:35.034] -848.00,-1766.00,-1481.00
[16:46:35.074] -866.00,-1778.00,-1461.00
[16:46:35.116] -877.00,-1785.00,-1446.00
[16:46:35.155] -871.00,-1802.00,-1437.00
[16:46:35.196] -866.00,-1808.00,-1448.00
[16:46:35.235] -885.00,-1800.00,-1430.00
[16:46:35.274] -875.00,-1778.00,-1422.00
[16:46:35.315] -928.00,-1747.00,-1471.00
[16:46:35.355] -976.00,-1683.00,-1526.00
[16:46:35.394] -966.00,-1681.00,-1546.00
[16:46:35.434] -958.00,-1668.00,-1561.00
[16:46:35.475] -961.00,-1678.00,-1558.00
[16:46:35.516] -963.00,-1683.00,-1541.00
[16:46:35.554] -971.00,-1687.00,-1553.00
[16:46:35.595] -971.00,-1690.00,-1526.00
[16:46:35.634] -978.00,-1700.00,-1528.00
[16:46:35.676] -973.00,-1692.00,-1531.00
[16:46:35.716] -985.00,-1695.00,-1522.00
[16:46:35.755] -997.00,-1716.00,-1500.00
[16:46:35.794] -1005.00,-1733.00,-1453.00
[16:46:35.835] -1007.00,-1723.00,-1412.00
[16:46:35.876] -1025.00,-1757.00,-1410.00
[16:46:35.914] -1005.00,-1755.00,-1440.00
[16:46:35.954] -990.00,-1745.00,-1468.00
[16:46:35.995] -973.00,-1747.00,-1476.00
[16:46:36.035] -978.00,-1713.00,-1528.00
[16:46:36.075] -963.00,-1636.00,-1605.00
[16:46:36.114] -966.00,-1533.00,-1677.00
[16:46:36.155] -976.00,-1441.00,-1726.00
[16:46:36.196] -976.00,-1350.00,-1765.00
[16:46:36.236] -943.00,-1246.00,-1825.00
[16:46:36.274] -915.00,-1115.00,-1897.00
[16:46:36.314] -868.00,-977.00,-1956.00
[16:46:36.355] -812.00,-846.00,-1992.00
[16:46:36.395] -777.00,-820.00,-2023.00
[16:46:36.435] -761.00,-816.00,-2028.00
[16:46:36.474] -785.00,-848.00,-1997.00
[16:46:36.514] -836.00,-893.00,-1973.00
[16:46:36.555] -877.00,-908.00,-1946.00
[16:46:36.595] -922.00,-922.00,-1907.00
[16:46:36.634] -931.00,-906.00,-1888.00
[16:46:36.674] -922.00,-908.00,-1893.00
[16:46:36.715] -928.00,-870.00,-1888.00
[16:46:36.755] -953.00,-758.00,-1871.00
[16:46:36.797] -961.00,-630.00,-1863.00
[16:46:36.834] -1000.00,-473.00,-1803.00
[16:46:36.874] -1025.00,-340.00,-1750.00
[16:46:36.916] -1010.00,-195.00,-1693.00
[16:46:36.955] -1000.00,-41.00,-1618.00
[16:46:36.994] -963.00,123.00,-1490.00
[16:46:37.034] -958.00,183.00,-1427.00
[16:46:37.075] -971.00,228.00,-1386.00
[16:46:37.116] -1012.00,292.00,-1250.00
[16:46:37.155] -1020.00,316.00,-1143.00
[16:46:37.182] -1043.00,326.00,-1056.00
[16:46:37.234] -1071.00,328.00,-976.00
[16:46:37.275] -1110.00,305.00,-896.00
[16:46:37.315] -1151.00,302.00,-803.00
[16:46:37.354] -1153.00,290.00,-742.00
[16:46:37.395] -1171.00,290.00,-675.00
[16:46:37.434] -1161.00,278.00,-638.00
[16:46:37.475] -1148.00,300.00,-600.00
[16:46:37.516] -1122.00,333.00,-566.00
[16:46:37.554] -1107.00,331.00,-573.00
[16:46:37.594] -1100.00,337.00,-558.00
[16:46:37.635] -1095.00,352.00,-548.00
[16:46:37.675] -1110.00,345.00,-532.00
[16:46:37.714] -1135.00,326.00,-502.00
[16:46:37.754] -1161.00,310.00,-495.00
[16:46:37.794] -1186.00,290.00,-481.00
[16:46:37.836] -1191.00,273.00,-447.00
[16:46:37.875] -1168.00,268.00,-415.00
[16:46:37.915] -1171.00,252.00,-352.00
[16:46:37.954] -1135.00,233.00,-255.00
[16:46:37.995] -1148.00,210.00,-180.00
[16:46:38.035] -1151.00,173.00,-120.00
[16:46:38.074] -1156.00,152.00,-90.00
[16:46:38.114] -1156.00,152.00,-90.00
[16:46:38.156] -1220.00,17.00,-15.00
[16:46:38.195] -1250.00,-50.00,25.00
[16:46:38.234] -1276.00,-88.00,27.00
[16:46:38.274] -1271.00,-131.00,5.00
[16:46:38.314] -1301.00,-145.00,27.00
[16:46:38.355] -1306.00,-162.00,35.00
[16:46:38.395] -1320.00,-228.00,61.00
[16:46:38.435] -1306.00,-252.00,87.00
[16:46:38.463] -1337.00,-350.00,85.00
[16:46:38.515] -1350.00,-442.00,120.00
[16:46:38.556] -1366.00,-532.00,123.00
[16:46:38.595] -1371.00,-627.00,138.00
[16:46:38.634] -1376.00,-761.00,138.00
[16:46:38.675] -1383.00,-1017.00,107.00
[16:46:38.716] -1368.00,-1130.00,51.00
[16:46:38.755] -1386.00,-1222.00,0.00
[16:46:38.794] -1381.00,-1317.00,-41.00
[16:46:38.835] -1376.00,-1383.00,-95.00
[16:46:38.876] -1342.00,-1473.00,-161.00
[16:46:38.916] -1320.00,-1528.00,-206.00
[16:46:38.955] -1288.00,-1616.00,-275.00
[16:46:38.994] -1258.00,-1690.00,-313.00
[16:46:39.035] -1227.00,-1745.00,-355.00
[16:46:39.075] -1196.00,-1773.00,-408.00
[16:46:39.116] -1193.00,-1818.00,-450.00
[16:46:39.155] -1171.00,-1895.00,-548.00
[16:46:39.194] -1135.00,-1902.00,-600.00
[16:46:39.235] -1132.00,-1916.00,-660.00
[16:46:39.275] -1107.00,-1918.00,-733.00
[16:46:39.315] -1110.00,-1937.00,-798.00
[16:46:39.354] -1083.00,-1923.00,-896.00
[16:46:39.394] -1086.00,-1921.00,-961.00
[16:46:39.436] -1068.00,-1906.00,-1077.00
[16:46:39.462] -1058.00,-1887.00,-1155.00
[16:46:39.514] -1030.00,-1882.00,-1218.00
[16:46:39.554] -1030.00,-1832.00,-1303.00
[16:46:39.593] -1007.00,-1808.00,-1368.00
[16:46:39.636] -1025.00,-1781.00,-1376.00
[16:46:39.675] -1041.00,-1766.00,-1383.00
[16:46:39.715] -1038.00,-1755.00,-1391.00
[16:46:39.754] -1043.00,-1755.00,-1402.00
[16:46:39.796] -1032.00,-1752.00,-1391.00
[16:46:39.835] -1020.00,-1766.00,-1381.00
[16:46:39.874] -1027.00,-1773.00,-1378.00
[16:46:39.914] -1007.00,-1776.00,-1393.00
[16:46:39.956] -1017.00,-1776.00,-1376.00
[16:46:39.995] -1017.00,-1785.00,-1363.00
[16:46:40.035] -1061.00,-1766.00,-1342.00
[16:46:40.074] -1032.00,-1763.00,-1355.00
[16:46:40.114] -1030.00,-1755.00,-1378.00
[16:46:40.155] -1035.00,-1755.00,-1398.00
[16:46:40.195] -1032.00,-1740.00,-1425.00
[16:46:40.234] -1030.00,-1702.00,-1443.00
[16:46:40.275] -1035.00,-1707.00,-1451.00
[16:46:40.314] -1025.00,-1705.00,-1453.00
[16:46:40.356] -1030.00,-1700.00,-1463.00
[16:46:40.395] -1032.00,-1700.00,-1466.00
[16:46:40.434] -1027.00,-1705.00,-1476.00
[16:46:40.474] -1032.00,-1678.00,-1461.00
[16:46:40.517] -1027.00,-1700.00,-1451.00
[16:46:40.555] -1007.00,-1721.00,-1427.00
[16:46:40.594] -1022.00,-1757.00,-1407.00
[16:46:40.634] -1022.00,-1750.00,-1410.00
[16:46:40.674] -1025.00,-1752.00,-1393.00
[16:46:40.716] -1017.00,-1768.00,-1376.00
[16:46:40.755] -1000.00,-1785.00,-1383.00
[16:46:40.794] -990.00,-1773.00,-1396.00
[16:46:40.834] -987.00,-1800.00,-1405.00
[16:46:40.875] -966.00,-1785.00,-1420.00
[16:46:40.915] -948.00,-1800.00,-1430.00
[16:46:40.954] -936.00,-1802.00,-1435.00
[16:46:40.994] -928.00,-1802.00,-1456.00
[16:46:41.035] -915.00,-1811.00,-1458.00
[16:46:41.075] -895.00,-1818.00,-1485.00
[16:46:41.115] -885.00,-1821.00,-1487.00
[16:46:41.142] -877.00,-1821.00,-1515.00
[16:46:41.194] -868.00,-1840.00,-1533.00
[16:46:41.236] -841.00,-1837.00,-1531.00
[16:46:41.275] -815.00,-1828.00,-1556.00
[16:46:41.314] -802.00,-1802.00,-1587.00
[16:46:41.354] -782.00,-1768.00,-1638.00
[16:46:41.394] -743.00,-1766.00,-1693.00
[16:46:41.435] -687.00,-1766.00,-1726.00
[16:46:41.474] -633.00,-1771.00,-1776.00
[16:46:41.515] -543.00,-1752.00,-1811.00
[16:46:41.554] -491.00,-1757.00,-1835.00
[16:46:41.595] -411.00,-1742.00,-1863.00
[16:46:41.636] -367.00,-1766.00,-1891.00
[16:46:41.662] -340.00,-1768.00,-1915.00
[16:46:41.715] -145.00,-1778.00,-1953.00
[16:46:41.754] -68.00,-1785.00,-1953.00
[16:46:41.796] 106.00,-1773.00,-1953.00
[16:46:41.835] 240.00,-1781.00,-1948.00
[16:46:41.875] 335.00,-1776.00,-1932.00
[16:46:41.914] 442.00,-1747.00,-1925.00
[16:46:41.957] 523.00,-1737.00,-1922.00
[16:46:41.995] 580.00,-1726.00,-1910.00
[16:46:42.036] 648.00,-1705.00,-1881.00
[16:46:42.075] 716.00,-1721.00,-1866.00
[16:46:42.113] 767.00,-1718.00,-1815.00
[16:46:42.155] 807.00,-1707.00,-1808.00
[16:46:42.195] 868.00,-1713.00,-1778.00
[16:46:42.235] 948.00,-1705.00,-1723.00
[16:46:42.275] 1012.00,-1710.00,-1670.00
[16:46:42.316] 1053.00,-1710.00,-1638.00
[16:46:42.345] 1086.00,-1728.00,-1608.00
[16:46:42.394] 1081.00,-1716.00,-1611.00
[16:46:42.435] 1086.00,-1721.00,-1602.00
[16:46:42.475] 1048.00,-1723.00,-1657.00
[16:46:42.515] 978.00,-1721.00,-1685.00
[16:46:42.554] 907.00,-1747.00,-1732.00
[16:46:42.594] 787.00,-1745.00,-1788.00
[16:46:42.634] 646.00,-1766.00,-1835.00
[16:46:42.663] 562.00,-1778.00,-1883.00
[16:46:42.715] 357.00,-1797.00,-1912.00
[16:46:42.755] 198.00,-1821.00,-1927.00
[16:46:42.794] 37.00,-1821.00,-1912.00
[16:46:42.836] -115.00,-1832.00,-1878.00
[16:46:42.875] -232.00,-1856.00,-1830.00
[16:46:42.914] -391.00,-1863.00,-1762.00
[16:46:42.954] -491.00,-1871.00,-1735.00
[16:46:42.995] -590.00,-1866.00,-1662.00
[16:46:43.035] -655.00,-1845.00,-1641.00
[16:46:43.075] -682.00,-1842.00,-1621.00
[16:46:43.115] -687.00,-1835.00,-1595.00
[16:46:43.154] -733.00,-1842.00,-1585.00
[16:46:43.195] -733.00,-1842.00,-1585.00
[16:46:43.235] -775.00,-1856.00,-1520.00
[16:46:43.274] -795.00,-1863.00,-1478.00
[16:46:43.314] -800.00,-1871.00,-1446.00
[16:46:43.354] -828.00,-1871.00,-1405.00
[16:46:43.395] -846.00,-1890.00,-1371.00
[16:46:43.436] -868.00,-1900.00,-1345.00
[16:46:43.474] -900.00,-1935.00,-1252.00
[16:46:43.502] -920.00,-1923.00,-1172.00
[16:46:43.555] -958.00,-1930.00,-1097.00
[16:46:43.595] -1005.00,-1908.00,-1012.00
[16:46:43.623] -1051.00,-1897.00,-948.00
[16:46:43.674] -1125.00,-1826.00,-852.00
[16:46:43.714] -1153.00,-1813.00,-821.00
[16:46:43.755] -1222.00,-1681.00,-788.00
[16:46:43.795] -1271.00,-1573.00,-837.00
[16:46:43.834] -1330.00,-1441.00,-925.00
[16:46:43.874] -1371.00,-1338.00,-981.00
[16:46:43.915] -1435.00,-1225.00,-1031.00
[16:46:43.956] -1445.00,-1075.00,-1068.00
[16:46:43.994] -1476.00,-943.00,-1072.00
[16:46:44.035] -1481.00,-798.00,-1077.00
[16:46:44.074] -1481.00,-703.00,-1080.00
[16:46:44.116] -1488.00,-623.00,-1090.00
[16:46:44.155] -1491.00,-511.00,-1097.00
[16:46:44.194] -1467.00,-400.00,-1151.00
[16:46:44.234] -1408.00,-252.00,-1187.00
[16:46:44.275] -1330.00,-136.00,-1226.00
[16:46:44.315] -1266.00,-43.00,-1267.00
[16:46:44.355] -1193.00,43.00,-1296.00
[16:46:44.394] -1140.00,117.00,-1320.00
[16:46:44.434] -1086.00,171.00,-1325.00
[16:46:44.475] -1083.00,181.00,-1320.00
[16:46:44.514] -1097.00,178.00,-1301.00
[16:46:44.554] -1151.00,117.00,-1316.00
[16:46:44.594] -1205.00,73.00,-1296.00
[16:46:44.635] -1273.00,-26.00,-1216.00
[16:46:44.675] -1352.00,-133.00,-1165.00
[16:46:44.714] -1386.00,-212.00,-1133.00
[16:46:44.754] -1437.00,-290.00,-1090.00
[16:46:44.793] -1535.00,-616.00,-901.00
[16:46:44.835] -1518.00,-718.00,-818.00
[16:46:44.874] -1501.00,-880.00,-692.00
[16:46:44.915] -1481.00,-1001.00,-612.00
[16:46:44.954] -1460.00,-1056.00,-553.00
[16:46:44.994] -1422.00,-1110.00,-500.00
[16:46:45.035] -1413.00,-1186.00,-458.00
[16:46:45.075] -1366.00,-1231.00,-430.00
[16:46:45.114] -1317.00,-1326.00,-401.00
[16:46:45.153] -1283.00,-1381.00,-398.00
[16:46:45.195] -1207.00,-1497.00,-408.00
[16:46:45.234] -1217.00,-1528.00,-430.00
[16:46:45.274] -1125.00,-1702.00,-553.00
[16:46:45.314] -1073.00,-1802.00,-648.00
[16:46:45.353] -992.00,-1887.00,-736.00
[16:46:45.395] -920.00,-1947.00,-842.00
[16:46:45.435] -851.00,-2001.00,-953.00
[16:46:45.475] -765.00,-2051.00,-1053.00
[16:46:45.515] -606.00,-2080.00,-1221.00
[16:46:45.556] -480.00,-2111.00,-1371.00
[16:46:45.595] -308.00,-2101.00,-1505.00
[16:46:45.634] -160.00,-2098.00,-1592.00
[16:46:45.674] 10.00,-2071.00,-1652.00
[16:46:45.715] 196.00,-2035.00,-1701.00
[16:46:45.755] 235.00,-2008.00,-1745.00
[16:46:45.794] 273.00,-1985.00,-1786.00
[16:46:45.834] 365.00,-1908.00,-1835.00
[16:46:45.874] 447.00,-1866.00,-1863.00
[16:46:45.915] 538.00,-1821.00,-1871.00
[16:46:45.965] 636.00,-1768.00,-1893.00
[16:46:45.995] 753.00,-1681.00,-1871.00
[16:46:46.035] 836.00,-1647.00,-1861.00
[16:46:46.083] 928.00,-1571.00,-1850.00
[16:46:46.115] 990.00,-1547.00,-1825.00
[16:46:46.154] 1015.00,-1526.00,-1801.00
[16:46:46.195] 1048.00,-1521.00,-1767.00
[16:46:46.235] 1046.00,-1545.00,-1762.00
[16:46:46.276] 1046.00,-1545.00,-1762.00
[16:46:46.314] 1022.00,-1583.00,-1755.00
[16:46:46.354] 995.00,-1597.00,-1757.00
[16:46:46.394] 956.00,-1636.00,-1773.00
[16:46:46.435] 897.00,-1692.00,-1767.00
[16:46:46.475] 815.00,-1781.00,-1757.00
[16:46:46.514] 702.00,-1876.00,-1721.00
[16:46:46.542] 541.00,-2001.00,-1677.00
[16:46:46.593] 365.00,-2098.00,-1597.00
[16:46:46.636] 140.00,-2170.00,-1515.00
[16:46:46.675] -117.00,-2198.00,-1417.00
[16:46:46.716] -260.00,-2213.00,-1352.00
[16:46:46.754] -352.00,-2180.00,-1335.00
[16:46:46.793] -498.00,-2156.00,-1296.00
[16:46:46.835] -595.00,-2092.00,-1262.00
[16:46:46.874] -700.00,-2045.00,-1257.00
[16:46:46.914] -812.00,-1987.00,-1211.00
[16:46:46.956] -858.00,-1947.00,-1177.00
[16:46:46.995] -941.00,-1900.00,-1097.00
[16:46:47.035] -982.00,-1852.00,-1038.00
[16:46:47.074] -1046.00,-1835.00,-1048.00
[16:46:47.114] -1076.00,-1808.00,-1046.00
[16:46:47.156] -1068.00,-1800.00,-1090.00
[16:46:47.196] -1048.00,-1800.00,-1126.00
[16:46:47.234] -1048.00,-1808.00,-1167.00
[16:46:47.274] -1043.00,-1808.00,-1187.00
[16:46:47.314] -1041.00,-1811.00,-1208.00
[16:46:47.355] -1038.00,-1813.00,-1223.00
[16:46:47.394] -1043.00,-1808.00,-1247.00
[16:46:47.422] -1030.00,-1778.00,-1262.00
[16:46:47.474] -1017.00,-1808.00,-1301.00
[16:46:47.517] -990.00,-1813.00,-1361.00
[16:46:47.555] -953.00,-1826.00,-1417.00
[16:46:47.594] -880.00,-1850.00,-1500.00
[16:46:47.635] -823.00,-1856.00,-1551.00
[16:46:47.674] -716.00,-1882.00,-1657.00
[16:46:47.715] -638.00,-1868.00,-1732.00
[16:46:47.755] -541.00,-1873.00,-1808.00
[16:46:47.796] -541.00,-1873.00,-1808.00
[16:46:47.835] -403.00,-1861.00,-1902.00
[16:46:47.877] -335.00,-1858.00,-1951.00
[16:46:47.915] -276.00,-1837.00,-1971.00
[16:46:47.956] -193.00,-1802.00,-2012.00
[16:46:47.995] -122.00,-1805.00,-2048.00
[16:46:48.034] -40.00,-1771.00,-2082.00
[16:46:48.076] 42.00,-1776.00,-2092.00
[16:46:48.116] 181.00,-1768.00,-2121.00
[16:46:48.155] 298.00,-1745.00,-2097.00
[16:46:48.194] 418.00,-1737.00,-2100.00
[16:46:48.234] 503.00,-1737.00,-2095.00
[16:46:48.277] 613.00,-1742.00,-2065.00
[16:46:48.314] 672.00,-1737.00,-2038.00
[16:46:48.356] 787.00,-1728.00,-1987.00
[16:46:48.394] 853.00,-1705.00,-1971.00
[16:46:48.435] 892.00,-1681.00,-1958.00
[16:46:48.475] 900.00,-1652.00,-1973.00
[16:46:48.514] 871.00,-1647.00,-1995.00
[16:46:48.542] 843.00,-1676.00,-1997.00
[16:46:48.595] 792.00,-1681.00,-1987.00
[16:46:48.635] 765.00,-1718.00,-1995.00
[16:46:48.674] 746.00,-1731.00,-1995.00
[16:46:48.702] 713.00,-1747.00,-1985.00
[16:46:48.754] 692.00,-1757.00,-1987.00
[16:46:48.793] 657.00,-1755.00,-1992.00
[16:46:48.835] 633.00,-1773.00,-1985.00
[16:46:48.875] 618.00,-1795.00,-1973.00
[16:46:48.914] 636.00,-1795.00,-1956.00
[16:46:48.955] 690.00,-1773.00,-1925.00
[16:46:48.995] 761.00,-1750.00,-1900.00
[16:46:49.035] 818.00,-1728.00,-1900.00
[16:46:49.074] 887.00,-1713.00,-1863.00
[16:46:49.114] 936.00,-1713.00,-1830.00
[16:46:49.153] 978.00,-1713.00,-1773.00
[16:46:49.195] 1020.00,-1728.00,-1728.00
[16:46:49.234] 1076.00,-1737.00,-1652.00
[16:46:49.274] 1132.00,-1766.00,-1572.00
[16:46:49.316] 1137.00,-1761.00,-1558.00
[16:46:49.355] 1186.00,-1800.00,-1443.00
[16:46:49.395] 1230.00,-1797.00,-1366.00
[16:46:49.436] 1242.00,-1818.00,-1283.00
