# Serial Log - 2026-04-14T14:37:52.896566
# Port: COM24 @ 115200bps
#============================================================
[14:37:52.907] 00,-1088.00,-2575.00
[14:37:52.948] -802.00,-1082.00,-2570.00
[14:37:52.989] -810.00,-1088.00,-2570.00
[14:37:53.028] -795.00,-1082.00,-2557.00
[14:37:53.068] -782.00,-1080.00,-2560.00
[14:37:53.108] -785.00,-1101.00,-2562.00
[14:37:53.147] -800.00,-1082.00,-2565.00
[14:37:53.188] -810.00,-1080.00,-2562.00
[14:37:53.229] -787.00,-1067.00,-2557.00
[14:37:53.269] -800.00,-1091.00,-2565.00
[14:37:53.308] -790.00,-1080.00,-2567.00
[14:37:53.349] -805.00,-1086.00,-2575.00
[14:37:53.387] -802.00,-1096.00,-2590.00
[14:37:53.428] -795.00,-1082.00,-2567.00
[14:37:53.469] -800.00,-1082.00,-2562.00
[14:37:53.509] -802.00,-1075.00,-2572.00
[14:37:53.549] -792.00,-1096.00,-2567.00
[14:37:53.587] -800.00,-1091.00,-2570.00
[14:37:53.628] -792.00,-1088.00,-2565.00
[14:37:53.668] -802.00,-1098.00,-2562.00
[14:37:53.709] -790.00,-1077.00,-2565.00
[14:37:53.749] -790.00,-1088.00,-2567.00
[14:37:53.789] -795.00,-1065.00,-2575.00
[14:37:53.828] -795.00,-1065.00,-2575.00
[14:37:53.869] -802.00,-1086.00,-2567.00
[14:37:53.908] -790.00,-1082.00,-2582.00
[14:37:53.948] -780.00,-1082.00,-2572.00
[14:37:53.987] -746.00,-1082.00,-2567.00
[14:37:54.029] -772.00,-1093.00,-2575.00
[14:37:54.068] -792.00,-1096.00,-2572.00
[14:37:54.108] -785.00,-1093.00,-2560.00
[14:37:54.147] -780.00,-1086.00,-2565.00
[14:37:54.188] -758.00,-1075.00,-2577.00
[14:37:54.227] -758.00,-1080.00,-2575.00
[14:37:54.270] -731.00,-1075.00,-2567.00
[14:37:54.310] -731.00,-1093.00,-2585.00
[14:37:54.348] -726.00,-1086.00,-2582.00
[14:37:54.389] -721.00,-1093.00,-2580.00
[14:37:54.428] -733.00,-1096.00,-2595.00
[14:37:54.468] -711.00,-1086.00,-2616.00
[14:37:54.508] -665.00,-1086.00,-2611.00
[14:37:54.549] -667.00,-1067.00,-2621.00
[14:37:54.589] -675.00,-1067.00,-2640.00
[14:37:54.628] -677.00,-1062.00,-2652.00
[14:37:54.667] -675.00,-1062.00,-2647.00
[14:37:54.707] -657.00,-1072.00,-2650.00
[14:37:54.748] -646.00,-1058.00,-2686.00
[14:37:54.789] -636.00,-1058.00,-2686.00
[14:37:54.828] -643.00,-1062.00,-2698.00
[14:37:54.868] -648.00,-1058.00,-2735.00
[14:37:54.908] -641.00,-1048.00,-2735.00
[14:37:54.947] -603.00,-1046.00,-2750.00
[14:37:54.987] -533.00,-1062.00,-2781.00
[14:37:55.027] -470.00,-1088.00,-2793.00
[14:37:55.069] -423.00,-1067.00,-2817.00
[14:37:55.109] -408.00,-1080.00,-2812.00
[14:37:55.148] -406.00,-1070.00,-2822.00
[14:37:55.188] -406.00,-1077.00,-2846.00
[14:37:55.227] -401.00,-1062.00,-2861.00
[14:37:55.267] -370.00,-1067.00,-2868.00
[14:37:55.308] -321.00,-1082.00,-2883.00
[14:37:55.348] -240.00,-1127.00,-2863.00
[14:37:55.389] -168.00,-1172.00,-2861.00
[14:37:55.428] -135.00,-1248.00,-2840.00
[14:37:55.467] -152.00,-1307.00,-2822.00
[14:37:55.507] -132.00,-1346.00,-2805.00
[14:37:55.547] -96.00,-1386.00,-2810.00
[14:37:55.589] -42.00,-1433.00,-2778.00
[14:37:55.629] 50.00,-1491.00,-2737.00
[14:37:55.667] 88.00,-1588.00,-2688.00
[14:37:55.707] 112.00,-1673.00,-2608.00
[14:37:55.748] 93.00,-1742.00,-2587.00
[14:37:55.788] 78.00,-1778.00,-2543.00
[14:37:55.828] 66.00,-1805.00,-2518.00
[14:37:55.869] 66.00,-1781.00,-2502.00
[14:37:55.908] 73.00,-1771.00,-2497.00
[14:37:55.947] 61.00,-1757.00,-2487.00
[14:37:55.987] 42.00,-1757.00,-2482.00
[14:37:56.027] 20.00,-1733.00,-2492.00
[14:37:56.069] 5.00,-1726.00,-2471.00
[14:37:56.108] 2.00,-1636.00,-2497.00
[14:37:56.148] -10.00,-1581.00,-2516.00
[14:37:56.188] -10.00,-1507.00,-2531.00
[14:37:56.227] -40.00,-1467.00,-2521.00
[14:37:56.268] -96.00,-1423.00,-2512.00
[14:37:56.308] -433.00,-1181.00,-2410.00
[14:37:56.349] -618.00,-1080.00,-2315.00
[14:37:56.388] -775.00,-1035.00,-2180.00
[14:37:56.428] -953.00,-1048.00,-2002.00
[14:37:56.468] -1061.00,-1030.00,-1935.00
[14:37:56.507] -1148.00,-1003.00,-1905.00
[14:37:56.547] -1153.00,-977.00,-1900.00
[14:37:56.589] -1183.00,-1008.00,-1881.00
[14:37:56.629] -1166.00,-1027.00,-1881.00
[14:37:56.668] -1115.00,-1038.00,-1910.00
[14:37:56.708] -1071.00,-1012.00,-1961.00
[14:37:56.748] -1007.00,-980.00,-2028.00
[14:37:56.788] -973.00,-943.00,-2056.00
[14:37:56.829] -905.00,-913.00,-2085.00
[14:37:56.869] -885.00,-901.00,-2116.00
[14:37:56.908] -863.00,-872.00,-2121.00
[14:37:56.950] -863.00,-830.00,-2113.00
[14:37:56.988] -880.00,-761.00,-2031.00
[14:37:57.027] -821.00,-775.00,-2007.00
[14:37:57.069] -782.00,-835.00,-2007.00
[14:37:57.109] -765.00,-908.00,-2028.00
[14:37:57.149] -761.00,-965.00,-2017.00
[14:37:57.189] -767.00,-993.00,-2010.00
[14:37:57.228] -772.00,-1017.00,-1992.00
[14:37:57.267] -812.00,-1077.00,-1938.00
[14:37:57.308] -868.00,-1127.00,-1876.00
[14:37:57.348] -933.00,-1198.00,-1776.00
[14:37:57.389] -987.00,-1243.00,-1665.00
[14:37:57.427] -1046.00,-1333.00,-1575.00
[14:37:57.469] -1038.00,-1431.00,-1485.00
[14:37:57.507] -1025.00,-1507.00,-1417.00
[14:37:57.547] -1002.00,-1581.00,-1363.00
[14:37:57.589] -992.00,-1633.00,-1301.00
[14:37:57.628] -961.00,-1705.00,-1231.00
[14:37:57.668] -928.00,-1755.00,-1192.00
[14:37:57.708] -910.00,-1787.00,-1141.00
[14:37:57.748] -877.00,-1840.00,-1053.00
[14:37:57.787] -868.00,-1876.00,-1005.00
[14:37:57.828] -836.00,-1885.00,-981.00
[14:37:57.868] -818.00,-1895.00,-1000.00
[14:37:57.909] -807.00,-1873.00,-1061.00
[14:37:57.948] -790.00,-1845.00,-1233.00
[14:37:57.988] -733.00,-1805.00,-1422.00
[14:37:58.027] -616.00,-1763.00,-1590.00
[14:37:58.067] -470.00,-1761.00,-1737.00
[14:37:58.110] -318.00,-1747.00,-1827.00
[14:37:58.148] -173.00,-1745.00,-1897.00
[14:37:58.188] -173.00,-1745.00,-1897.00
[14:37:58.227] 0.00,-1792.00,-1910.00
[14:37:58.268] 27.00,-1832.00,-1876.00
[14:37:58.307] 58.00,-1887.00,-1845.00
[14:37:58.349] 127.00,-1908.00,-1815.00
[14:37:58.389] 191.00,-1947.00,-1806.00
[14:37:58.428] 303.00,-1961.00,-1801.00
[14:37:58.468] 380.00,-1942.00,-1811.00
[14:37:58.508] 450.00,-1942.00,-1791.00
[14:37:58.535] 513.00,-1968.00,-1786.00
[14:37:58.590] 618.00,-1930.00,-1770.00
[14:37:58.628] 675.00,-1940.00,-1750.00
[14:37:58.668] 718.00,-1953.00,-1752.00
[14:37:58.708] 805.00,-2006.00,-1691.00
[14:37:58.748] 846.00,-1995.00,-1670.00
[14:37:58.787] 836.00,-2008.00,-1672.00
[14:37:58.827] 818.00,-2011.00,-1682.00
[14:37:58.869] 792.00,-2003.00,-1716.00
[14:37:58.908] 761.00,-1990.00,-1745.00
[14:37:58.948] 775.00,-2006.00,-1745.00
[14:37:58.988] 785.00,-1971.00,-1747.00
[14:37:59.029] 802.00,-1971.00,-1760.00
[14:37:59.067] 823.00,-1968.00,-1767.00
[14:37:59.107] 805.00,-1945.00,-1765.00
[14:37:59.150] 818.00,-1956.00,-1776.00
[14:37:59.188] 812.00,-1956.00,-1760.00
[14:37:59.228] 826.00,-1908.00,-1776.00
[14:37:59.267] 838.00,-1897.00,-1793.00
[14:37:59.308] 853.00,-1856.00,-1788.00
[14:37:59.349] 910.00,-1797.00,-1827.00
[14:37:59.389] 976.00,-1773.00,-1811.00
[14:37:59.428] 1088.00,-1726.00,-1718.00
[14:37:59.469] 1266.00,-1716.00,-1592.00
[14:37:59.508] 1408.00,-1676.00,-1422.00
[14:37:59.547] 1496.00,-1660.00,-1260.00
[14:37:59.587] 1557.00,-1666.00,-1036.00
[14:37:59.628] 1580.00,-1668.00,-920.00
[14:37:59.670] 1626.00,-1571.00,-543.00
[14:37:59.708] 1628.00,-1481.00,-293.00
[14:37:59.748] 1537.00,-1423.00,-56.00
[14:37:59.775] 1425.00,-1396.00,156.00
[14:37:59.828] 1286.00,-1362.00,321.00
[14:37:59.869] 1130.00,-1352.00,463.00
[14:37:59.909] 1000.00,-1365.00,520.00
[14:37:59.949] 892.00,-1410.00,561.00
[14:37:59.988] 800.00,-1460.00,580.00
[14:38:00.017] 702.00,-1507.00,587.00
[14:38:00.068] 597.00,-1547.00,607.00
[14:38:00.109] 506.00,-1552.00,602.00
[14:38:00.148] 372.00,-1562.00,602.00
[14:38:00.189] 260.00,-1565.00,610.00
[14:38:00.228] 155.00,-1547.00,600.00
[14:38:00.268] 83.00,-1557.00,597.00
[14:38:00.308] -2.00,-1578.00,587.00
[14:38:00.348] -81.00,-1533.00,587.00
[14:38:00.388] -132.00,-1505.00,585.00
[14:38:00.428] -178.00,-1500.00,571.00
[14:38:00.468] -260.00,-1497.00,558.00
[14:38:00.508] -350.00,-1460.00,548.00
[14:38:00.547] -450.00,-1431.00,520.00
[14:38:00.587] -543.00,-1391.00,481.00
[14:38:00.629] -753.00,-1350.00,378.00
[14:38:00.667] -900.00,-1343.00,247.00
[14:38:00.708] -1041.00,-1343.00,71.00
[14:38:00.748] -1173.00,-1322.00,-126.00
[14:38:00.788] -1276.00,-1288.00,-398.00
[14:38:00.827] -1320.00,-1272.00,-573.00
[14:38:00.869] -1306.00,-1286.00,-816.00
[14:38:00.909] -1278.00,-1350.00,-978.00
[14:38:00.948] -1232.00,-1420.00,-1110.00
[14:38:00.987] -1107.00,-1528.00,-1275.00
[14:38:01.028] -1010.00,-1588.00,-1363.00
[14:38:01.068] -941.00,-1631.00,-1425.00
[14:38:01.108] -905.00,-1687.00,-1456.00
[14:38:01.148] -718.00,-1805.00,-1567.00
[14:38:01.175] -575.00,-1856.00,-1652.00
[14:38:01.228] -411.00,-1866.00,-1776.00
[14:38:01.268] -296.00,-1866.00,-1835.00
[14:38:01.307] -122.00,-1856.00,-1932.00
[14:38:01.350] 96.00,-1852.00,-2000.00
[14:38:01.389] 232.00,-1863.00,-2023.00
[14:38:01.428] 403.00,-1826.00,-2031.00
[14:38:01.468] 565.00,-1800.00,-2007.00
[14:38:01.507] 707.00,-1752.00,-1985.00
[14:38:01.549] 810.00,-1761.00,-1980.00
[14:38:01.590] 815.00,-1766.00,-1973.00
[14:38:01.627] 711.00,-1787.00,-1987.00
[14:38:01.656] 570.00,-1773.00,-2048.00
[14:38:01.708] 321.00,-1755.00,-2095.00
[14:38:01.747] 147.00,-1755.00,-2103.00
[14:38:01.789] -188.00,-1740.00,-2043.00
[14:38:01.829] -477.00,-1742.00,-1946.00
[14:38:01.868] -767.00,-1700.00,-1806.00
[14:38:01.908] -978.00,-1636.00,-1623.00
[14:38:01.949] -1125.00,-1588.00,-1422.00
[14:38:01.987] -1247.00,-1578.00,-1118.00
[14:38:02.028] -1298.00,-1557.00,-891.00
[14:38:02.069] -1303.00,-1555.00,-760.00
[14:38:02.108] -1258.00,-1555.00,-468.00
[14:38:02.148] -1176.00,-1557.00,-260.00
[14:38:02.188] -997.00,-1595.00,-22.00
[14:38:02.215] -851.00,-1621.00,120.00
[14:38:02.267] -687.00,-1663.00,218.00
[14:38:02.309] -552.00,-1690.00,293.00
[14:38:02.347] -413.00,-1742.00,303.00
[14:38:02.388] -298.00,-1811.00,293.00
[14:38:02.427] -178.00,-1882.00,270.00
[14:38:02.468] -135.00,-1913.00,247.00
[14:38:02.507] -96.00,-1985.00,182.00
[14:38:02.549] -91.00,-1997.00,158.00
[14:38:02.588] -106.00,-2021.00,138.00
[14:38:02.628] -168.00,-2003.00,156.00
[14:38:02.668] -240.00,-1982.00,165.00
[14:38:02.707] -318.00,-1966.00,131.00
[14:38:02.747] -352.00,-1968.00,97.00
[14:38:02.788] -360.00,-1985.00,90.00
[14:38:02.828] -335.00,-1950.00,156.00
[14:38:02.868] -250.00,-1897.00,243.00
[14:38:02.907] -157.00,-1821.00,323.00
[14:38:02.947] -91.00,-1776.00,378.00
[14:38:02.987] -27.00,-1745.00,406.00
[14:38:03.029] -27.00,-1745.00,406.00
[14:38:03.069] -30.00,-1697.00,427.00
[14:38:03.108] -47.00,-1655.00,447.00
[14:38:03.149] -58.00,-1607.00,486.00
[14:38:03.187] -35.00,-1560.00,512.00
[14:38:03.228] -10.00,-1541.00,530.00
[14:38:03.268] 32.00,-1536.00,538.00
[14:38:03.307] 58.00,-1528.00,532.00
[14:38:03.348] 115.00,-1500.00,563.00
[14:38:03.388] 166.00,-1502.00,568.00
[14:38:03.427] 193.00,-1518.00,561.00
[14:38:03.467] 265.00,-1568.00,553.00
[14:38:03.497] 293.00,-1581.00,520.00
[14:38:03.547] 375.00,-1633.00,495.00
[14:38:03.588] 470.00,-1616.00,478.00
[14:38:03.627] 590.00,-1631.00,427.00
[14:38:03.670] 682.00,-1642.00,371.00
[14:38:03.707] 823.00,-1713.00,260.00
[14:38:03.749] 973.00,-1757.00,143.00
[14:38:03.788] 1105.00,-1811.00,-37.00
[14:38:03.827] 1278.00,-1840.00,-316.00
[14:38:03.867] 1355.00,-1856.00,-600.00
[14:38:03.907] 1381.00,-1856.00,-793.00
[14:38:03.947] 1371.00,-1823.00,-1090.00
[14:38:03.988] 1350.00,-1847.00,-1160.00
[14:38:04.028] 1227.00,-1852.00,-1410.00
[14:38:04.068] 1081.00,-1840.00,-1597.00
[14:38:04.107] 978.00,-1835.00,-1718.00
[14:38:04.148] 877.00,-1816.00,-1806.00
[14:38:04.189] 753.00,-1811.00,-1883.00
[14:38:04.228] 628.00,-1813.00,-1943.00
[14:38:04.269] 506.00,-1835.00,-1973.00
[14:38:04.311] 360.00,-1840.00,-1985.00
[14:38:04.349] 255.00,-1863.00,-1992.00
[14:38:04.389] 96.00,-1856.00,-1997.00
[14:38:04.428] -2.00,-1858.00,-1997.00
[14:38:04.469] -58.00,-1856.00,-2002.00
[14:38:04.508] -166.00,-1850.00,-1982.00
[14:38:04.548] -237.00,-1852.00,-1953.00
[14:38:04.588] -242.00,-1850.00,-1946.00
[14:38:04.627] -232.00,-1863.00,-1922.00
[14:38:04.670] -230.00,-1858.00,-1922.00
[14:38:04.708] -196.00,-1892.00,-1927.00
[14:38:04.747] -213.00,-1887.00,-1920.00
[14:38:04.787] -245.00,-1887.00,-1907.00
[14:38:04.827] -316.00,-1866.00,-1891.00
[14:38:04.867] -401.00,-1850.00,-1891.00
[14:38:04.909] -470.00,-1842.00,-1852.00
[14:38:04.949] -528.00,-1826.00,-1858.00
[14:38:04.988] -528.00,-1826.00,-1858.00
[14:38:05.029] -592.00,-1778.00,-1845.00
[14:38:05.067] -621.00,-1766.00,-1825.00
[14:38:05.108] -660.00,-1761.00,-1803.00
[14:38:05.149] -707.00,-1763.00,-1767.00
[14:38:05.176] -761.00,-1771.00,-1706.00
[14:38:05.228] -810.00,-1773.00,-1667.00
[14:38:05.255] -851.00,-1737.00,-1641.00
[14:38:05.308] -902.00,-1726.00,-1605.00
[14:38:05.347] -941.00,-1666.00,-1605.00
[14:38:05.389] -968.00,-1642.00,-1590.00
[14:38:05.428] -982.00,-1610.00,-1592.00
[14:38:05.469] -985.00,-1616.00,-1595.00
[14:38:05.510] -1046.00,-1552.00,-1558.00
[14:38:05.547] -1063.00,-1531.00,-1556.00
[14:38:05.587] -1092.00,-1491.00,-1520.00
[14:38:05.616] -1142.00,-1452.00,-1485.00
[14:38:05.668] -1210.00,-1400.00,-1446.00
[14:38:05.708] -1256.00,-1298.00,-1332.00
[14:38:05.749] -1332.00,-1257.00,-1242.00
[14:38:05.787] -1360.00,-1212.00,-1110.00
[14:38:05.829] -1360.00,-1196.00,-961.00
[14:38:05.868] -1352.00,-1231.00,-821.00
[14:38:05.909] -1293.00,-1288.00,-582.00
[14:38:05.948] -1288.00,-1312.00,-536.00
[14:38:05.987] -1122.00,-1407.00,-223.00
[14:38:06.027] -1002.00,-1455.00,-41.00
[14:38:06.069] -836.00,-1510.00,95.00
[14:38:06.108] -687.00,-1592.00,175.00
[14:38:06.147] -518.00,-1660.00,250.00
[14:38:06.187] -372.00,-1740.00,262.00
[14:38:06.228] -337.00,-1763.00,282.00
[14:38:06.267] -265.00,-1787.00,296.00
[14:38:06.308] -245.00,-1808.00,288.00
[14:38:06.348] -232.00,-1835.00,280.00
[14:38:06.388] -206.00,-1856.00,265.00
[14:38:06.428] -201.00,-1871.00,260.00
[14:38:06.468] -171.00,-1902.00,243.00
[14:38:06.507] -145.00,-1921.00,231.00
[14:38:06.549] -135.00,-1945.00,213.00
[14:38:06.588] -127.00,-1971.00,187.00
[14:38:06.628] -122.00,-1990.00,165.00
[14:38:06.668] -103.00,-2008.00,156.00
[14:38:06.707] -61.00,-2035.00,141.00
[14:38:06.734] -7.00,-2066.00,112.00
[14:38:06.790] 52.00,-2095.00,95.00
[14:38:06.829] 106.00,-2095.00,102.00
[14:38:06.868] 163.00,-2071.00,131.00
[14:38:06.909] 203.00,-2047.00,165.00
[14:38:06.947] 227.00,-2011.00,197.00
[14:38:06.984] 250.00,-1982.00,211.00
[14:38:07.028] 327.00,-1963.00,228.00
[14:38:07.068] 445.00,-1997.00,206.00
[14:38:07.107] 582.00,-1992.00,170.00
[14:38:07.147] 726.00,-2001.00,117.00
[14:38:07.187] 790.00,-2003.00,78.00
[14:38:07.227] 851.00,-2018.00,-7.00
[14:38:07.269] 890.00,-2018.00,-41.00
[14:38:07.308] 925.00,-2032.00,-71.00
[14:38:07.348] 976.00,-2018.00,-133.00
[14:38:07.388] 1007.00,-2013.00,-165.00
[14:38:07.415] 1066.00,-1997.00,-223.00
[14:38:07.468] 1148.00,-1966.00,-321.00
[14:38:07.508] 1230.00,-1947.00,-412.00
[14:38:07.547] 1276.00,-1947.00,-530.00
[14:38:07.587] 1301.00,-1935.00,-646.00
[14:38:07.627] 1325.00,-1932.00,-760.00
[14:38:07.669] 1360.00,-1861.00,-901.00
[14:38:07.709] 1347.00,-1845.00,-1015.00
[14:38:07.747] 1337.00,-1842.00,-1118.00
[14:38:07.787] 1320.00,-1847.00,-1157.00
[14:38:07.827] 1310.00,-1835.00,-1201.00
[14:38:07.867] 1296.00,-1835.00,-1267.00
[14:38:07.909] 1240.00,-1832.00,-1378.00
[14:38:07.950] 1176.00,-1821.00,-1446.00
[14:38:07.988] 1151.00,-1795.00,-1531.00
[14:38:08.029] 1110.00,-1781.00,-1605.00
[14:38:08.068] 1051.00,-1752.00,-1672.00
[14:38:08.108] 992.00,-1707.00,-1770.00
[14:38:08.149] 931.00,-1657.00,-1837.00
[14:38:08.187] 846.00,-1645.00,-1891.00
[14:38:08.228] 805.00,-1642.00,-1941.00
[14:38:08.269] 802.00,-1647.00,-1927.00
[14:38:08.307] 761.00,-1652.00,-1915.00
[14:38:08.347] 741.00,-1655.00,-1946.00
[14:38:08.388] 680.00,-1690.00,-1938.00
[14:38:08.415] 572.00,-1750.00,-1920.00
[14:38:08.468] 498.00,-1750.00,-1941.00
[14:38:08.507] 398.00,-1728.00,-1966.00
[14:38:08.547] 273.00,-1697.00,-2002.00
[14:38:08.587] 117.00,-1671.00,-2043.00
[14:38:08.629] 17.00,-1642.00,-2046.00
[14:38:08.670] -71.00,-1576.00,-2065.00
[14:38:08.708] -132.00,-1552.00,-2070.00
[14:38:08.748] -150.00,-1518.00,-2090.00
[14:38:08.789] -168.00,-1450.00,-2118.00
[14:38:08.828] -198.00,-1420.00,-2160.00
[14:38:08.868] -227.00,-1357.00,-2157.00
[14:38:08.909] -340.00,-1383.00,-2121.00
[14:38:08.948] -423.00,-1460.00,-2046.00
[14:38:08.987] -511.00,-1557.00,-1941.00
[14:38:09.031] -626.00,-1652.00,-1827.00
[14:38:09.068] -748.00,-1705.00,-1672.00
[14:38:09.109] -800.00,-1737.00,-1577.00
[14:38:09.150] -866.00,-1763.00,-1490.00
[14:38:09.188] -858.00,-1771.00,-1451.00
[14:38:09.227] -866.00,-1797.00,-1405.00
[14:38:09.255] -861.00,-1778.00,-1405.00
[14:38:09.307] -871.00,-1771.00,-1405.00
[14:38:09.348] -892.00,-1771.00,-1393.00
[14:38:09.388] -936.00,-1733.00,-1373.00
[14:38:09.429] -971.00,-1666.00,-1376.00
[14:38:09.468] -1038.00,-1605.00,-1417.00
[14:38:09.507] -1095.00,-1476.00,-1435.00
[14:38:09.547] -1132.00,-1393.00,-1427.00
[14:38:09.589] -1242.00,-1167.00,-1383.00
[14:38:09.628] -1310.00,-1001.00,-1327.00
[14:38:09.668] -1350.00,-875.00,-1237.00
[14:38:09.707] -1357.00,-813.00,-1201.00
[14:38:09.748] -1360.00,-758.00,-1201.00
[14:38:09.787] -1352.00,-745.00,-1218.00
[14:38:09.828] -1350.00,-713.00,-1278.00
[14:38:09.868] -1202.00,-632.00,-1572.00
[14:38:09.907] -1063.00,-545.00,-1767.00
[14:38:09.947] -815.00,-411.00,-1956.00
[14:38:09.988] -603.00,-300.00,-2046.00
[14:38:10.028] -380.00,-202.00,-2111.00
[14:38:10.068] -208.00,-115.00,-2147.00
[14:38:10.108] -47.00,-36.00,-2138.00
[14:38:10.147] 88.00,31.00,-2106.00
[14:38:10.187] 176.00,67.00,-2085.00
[14:38:10.215] 262.00,88.00,-2043.00
[14:38:10.268] 337.00,81.00,-2033.00
[14:38:10.308] 383.00,97.00,-2046.00
[14:38:10.335] 491.00,38.00,-2036.00
[14:38:10.387] 565.00,50.00,-2021.00
[14:38:10.427] 611.00,33.00,-2017.00
[14:38:10.468] 655.00,38.00,-1995.00
[14:38:10.508] 665.00,33.00,-1980.00
[14:38:10.548] 748.00,50.00,-1961.00
[14:38:10.588] 777.00,43.00,-1938.00
[14:38:10.627] 807.00,81.00,-1905.00
[14:38:10.667] 892.00,123.00,-1815.00
[14:38:10.707] 997.00,176.00,-1696.00
[14:38:10.749] 1161.00,212.00,-1497.00
[14:38:10.789] 1225.00,212.00,-1432.00
[14:38:10.827] 1368.00,162.00,-1242.00
[14:38:10.867] 1496.00,102.00,-1072.00
[14:38:10.907] 1583.00,36.00,-852.00
[14:38:10.948] 1606.00,0.00,-703.00
[14:38:10.989] 1621.00,-33.00,-553.00
[14:38:11.028] 1613.00,-55.00,-442.00
[14:38:11.068] 1621.00,-123.00,-332.00
[14:38:11.108] 1598.00,-155.00,-255.00
[14:38:11.148] 1562.00,-152.00,-175.00
[14:38:11.189] 1535.00,-138.00,-112.00
[14:38:11.228] 1450.00,-145.00,-41.00
[14:38:11.268] 1442.00,-105.00,-2.00
[14:38:11.307] 1378.00,-126.00,97.00
[14:38:11.348] 1306.00,-141.00,175.00
[14:38:11.388] 1252.00,-168.00,291.00
[14:38:11.428] 1191.00,-191.00,362.00
[14:38:11.468] 1146.00,-210.00,388.00
[14:38:11.508] 1110.00,-250.00,401.00
[14:38:11.547] 1117.00,-271.00,427.00
[14:38:11.587] 1117.00,-307.00,442.00
[14:38:11.628] 1097.00,-337.00,440.00
[14:38:11.668] 1117.00,-328.00,447.00
[14:38:11.707] 1107.00,-331.00,471.00
[14:38:11.747] 1076.00,-347.00,468.00
[14:38:11.788] 1076.00,-347.00,468.00
[14:38:11.827] 976.00,-431.00,551.00
[14:38:11.868] 848.00,-463.00,623.00
[14:38:11.909] 702.00,-487.00,687.00
[14:38:11.947] 491.00,-447.00,726.00
[14:38:11.988] 283.00,-421.00,733.00
[14:38:12.029] 45.00,-378.00,723.00
[14:38:12.069] -232.00,-376.00,670.00
[14:38:12.109] -416.00,-423.00,618.00
[14:38:12.147] -603.00,-471.00,536.00
[14:38:12.187] -777.00,-532.00,415.00
[14:38:12.227] -915.00,-582.00,296.00
[14:38:12.267] -1007.00,-621.00,216.00
[14:38:12.307] -1217.00,-730.00,-53.00
[14:38:12.349] -1332.00,-813.00,-298.00
[14:38:12.389] -1398.00,-863.00,-512.00
[14:38:12.430] -1416.00,-856.00,-672.00
[14:38:12.468] -1432.00,-830.00,-798.00
[14:38:12.507] -1406.00,-796.00,-910.00
[14:38:12.549] -1398.00,-763.00,-1025.00
[14:38:12.588] -1362.00,-772.00,-1102.00
[14:38:12.628] -1368.00,-780.00,-1160.00
[14:38:12.668] -1342.00,-787.00,-1221.00
[14:38:12.708] -1320.00,-798.00,-1303.00
[14:38:12.747] -1298.00,-820.00,-1350.00
[14:38:12.788] -1271.00,-863.00,-1405.00
[14:38:12.828] -1261.00,-882.00,-1430.00
[14:38:12.867] -1273.00,-925.00,-1405.00
[14:38:12.907] -1256.00,-1056.00,-1366.00
[14:38:12.947] -1250.00,-1236.00,-1311.00
[14:38:12.987] -1186.00,-1428.00,-1226.00
[14:38:13.028] -1083.00,-1642.00,-1133.00
[14:38:13.068] -900.00,-1892.00,-1053.00
[14:38:13.108] -665.00,-2075.00,-1015.00
[14:38:13.147] -433.00,-2211.00,-995.00
[14:38:13.187] -155.00,-2298.00,-990.00
[14:38:13.227] 5.00,-2320.00,-1007.00
[14:38:13.269] 225.00,-2338.00,-1010.00
[14:38:13.308] 437.00,-2317.00,-1020.00
[14:38:13.348] 550.00,-2282.00,-1015.00
[14:38:13.389] 616.00,-2270.00,-997.00
[14:38:13.427] 662.00,-2272.00,-976.00
[14:38:13.468] 655.00,-2263.00,-1002.00
[14:38:13.508] 662.00,-2258.00,-1041.00
[14:38:13.550] 746.00,-2235.00,-1068.00
[14:38:13.587] 853.00,-2175.00,-1092.00
[14:38:13.628] 946.00,-2137.00,-1105.00
[14:38:13.667] 1017.00,-2090.00,-1102.00
[14:38:13.707] 1053.00,-2063.00,-1075.00
[14:38:13.748] 1053.00,-2063.00,-1075.00
[14:38:13.788] 1095.00,-2056.00,-986.00
[14:38:13.828] 1112.00,-2045.00,-956.00
[14:38:13.867] 1088.00,-2082.00,-883.00
[14:38:13.907] 1063.00,-2090.00,-798.00
[14:38:13.948] 1066.00,-2090.00,-711.00
[14:38:13.988] 1027.00,-2103.00,-573.00
[14:38:14.027] 997.00,-2106.00,-425.00
[14:38:14.067] 936.00,-2082.00,-291.00
[14:38:14.107] 858.00,-2066.00,-187.00
[14:38:14.147] 833.00,-2037.00,-128.00
[14:38:14.188] 861.00,-2037.00,-120.00
[14:38:14.227] 861.00,-2037.00,-120.00
[14:38:14.269] 895.00,-2035.00,-148.00
[14:38:14.308] 900.00,-2032.00,-161.00
[14:38:14.347] 910.00,-2061.00,-167.00
[14:38:14.388] 887.00,-2075.00,-206.00
[14:38:14.428] 866.00,-2108.00,-223.00
[14:38:14.468] 843.00,-2095.00,-182.00
[14:38:14.509] 823.00,-2085.00,-151.00
[14:38:14.548] 807.00,-2106.00,-167.00
[14:38:14.587] 800.00,-2130.00,-175.00
[14:38:14.630] 815.00,-2137.00,-180.00
[14:38:14.668] 828.00,-2151.00,-208.00
[14:38:14.707] 833.00,-2161.00,-241.00
[14:38:14.747] 831.00,-2175.00,-301.00
[14:38:14.788] 826.00,-2170.00,-311.00
[14:38:14.827] 828.00,-2175.00,-298.00
[14:38:14.869] 818.00,-2172.00,-280.00
[14:38:14.908] 802.00,-2180.00,-285.00
[14:38:14.947] 777.00,-2190.00,-311.00
[14:38:14.989] 772.00,-2208.00,-330.00
[14:38:15.028] 753.00,-2213.00,-335.00
[14:38:15.067] 746.00,-2216.00,-318.00
[14:38:15.108] 718.00,-2208.00,-282.00
[14:38:15.148] 638.00,-2225.00,-243.00
[14:38:15.176] 590.00,-2235.00,-233.00
[14:38:15.228] 440.00,-2263.00,-185.00
[14:38:15.267] 306.00,-2256.00,-146.00
[14:38:15.307] 155.00,-2261.00,-117.00
[14:38:15.349] -2.00,-2246.00,-123.00
[14:38:15.387] -168.00,-2201.00,-76.00
[14:38:15.427] -273.00,-2172.00,-71.00
[14:38:15.467] -342.00,-2140.00,-37.00
[14:38:15.507] -393.00,-2113.00,-41.00
[14:38:15.548] -457.00,-2082.00,-25.00
[14:38:15.589] -503.00,-2053.00,-32.00
[14:38:15.628] -585.00,-2032.00,-53.00
[14:38:15.668] -608.00,-2040.00,-92.00
[14:38:15.708] -672.00,-2032.00,-151.00
[14:38:15.747] -700.00,-2035.00,-200.00
[14:38:15.788] -731.00,-2047.00,-252.00
[14:38:15.827] -713.00,-2030.00,-275.00
[14:38:15.854] -746.00,-2047.00,-340.00
[14:38:15.908] -738.00,-2068.00,-425.00
[14:38:15.947] -756.00,-2101.00,-522.00
[14:38:15.987] -736.00,-2101.00,-592.00
[14:38:16.029] -743.00,-2101.00,-648.00
[14:38:16.067] -748.00,-2101.00,-656.00
[14:38:16.108] -743.00,-2075.00,-643.00
[14:38:16.147] -790.00,-2037.00,-626.00
[14:38:16.187] -790.00,-2037.00,-626.00
[14:38:16.228] -863.00,-2008.00,-711.00
[14:38:16.268] -920.00,-1980.00,-762.00
[14:38:16.307] -931.00,-1973.00,-783.00
[14:38:16.335] -933.00,-1968.00,-786.00
[14:38:16.387] -936.00,-1947.00,-757.00
[14:38:16.427] -956.00,-1918.00,-845.00
[14:38:16.468] -997.00,-1873.00,-925.00
[14:38:16.508] -1022.00,-1832.00,-1005.00
[14:38:16.547] -963.00,-1856.00,-1090.00
[14:38:16.587] -905.00,-1878.00,-1162.00
[14:38:16.627] -866.00,-1890.00,-1231.00
[14:38:16.666] -807.00,-1908.00,-1275.00
[14:38:16.709] -672.00,-1963.00,-1407.00
[14:38:16.748] -555.00,-2008.00,-1430.00
[14:38:16.788] -433.00,-2037.00,-1485.00
[14:38:16.827] -303.00,-2082.00,-1500.00
[14:38:16.870] -203.00,-2127.00,-1485.00
[14:38:16.908] -73.00,-2172.00,-1463.00
[14:38:16.947] 40.00,-2193.00,-1430.00
[14:38:16.989] 96.00,-2213.00,-1381.00
[14:38:17.027] 112.00,-2246.00,-1281.00
[14:38:17.067] 115.00,-2270.00,-1221.00
[14:38:17.107] 103.00,-2293.00,-1160.00
[14:38:17.148] 81.00,-2301.00,-1133.00
[14:38:17.188] 76.00,-2298.00,-1133.00
[14:38:17.228] 101.00,-2306.00,-1128.00
[14:38:17.268] 78.00,-2298.00,-1148.00
[14:38:17.308] 25.00,-2293.00,-1167.00
[14:38:17.348] -17.00,-2293.00,-1172.00
[14:38:17.387] -81.00,-2270.00,-1155.00
[14:38:17.428] -168.00,-2251.00,-1190.00
[14:38:17.467] -286.00,-2213.00,-1208.00
[14:38:17.509] -433.00,-2161.00,-1226.00
[14:38:17.548] -547.00,-2108.00,-1228.00
[14:38:17.588] -643.00,-2045.00,-1257.00
[14:38:17.628] -692.00,-2008.00,-1281.00
[14:38:17.668] -777.00,-1918.00,-1330.00
[14:38:17.707] -833.00,-1866.00,-1366.00
[14:38:17.747] -885.00,-1797.00,-1405.00
[14:38:17.787] -915.00,-1745.00,-1386.00
[14:38:17.828] -953.00,-1716.00,-1378.00
[14:38:17.868] -963.00,-1705.00,-1363.00
[14:38:17.907] -982.00,-1683.00,-1373.00
[14:38:17.947] -973.00,-1678.00,-1378.00
[14:38:17.987] -938.00,-1676.00,-1422.00
[14:38:18.028] -931.00,-1668.00,-1485.00
[14:38:18.067] -890.00,-1673.00,-1536.00
[14:38:18.094] -846.00,-1666.00,-1592.00
[14:38:18.149] -846.00,-1666.00,-1592.00
[14:38:18.188] -738.00,-1702.00,-1696.00
[14:38:18.228] -626.00,-1737.00,-1750.00
[14:38:18.269] -521.00,-1726.00,-1830.00
[14:38:18.308] -386.00,-1710.00,-1915.00
[14:38:18.349] -232.00,-1681.00,-2015.00
[14:38:18.388] -76.00,-1633.00,-2092.00
[14:38:18.428] 63.00,-1621.00,-2118.00
[14:38:18.469] 186.00,-1683.00,-2103.00
[14:38:18.508] 242.00,-1723.00,-2077.00
[14:38:18.549] 291.00,-1787.00,-2031.00
[14:38:18.588] 303.00,-1816.00,-2012.00
[14:38:18.615] 323.00,-1823.00,-2017.00
[14:38:18.667] 362.00,-1832.00,-2015.00
[14:38:18.708] 383.00,-1802.00,-2007.00
[14:38:18.749] 398.00,-1797.00,-2028.00
[14:38:18.788] 391.00,-1787.00,-2036.00
[14:38:18.832] 393.00,-1763.00,-2053.00
[14:38:18.867] 380.00,-1750.00,-2067.00
[14:38:18.907] 355.00,-1733.00,-2070.00
[14:38:18.948] 332.00,-1728.00,-2082.00
[14:38:18.988] 323.00,-1726.00,-2090.00
[14:38:19.028] 311.00,-1726.00,-2111.00
[14:38:19.068] 250.00,-1721.00,-2108.00
[14:38:19.108] 232.00,-1716.00,-2103.00
[14:38:19.148] 101.00,-1695.00,-2128.00
[14:38:19.175] 32.00,-1695.00,-2128.00
[14:38:19.229] -15.00,-1695.00,-2141.00
[14:38:19.269] -93.00,-1655.00,-2133.00
[14:38:19.307] -166.00,-1623.00,-2113.00
[14:38:19.347] -237.00,-1565.00,-2147.00
[14:38:19.388] -316.00,-1507.00,-2145.00
[14:38:19.428] -370.00,-1447.00,-2147.00
[14:38:19.470] -426.00,-1412.00,-2133.00
[14:38:19.508] -465.00,-1370.00,-2123.00
[14:38:19.548] -501.00,-1320.00,-2111.00
[14:38:19.588] -528.00,-1317.00,-2113.00
[14:38:19.628] -565.00,-1293.00,-2100.00
[14:38:19.668] -601.00,-1281.00,-2070.00
[14:38:19.708] -638.00,-1246.00,-2056.00
[14:38:19.749] -665.00,-1225.00,-2036.00
[14:38:19.788] -680.00,-1227.00,-2012.00
[14:38:19.827] -741.00,-1215.00,-2002.00
[14:38:19.868] -756.00,-1167.00,-2005.00
[14:38:19.908] -775.00,-1146.00,-1980.00
[14:38:19.948] -775.00,-1143.00,-1971.00
[14:38:19.987] -787.00,-1157.00,-1968.00
[14:38:20.027] -775.00,-1188.00,-1973.00
[14:38:20.067] -770.00,-1207.00,-1976.00
[14:38:20.108] -743.00,-1238.00,-1987.00
[14:38:20.147] -767.00,-1238.00,-1971.00
[14:38:20.187] -815.00,-1207.00,-1946.00
[14:38:20.228] -897.00,-1172.00,-1881.00
[14:38:20.267] -971.00,-1088.00,-1817.00
[14:38:20.307] -1068.00,-993.00,-1737.00
[14:38:20.348] -1137.00,-853.00,-1657.00
[14:38:20.388] -1156.00,-782.00,-1616.00
[14:38:20.427] -1153.00,-666.00,-1585.00
[14:38:20.467] -1135.00,-568.00,-1592.00
[14:38:20.507] -1095.00,-482.00,-1655.00
[14:38:20.548] -1046.00,-423.00,-1677.00
[14:38:20.588] -1010.00,-376.00,-1701.00
[14:38:20.629] -846.00,-221.00,-1783.00
[14:38:20.668] -746.00,-117.00,-1806.00
[14:38:20.706] -670.00,-55.00,-1803.00
[14:38:20.747] -613.00,-7.00,-1808.00
[14:38:20.789] -547.00,20.00,-1798.00
[14:38:20.828] -498.00,81.00,-1773.00
[14:38:20.867] -437.00,155.00,-1750.00
[14:38:20.907] -418.00,168.00,-1737.00
[14:38:20.948] -423.00,183.00,-1740.00
[14:38:20.988] -421.00,186.00,-1726.00
[14:38:21.028] -452.00,165.00,-1728.00
[14:38:21.069] -472.00,155.00,-1732.00
[14:38:21.108] -516.00,168.00,-1691.00
[14:38:21.148] -543.00,173.00,-1667.00
[14:38:21.188] -526.00,171.00,-1675.00
[14:38:21.216] -521.00,168.00,-1696.00
[14:38:21.268] -538.00,107.00,-1728.00
[14:38:21.308] -555.00,83.00,-1750.00
[14:38:21.347] -557.00,67.00,-1762.00
[14:38:21.388] -541.00,17.00,-1811.00
[14:38:21.426] -518.00,-5.00,-1852.00
[14:38:21.468] -480.00,10.00,-1871.00
[14:38:21.509] -408.00,33.00,-1888.00
[14:38:21.547] -380.00,28.00,-1897.00
[14:38:21.587] -265.00,22.00,-1961.00
[14:38:21.626] -137.00,22.00,-2002.00
[14:38:21.653] -12.00,20.00,-2026.00
[14:38:21.708] 147.00,7.00,-2043.00
[14:38:21.747] 352.00,2.00,-2036.00
[14:38:21.787] 511.00,0.00,-2028.00
[14:38:21.828] 667.00,-12.00,-1973.00
[14:38:21.867] 810.00,-22.00,-1935.00
[14:38:21.908] 907.00,-73.00,-1902.00
[14:38:21.950] 995.00,-155.00,-1902.00
[14:38:21.975] 1053.00,-181.00,-1900.00
[14:38:22.028] 1068.00,-215.00,-1886.00
[14:38:22.067] 1110.00,-257.00,-1871.00
[14:38:22.108] 1122.00,-266.00,-1856.00
[14:38:22.148] 1148.00,-292.00,-1852.00
[14:38:22.187] 1146.00,-305.00,-1866.00
[14:38:22.227] 1102.00,-360.00,-1917.00
[14:38:22.267] 1083.00,-395.00,-1953.00
[14:38:22.307] 1015.00,-440.00,-2012.00
[14:38:22.347] 953.00,-421.00,-2038.00
[14:38:22.388] 868.00,-416.00,-2082.00
[14:38:22.428] 795.00,-421.00,-2111.00
[14:38:22.468] 751.00,-468.00,-2145.00
[14:38:22.507] 751.00,-468.00,-2145.00
[14:38:22.547] 790.00,-513.00,-2138.00
[14:38:22.586] 880.00,-500.00,-2095.00
[14:38:22.628] 958.00,-502.00,-2041.00
[14:38:22.668] 1048.00,-545.00,-2007.00
[14:38:22.707] 1117.00,-585.00,-1963.00
[14:38:22.748] 1163.00,-692.00,-1941.00
[14:38:22.787] 1215.00,-803.00,-1922.00
[14:38:22.827] 1193.00,-890.00,-1910.00
[14:38:22.868] 1217.00,-908.00,-1915.00
[14:38:22.908] 1220.00,-935.00,-1917.00
[14:38:22.947] 1237.00,-925.00,-1886.00
[14:38:22.988] 1266.00,-917.00,-1897.00
[14:38:23.027] 1293.00,-893.00,-1893.00
[14:38:23.069] 1298.00,-887.00,-1876.00
[14:38:23.108] 1320.00,-896.00,-1863.00
[14:38:23.148] 1317.00,-935.00,-1883.00
[14:38:23.187] 1283.00,-1003.00,-1905.00
[14:38:23.228] 1232.00,-1056.00,-1930.00
[14:38:23.267] 1173.00,-1127.00,-1968.00
[14:38:23.309] 1130.00,-1177.00,-1980.00
[14:38:23.347] 1086.00,-1233.00,-1982.00
[14:38:23.389] 1076.00,-1260.00,-1987.00
[14:38:23.427] 1027.00,-1370.00,-1987.00
[14:38:23.468] 1002.00,-1417.00,-1985.00
[14:38:23.507] 858.00,-1602.00,-1973.00
[14:38:23.547] 767.00,-1668.00,-1953.00
[14:38:23.589] 646.00,-1702.00,-1980.00
[14:38:23.627] 531.00,-1673.00,-2046.00
[14:38:23.668] 485.00,-1633.00,-2075.00
[14:38:23.707] 470.00,-1602.00,-2095.00
[14:38:23.748] 480.00,-1576.00,-2116.00
[14:38:23.789] 508.00,-1536.00,-2147.00
[14:38:23.828] 547.00,-1518.00,-2160.00
[14:38:23.867] 595.00,-1491.00,-2175.00
[14:38:23.909] 655.00,-1462.00,-2165.00
[14:38:23.948] 687.00,-1433.00,-2180.00
[14:38:23.988] 787.00,-1381.00,-2172.00
[14:38:24.027] 880.00,-1310.00,-2147.00
[14:38:24.068] 961.00,-1203.00,-2118.00
[14:38:24.107] 1022.00,-1115.00,-2121.00
[14:38:24.149] 1071.00,-991.00,-2085.00
[14:38:24.187] 1097.00,-890.00,-2056.00
[14:38:24.229] 1120.00,-780.00,-2046.00
[14:38:24.267] 1168.00,-635.00,-1995.00
[14:38:24.308] 1188.00,-508.00,-1951.00
[14:38:24.347] 1191.00,-390.00,-1910.00
[14:38:24.387] 1178.00,-318.00,-1863.00
[14:38:24.427] 1183.00,-283.00,-1886.00
[14:38:24.469] 1110.00,-300.00,-1920.00
[14:38:24.508] 1046.00,-357.00,-1990.00
[14:38:24.547] 928.00,-402.00,-2048.00
[14:38:24.575] 861.00,-402.00,-2100.00
[14:38:24.627] 858.00,-357.00,-2082.00
[14:38:24.667] 848.00,-302.00,-2056.00
[14:38:24.708] 887.00,-323.00,-2092.00
[14:38:24.747] 846.00,-368.00,-2133.00
[14:38:24.787] 841.00,-395.00,-2138.00
[14:38:24.827] 818.00,-381.00,-2138.00
[14:38:24.868] 818.00,-355.00,-2111.00
[14:38:24.906] 815.00,-360.00,-2118.00
[14:38:24.949] 815.00,-360.00,-2118.00
[14:38:24.988] 828.00,-340.00,-2097.00
[14:38:25.028] 858.00,-368.00,-2106.00
[14:38:25.067] 892.00,-423.00,-2090.00
[14:38:25.108] 900.00,-418.00,-2080.00
[14:38:25.147] 877.00,-363.00,-2067.00
[14:38:25.188] 831.00,-297.00,-2053.00
[14:38:25.227] 807.00,-215.00,-2036.00
[14:38:25.267] 697.00,-112.00,-2036.00
[14:38:25.308] 623.00,-28.00,-2015.00
[14:38:25.347] 538.00,43.00,-2015.00
[14:38:25.386] 467.00,93.00,-2012.00
[14:38:25.427] 442.00,107.00,-2017.00
[14:38:25.467] 276.00,165.00,-1997.00
[14:38:25.507] 163.00,210.00,-1968.00
[14:38:25.547] 63.00,260.00,-1966.00
[14:38:25.587] -25.00,262.00,-1958.00
[14:38:25.628] -112.00,260.00,-1946.00
[14:38:25.669] -196.00,245.00,-1946.00
[14:38:25.708] -257.00,252.00,-1915.00
[14:38:25.748] -367.00,247.00,-1912.00
[14:38:25.788] -440.00,250.00,-1907.00
[14:38:25.827] -467.00,242.00,-1878.00
[14:38:25.868] -526.00,223.00,-1858.00
[14:38:25.908] -538.00,210.00,-1868.00
[14:38:25.948] -585.00,183.00,-1868.00
[14:38:25.987] -595.00,178.00,-1876.00
[14:38:26.027] -608.00,162.00,-1883.00
[14:38:26.068] -626.00,121.00,-1886.00
[14:38:26.108] -638.00,110.00,-1905.00
[14:38:26.164] -692.00,93.00,-1891.00
[14:38:26.180] -697.00,76.00,-1891.00
[14:38:26.227] -685.00,78.00,-1891.00
[14:38:26.267] -670.00,100.00,-1888.00
[14:38:26.309] -675.00,105.00,-1876.00
[14:38:26.348] -641.00,121.00,-1858.00
[14:38:26.388] -631.00,138.00,-1866.00
[14:38:26.427] -618.00,168.00,-1850.00
[14:38:26.467] -638.00,207.00,-1806.00
[14:38:26.506] -665.00,218.00,-1760.00
[14:38:26.547] -687.00,242.00,-1723.00
[14:38:26.587] -697.00,255.00,-1711.00
[14:38:26.628] -687.00,252.00,-1706.00
[14:38:26.667] -718.00,238.00,-1703.00
[14:38:26.707] -733.00,236.00,-1711.00
[14:38:26.747] -733.00,252.00,-1680.00
[14:38:26.789] -713.00,278.00,-1687.00
[14:38:26.827] -685.00,297.00,-1677.00
[14:38:26.868] -675.00,297.00,-1693.00
[14:38:26.907] -675.00,297.00,-1693.00
[14:38:26.947] -687.00,297.00,-1657.00
[14:38:26.987] -707.00,326.00,-1636.00
[14:38:27.028] -743.00,337.00,-1623.00
[14:38:27.068] -748.00,318.00,-1597.00
[14:38:27.108] -767.00,321.00,-1602.00
[14:38:27.148] -770.00,307.00,-1611.00
[14:38:27.187] -758.00,297.00,-1628.00
[14:38:27.226] -767.00,278.00,-1626.00
[14:38:27.268] -758.00,262.00,-1650.00
[14:38:27.307] -748.00,250.00,-1657.00
[14:38:27.348] -736.00,247.00,-1672.00
[14:38:27.387] -736.00,245.00,-1677.00
[14:38:27.427] -751.00,257.00,-1652.00
[14:38:27.469] -721.00,273.00,-1641.00
[14:38:27.507] -743.00,238.00,-1652.00
[14:38:27.547] -748.00,212.00,-1675.00
[14:38:27.587] -756.00,200.00,-1680.00
[14:38:27.627] -767.00,181.00,-1675.00
[14:38:27.667] -780.00,176.00,-1706.00
[14:38:27.708] -826.00,133.00,-1713.00
[14:38:27.748] -838.00,105.00,-1706.00
[14:38:27.788] -853.00,107.00,-1701.00
[14:38:27.827] -885.00,57.00,-1716.00
[14:38:27.867] -902.00,50.00,-1713.00
[14:38:27.908] -968.00,36.00,-1667.00
[14:38:27.948] -1000.00,22.00,-1650.00
[14:38:27.989] -1043.00,-12.00,-1636.00
[14:38:28.028] -1076.00,-31.00,-1636.00
[14:38:28.067] -1061.00,-38.00,-1618.00
[14:38:28.108] -1086.00,-31.00,-1605.00
[14:38:28.147] -1083.00,-55.00,-1633.00
[14:38:28.188] -1097.00,-102.00,-1670.00
[14:38:28.227] -1095.00,-183.00,-1713.00
[14:38:28.267] -1110.00,-245.00,-1737.00
[14:38:28.308] -1095.00,-305.00,-1781.00
[14:38:28.347] -1120.00,-337.00,-1806.00
[14:38:28.388] -1135.00,-411.00,-1817.00
[14:38:28.427] -1166.00,-471.00,-1803.00
[14:38:28.467] -1191.00,-518.00,-1791.00
[14:38:28.508] -1207.00,-552.00,-1786.00
[14:38:28.547] -1210.00,-582.00,-1781.00
[14:38:28.587] -1215.00,-623.00,-1796.00
[14:38:28.629] -1196.00,-687.00,-1842.00
[14:38:28.667] -1158.00,-768.00,-1876.00
[14:38:28.708] -1142.00,-858.00,-1902.00
[14:38:28.747] -1142.00,-946.00,-1905.00
[14:38:28.788] -1132.00,-985.00,-1912.00
[14:38:28.828] -1135.00,-1030.00,-1932.00
[14:38:28.868] -1097.00,-1046.00,-1948.00
[14:38:28.909] -1068.00,-1067.00,-1971.00
[14:38:28.948] -987.00,-1080.00,-1971.00
[14:38:28.987] -992.00,-1091.00,-1980.00
[14:38:29.026] -1005.00,-1065.00,-1971.00
[14:38:29.068] -1035.00,-1035.00,-1927.00
[14:38:29.110] -1032.00,-1032.00,-1927.00
[14:38:29.147] -1046.00,-1043.00,-1920.00
[14:38:29.187] -1053.00,-1075.00,-1907.00
[14:38:29.227] -1025.00,-1101.00,-1927.00
[14:38:29.268] -1002.00,-1115.00,-1946.00
[14:38:29.307] -978.00,-1106.00,-1995.00
[14:38:29.347] -943.00,-1106.00,-2036.00
[14:38:29.387] -882.00,-1141.00,-2056.00
[14:38:29.427] -833.00,-1196.00,-2106.00
[14:38:29.466] -785.00,-1222.00,-2108.00
[14:38:29.508] -765.00,-1305.00,-2113.00
[14:38:29.549] -718.00,-1362.00,-2106.00
[14:38:29.588] -682.00,-1396.00,-2138.00
[14:38:29.614] -662.00,-1402.00,-2157.00
[14:38:29.667] -623.00,-1423.00,-2177.00
[14:38:29.707] -572.00,-1452.00,-2162.00
[14:38:29.746] -526.00,-1500.00,-2167.00
[14:38:29.787] -487.00,-1557.00,-2147.00
[14:38:29.827] -442.00,-1695.00,-2113.00
[14:38:29.867] -362.00,-1737.00,-2092.00
[14:38:29.907] -313.00,-1773.00,-2085.00
[14:38:29.946] -257.00,-1790.00,-2092.00
[14:38:29.988] -183.00,-1792.00,-2082.00
[14:38:30.027] -110.00,-1832.00,-2067.00
[14:38:30.067] -68.00,-1850.00,-2072.00
[14:38:30.108] -50.00,-1840.00,-2087.00
[14:38:30.146] -12.00,-1805.00,-2090.00
[14:38:30.189] -20.00,-1773.00,-2123.00
[14:38:30.227] 0.00,-1713.00,-2145.00
[14:38:30.268] 2.00,-1678.00,-2162.00
[14:38:30.308] 45.00,-1602.00,-2218.00
[14:38:30.347] 61.00,-1547.00,-2230.00
[14:38:30.386] 86.00,-1523.00,-2250.00
[14:38:30.427] 78.00,-1521.00,-2250.00
[14:38:30.469] 27.00,-1523.00,-2235.00
[14:38:30.496] -30.00,-1491.00,-2255.00
[14:38:30.548] -106.00,-1436.00,-2271.00
[14:38:30.588] -186.00,-1378.00,-2255.00
[14:38:30.627] -311.00,-1352.00,-2247.00
[14:38:30.668] -426.00,-1343.00,-2218.00
[14:38:30.708] -538.00,-1343.00,-2172.00
[14:38:30.747] -572.00,-1355.00,-2160.00
[14:38:30.787] -613.00,-1341.00,-2126.00
[14:38:30.827] -643.00,-1367.00,-2100.00
[14:38:30.868] -672.00,-1370.00,-2082.00
[14:38:30.907] -716.00,-1372.00,-2070.00
[14:38:30.948] -797.00,-1336.00,-2033.00
[14:38:30.989] -828.00,-1272.00,-2002.00
[14:38:31.027] -868.00,-1201.00,-1997.00
[14:38:31.067] -920.00,-1177.00,-1966.00
[14:38:31.108] -941.00,-1151.00,-1922.00
[14:38:31.148] -990.00,-1122.00,-1920.00
[14:38:31.187] -1027.00,-1072.00,-1878.00
[14:38:31.227] -1056.00,-1038.00,-1868.00
[14:38:31.267] -1088.00,-991.00,-1830.00
[14:38:31.309] -1125.00,-935.00,-1793.00
[14:38:31.348] -1148.00,-903.00,-1762.00
[14:38:31.388] -1166.00,-893.00,-1742.00
[14:38:31.427] -1183.00,-875.00,-1713.00
[14:38:31.467] -1191.00,-863.00,-1726.00
[14:38:31.507] -1196.00,-858.00,-1752.00
[14:38:31.546] -1207.00,-772.00,-1778.00
[14:38:31.589] -1196.00,-653.00,-1767.00
[14:38:31.627] -1173.00,-542.00,-1755.00
[14:38:31.667] -1198.00,-440.00,-1708.00
[14:38:31.707] -1188.00,-371.00,-1691.00
[14:38:31.748] -1188.00,-371.00,-1691.00
[14:38:31.788] -1186.00,-345.00,-1682.00
[14:38:31.829] -1168.00,-302.00,-1667.00
[14:38:31.867] -1130.00,-215.00,-1638.00
[14:38:31.907] -1132.00,-112.00,-1585.00
[14:38:31.947] -1102.00,-55.00,-1546.00
[14:38:31.986] -1097.00,57.00,-1435.00
[14:38:32.029] -1097.00,155.00,-1350.00
[14:38:32.067] -1078.00,215.00,-1272.00
[14:38:32.109] -1110.00,255.00,-1180.00
[14:38:32.147] -1115.00,278.00,-1080.00
[14:38:32.187] -1102.00,300.00,-1027.00
[14:38:32.226] -1110.00,302.00,-1022.00
[14:38:32.267] -1140.00,283.00,-953.00
[14:38:32.307] -1148.00,266.00,-920.00
[14:38:32.347] -1163.00,255.00,-855.00
[14:38:32.387] -1193.00,252.00,-765.00
[14:38:32.426] -1191.00,238.00,-713.00
[14:38:32.454] -1205.00,233.00,-646.00
[14:38:32.508] -1215.00,218.00,-558.00
[14:38:32.547] -1230.00,162.00,-483.00
[14:38:32.589] -1263.00,70.00,-398.00
[14:38:32.626] -1288.00,28.00,-365.00
[14:38:32.666] -1315.00,-15.00,-323.00
[14:38:32.708] -1317.00,-62.00,-311.00
[14:38:32.747] -1335.00,-215.00,-228.00
[14:38:32.787] -1306.00,-316.00,-177.00
[14:38:32.828] -1250.00,-423.00,-112.00
[14:38:32.867] -1230.00,-476.00,-63.00
[14:38:32.906] -1196.00,-506.00,-15.00
[14:38:32.948] -1207.00,-547.00,2.00
[14:38:32.988] -1198.00,-568.00,35.00
[14:38:33.027] -1171.00,-600.00,51.00
[14:38:33.067] -1171.00,-680.00,66.00
[14:38:33.107] -1168.00,-730.00,73.00
[14:38:33.148] -1163.00,-851.00,97.00
[14:38:33.187] -1148.00,-893.00,90.00
[14:38:33.227] -1125.00,-991.00,97.00
[14:38:33.268] -1112.00,-1046.00,97.00
[14:38:33.295] -1097.00,-1165.00,66.00
[14:38:33.347] -1083.00,-1283.00,5.00
[14:38:33.388] -1092.00,-1455.00,-115.00
[14:38:33.428] -1083.00,-1536.00,-177.00
[14:38:33.467] -1092.00,-1597.00,-270.00
[14:38:33.508] -1092.00,-1650.00,-345.00
[14:38:33.547] -1102.00,-1705.00,-458.00
[14:38:33.587] -1097.00,-1745.00,-538.00
[14:38:33.629] -1078.00,-1792.00,-692.00
[14:38:33.669] -1086.00,-1800.00,-770.00
[14:38:33.707] -1086.00,-1800.00,-770.00
[14:38:33.748] -1086.00,-1771.00,-958.00
[14:38:33.788] -1088.00,-1731.00,-1100.00
[14:38:33.828] -1081.00,-1705.00,-1167.00
[14:38:33.867] -1097.00,-1681.00,-1218.00
[14:38:33.908] -1092.00,-1681.00,-1257.00
[14:38:33.947] -1066.00,-1700.00,-1216.00
[14:38:33.987] -1076.00,-1750.00,-1136.00
[14:38:34.028] -1048.00,-1811.00,-932.00
[14:38:34.068] -1053.00,-1826.00,-788.00
[14:38:34.107] -1041.00,-1840.00,-631.00
[14:38:34.147] -1012.00,-1813.00,-495.00
[14:38:34.187] -1020.00,-1808.00,-450.00
[14:38:34.227] -987.00,-1647.00,-138.00
[14:38:34.268] -978.00,-1550.00,-20.00
[14:38:34.307] -968.00,-1457.00,56.00
[14:38:34.347] -971.00,-1291.00,141.00
[14:38:34.387] -976.00,-1148.00,200.00
[14:38:34.428] -982.00,-1015.00,241.00
[14:38:34.467] -990.00,-811.00,272.00
[14:38:34.508] -978.00,-687.00,270.00
[14:38:34.548] -968.00,-513.00,250.00
[14:38:34.588] -958.00,-428.00,241.00
[14:38:34.628] -951.00,-292.00,213.00
[14:38:34.667] -953.00,-252.00,190.00
[14:38:34.694] -956.00,-33.00,61.00
[14:38:34.748] -941.00,93.00,-43.00
[14:38:34.788] -922.00,200.00,-187.00
[14:38:34.827] -922.00,266.00,-291.00
[14:38:34.867] -917.00,295.00,-355.00
[14:38:34.907] -915.00,323.00,-422.00
[14:38:34.950] -912.00,342.00,-471.00
[14:38:34.988] -910.00,357.00,-520.00
[14:38:35.027] -905.00,376.00,-631.00
[14:38:35.067] -905.00,368.00,-680.00
[14:38:35.107] -941.00,368.00,-718.00
[14:38:35.147] -953.00,345.00,-752.00
[14:38:35.187] -982.00,313.00,-862.00
[14:38:35.229] -1002.00,297.00,-945.00
[14:38:35.268] -1038.00,255.00,-986.00
[14:38:35.307] -1127.00,266.00,-1038.00
[14:38:35.347] -1153.00,207.00,-1131.00
[14:38:35.387] -1183.00,168.00,-1208.00
[14:38:35.427] -1188.00,128.00,-1272.00
[14:38:35.468] -1176.00,100.00,-1320.00
[14:38:35.508] -1158.00,55.00,-1383.00
[14:38:35.547] -1146.00,57.00,-1443.00
[14:38:35.587] -1135.00,17.00,-1487.00
[14:38:35.628] -1153.00,-12.00,-1510.00
[14:38:35.668] -1173.00,-91.00,-1563.00
[14:38:35.708] -1176.00,-165.00,-1602.00
[14:38:35.747] -1183.00,-250.00,-1626.00
[14:38:35.786] -1176.00,-340.00,-1667.00
[14:38:35.827] -1183.00,-478.00,-1755.00
[14:38:35.868] -1176.00,-600.00,-1793.00
[14:38:35.908] -1158.00,-677.00,-1806.00
[14:38:35.949] -1132.00,-763.00,-1820.00
[14:38:35.988] -1132.00,-885.00,-1825.00
[14:38:36.028] -1122.00,-1020.00,-1827.00
[14:38:36.068] -1117.00,-1120.00,-1788.00
[14:38:36.107] -1127.00,-1183.00,-1755.00
[14:38:36.149] -1173.00,-1272.00,-1680.00
[14:38:36.188] -1196.00,-1317.00,-1616.00
[14:38:36.227] -1193.00,-1405.00,-1567.00
[14:38:36.267] -1188.00,-1465.00,-1512.00
[14:38:36.306] -1171.00,-1518.00,-1492.00
[14:38:36.347] -1148.00,-1571.00,-1463.00
[14:38:36.388] -1120.00,-1631.00,-1458.00
[14:38:36.427] -1076.00,-1687.00,-1427.00
[14:38:36.466] -1063.00,-1728.00,-1422.00
[14:38:36.506] -1041.00,-1771.00,-1391.00
[14:38:36.548] -1032.00,-1811.00,-1376.00
[14:38:36.588] -1010.00,-1823.00,-1361.00
[14:38:36.627] -1005.00,-1832.00,-1368.00
[14:38:36.667] -995.00,-1847.00,-1398.00
[14:38:36.706] -953.00,-1858.00,-1430.00
[14:38:36.746] -931.00,-1876.00,-1453.00
[14:38:36.788] -885.00,-1900.00,-1471.00
[14:38:36.828] -853.00,-1926.00,-1512.00
[14:38:36.867] -787.00,-1950.00,-1551.00
[14:38:36.907] -736.00,-1961.00,-1551.00
[14:38:36.947] -692.00,-1963.00,-1600.00
[14:38:36.986] -667.00,-1932.00,-1670.00
[14:38:37.028] -680.00,-1911.00,-1711.00
[14:38:37.067] -667.00,-1873.00,-1732.00
[14:38:37.107] -677.00,-1868.00,-1745.00
[14:38:37.147] -700.00,-1850.00,-1755.00
[14:38:37.188] -728.00,-1845.00,-1737.00
[14:38:37.228] -758.00,-1823.00,-1701.00
[14:38:37.268] -782.00,-1835.00,-1675.00
[14:38:37.307] -818.00,-1842.00,-1662.00
[14:38:37.347] -846.00,-1813.00,-1657.00
[14:38:37.386] -812.00,-1776.00,-1711.00
[14:38:37.427] -787.00,-1763.00,-1781.00
[14:38:37.468] -733.00,-1768.00,-1820.00
[14:38:37.507] -662.00,-1778.00,-1847.00
[14:38:37.547] -611.00,-1800.00,-1893.00
[14:38:37.589] -572.00,-1800.00,-1927.00
[14:38:37.626] -562.00,-1776.00,-1961.00
[14:38:37.672] -547.00,-1761.00,-1961.00
[14:38:37.707] -577.00,-1757.00,-1976.00
[14:38:37.747] -567.00,-1716.00,-1980.00
[14:38:37.787] -580.00,-1695.00,-1995.00
[14:38:37.827] -572.00,-1690.00,-2010.00
[14:38:37.867] -575.00,-1702.00,-2000.00
[14:38:37.909] -572.00,-1728.00,-1968.00
[14:38:37.948] -562.00,-1773.00,-1938.00
[14:38:37.987] -592.00,-1768.00,-1900.00
[14:38:38.027] -616.00,-1781.00,-1881.00
[14:38:38.067] -638.00,-1805.00,-1868.00
[14:38:38.108] -660.00,-1840.00,-1832.00
[14:38:38.148] -687.00,-1885.00,-1740.00
[14:38:38.187] -697.00,-1940.00,-1660.00
[14:38:38.229] -687.00,-1992.00,-1597.00
[14:38:38.267] -655.00,-2013.00,-1553.00
[14:38:38.306] -616.00,-2068.00,-1507.00
[14:38:38.335] -628.00,-2113.00,-1417.00
[14:38:38.387] -613.00,-2146.00,-1298.00
[14:38:38.427] -631.00,-2187.00,-1170.00
[14:38:38.468] -590.00,-2227.00,-1043.00
[14:38:38.494] -592.00,-2240.00,-935.00
[14:38:38.533] -575.00,-2253.00,-850.00
[14:38:38.588] -543.00,-2246.00,-587.00
[14:38:38.629] -562.00,-2196.00,-383.00
[14:38:38.668] -560.00,-2118.00,-182.00
[14:38:38.708] -577.00,-2047.00,-56.00
[14:38:38.746] -606.00,-2025.00,-27.00
[14:38:38.787] -657.00,-1982.00,0.00
[14:38:38.828] -700.00,-1863.00,105.00
[14:38:38.867] -765.00,-1726.00,187.00
[14:38:38.908] -826.00,-1555.00,280.00
[14:38:38.947] -917.00,-1293.00,376.00
[14:38:38.985] -963.00,-1115.00,417.00
[14:38:39.029] -1000.00,-975.00,415.00
[14:38:39.067] -1058.00,-777.00,393.00
[14:38:39.107] -1081.00,-623.00,383.00
[14:38:39.147] -1112.00,-521.00,347.00
[14:38:39.187] -1125.00,-411.00,291.00
[14:38:39.228] -1120.00,-321.00,272.00
[14:38:39.267] -1105.00,-218.00,247.00
[14:38:39.308] -1102.00,-57.00,170.00
[14:38:39.334] -1068.00,70.00,82.00
[14:38:39.388] -1071.00,165.00,-15.00
[14:38:39.427] -1068.00,223.00,-85.00
[14:38:39.466] -1048.00,297.00,-151.00
[14:38:39.508] -1022.00,357.00,-213.00
[14:38:39.547] -1017.00,376.00,-267.00
[14:38:39.587] -1010.00,381.00,-250.00
[14:38:39.626] -1025.00,366.00,-285.00
[14:38:39.667] -1048.00,381.00,-381.00
[14:38:39.707] -1051.00,402.00,-495.00
[14:38:39.747] -1076.00,405.00,-577.00
[14:38:39.787] -1078.00,407.00,-703.00
[14:38:39.828] -1063.00,402.00,-912.00
[14:38:39.867] -1027.00,383.00,-1128.00
[14:38:39.908] -978.00,363.00,-1267.00
[14:38:39.947] -963.00,350.00,-1301.00
[14:38:39.987] -961.00,347.00,-1308.00
[14:38:40.027] -968.00,333.00,-1342.00
[14:38:40.067] -966.00,307.00,-1402.00
[14:38:40.106] -953.00,221.00,-1495.00
[14:38:40.147] -936.00,123.00,-1605.00
[14:38:40.187] -931.00,28.00,-1703.00
[14:38:40.228] -912.00,-38.00,-1757.00
[14:38:40.267] -900.00,-97.00,-1803.00
[14:38:40.306] -887.00,-102.00,-1811.00
[14:38:40.346] -887.00,-128.00,-1827.00
[14:38:40.388] -882.00,-186.00,-1871.00
[14:38:40.428] -887.00,-255.00,-1905.00
[14:38:40.467] -941.00,-397.00,-1935.00
[14:38:40.507] -941.00,-397.00,-1935.00
[14:38:40.547] -982.00,-573.00,-1930.00
[14:38:40.588] -1010.00,-640.00,-1917.00
[14:38:40.628] -1035.00,-718.00,-1897.00
[14:38:40.668] -1115.00,-958.00,-1820.00
[14:38:40.707] -1100.00,-1138.00,-1770.00
[14:38:40.747] -1127.00,-1151.00,-1732.00
[14:38:40.786] -1146.00,-1157.00,-1721.00
[14:38:40.827] -1120.00,-1251.00,-1698.00
[14:38:40.855] -1107.00,-1310.00,-1677.00
[14:38:40.908] -1086.00,-1350.00,-1682.00
[14:38:40.947] -1088.00,-1372.00,-1687.00
[14:38:40.987] -1086.00,-1372.00,-1682.00
[14:38:41.026] -1025.00,-1473.00,-1682.00
[14:38:41.069] -1007.00,-1518.00,-1650.00
[14:38:41.107] -990.00,-1528.00,-1641.00
[14:38:41.147] -1005.00,-1581.00,-1597.00
[14:38:41.187] -1002.00,-1633.00,-1520.00
[14:38:41.227] -1002.00,-1695.00,-1456.00
[14:38:41.267] -1025.00,-1747.00,-1373.00
[14:38:41.308] -1035.00,-1787.00,-1303.00
[14:38:41.347] -1038.00,-1781.00,-1286.00
[14:38:41.387] -1046.00,-1776.00,-1267.00
[14:38:41.426] -1081.00,-1757.00,-1275.00
[14:38:41.467] -1083.00,-1740.00,-1272.00
[14:38:41.509] -1088.00,-1755.00,-1255.00
[14:38:41.547] -1092.00,-1742.00,-1245.00
[14:38:41.587] -1102.00,-1740.00,-1245.00
[14:38:41.627] -1107.00,-1718.00,-1242.00
[14:38:41.666] -1122.00,-1745.00,-1221.00
[14:38:41.707] -1122.00,-1747.00,-1211.00
[14:38:41.748] -1130.00,-1737.00,-1175.00
[14:38:41.787] -1163.00,-1752.00,-1105.00
[14:38:41.827] -1181.00,-1723.00,-1043.00
[14:38:41.866] -1215.00,-1687.00,-915.00
[14:38:41.909] -1247.00,-1687.00,-801.00
[14:38:41.947] -1263.00,-1671.00,-755.00
[14:38:41.988] -1296.00,-1621.00,-615.00
[14:38:42.028] -1296.00,-1571.00,-510.00
[14:38:42.068] -1266.00,-1523.00,-330.00
[14:38:42.107] -1240.00,-1497.00,-216.00
[14:38:42.148] -1158.00,-1491.00,-105.00
[14:38:42.188] -1097.00,-1483.00,0.00
[14:38:42.227] -1025.00,-1478.00,56.00
[14:38:42.267] -968.00,-1495.00,110.00
[14:38:42.307] -931.00,-1510.00,138.00
[14:38:42.346] -910.00,-1515.00,136.00
[14:38:42.388] -922.00,-1512.00,143.00
[14:38:42.427] -933.00,-1500.00,151.00
[14:38:42.467] -933.00,-1500.00,151.00
[14:38:42.507] -948.00,-1450.00,177.00
[14:38:42.546] -931.00,-1431.00,180.00
[14:38:42.587] -920.00,-1402.00,197.00
[14:38:42.628] -953.00,-1350.00,211.00
[14:38:42.667] -982.00,-1275.00,216.00
[14:38:42.707] -1022.00,-1220.00,221.00
[14:38:42.746] -1063.00,-1191.00,187.00
[14:38:42.787] -1053.00,-1201.00,180.00
[14:38:42.828] -1073.00,-1181.00,200.00
[14:38:42.867] -1066.00,-1072.00,233.00
[14:38:42.910] -1058.00,-975.00,267.00
[14:38:42.947] -1063.00,-811.00,311.00
[14:38:42.986] -1078.00,-692.00,308.00
[14:38:43.026] -1073.00,-663.00,313.00
[14:38:43.067] -1083.00,-585.00,282.00
[14:38:43.107] -1092.00,-561.00,277.00
[14:38:43.147] -1088.00,-518.00,252.00
[14:38:43.187] -1100.00,-423.00,241.00
[14:38:43.227] -1117.00,-323.00,216.00
[14:38:43.267] -1086.00,-221.00,190.00
[14:38:43.307] -1102.00,-191.00,151.00
[14:38:43.347] -1140.00,-210.00,133.00
[14:38:43.387] -1163.00,-207.00,85.00
[14:38:43.426] -1163.00,-186.00,53.00
[14:38:43.468] -1171.00,-157.00,25.00
[14:38:43.508] -1146.00,-121.00,37.00
[14:38:43.547] -1115.00,-100.00,51.00
[14:38:43.587] -1100.00,-67.00,63.00
[14:38:43.627] -1110.00,-65.00,68.00
[14:38:43.667] -1081.00,-33.00,35.00
[14:38:43.708] -1110.00,-15.00,41.00
[14:38:43.747] -1115.00,0.00,7.00
[14:38:43.787] -1158.00,33.00,-35.00
[14:38:43.827] -1188.00,52.00,-68.00
[14:38:43.866] -1196.00,60.00,-85.00
[14:38:43.906] -1225.00,50.00,-115.00
[14:38:43.947] -1237.00,62.00,-161.00
[14:38:43.988] -1245.00,73.00,-187.00
[14:38:44.026] -1256.00,86.00,-192.00
[14:38:44.068] -1237.00,126.00,-218.00
[14:38:44.105] -1227.00,138.00,-231.00
[14:38:44.148] -1191.00,171.00,-180.00
[14:38:44.188] -1146.00,221.00,-172.00
[14:38:44.227] -1073.00,316.00,-192.00
[14:38:44.267] -1007.00,392.00,-252.00
[14:38:44.306] -976.00,452.00,-316.00
[14:38:44.347] -912.00,506.00,-398.00
[14:38:44.388] -900.00,535.00,-486.00
[14:38:44.427] -900.00,545.00,-602.00
[14:38:44.467] -925.00,540.00,-695.00
[14:38:44.508] -948.00,500.00,-772.00
[14:38:44.546] -982.00,478.00,-840.00
[14:38:44.588] -1025.00,428.00,-901.00
[14:38:44.628] -1061.00,366.00,-981.00
[14:38:44.667] -1097.00,313.00,-1048.00
[14:38:44.707] -1117.00,281.00,-1090.00
[14:38:44.746] -1125.00,257.00,-1126.00
[14:38:44.787] -1135.00,228.00,-1162.00
[14:38:44.828] -1117.00,218.00,-1192.00
[14:38:44.867] -1125.00,200.00,-1213.00
[14:38:44.908] -1156.00,141.00,-1293.00
[14:38:44.946] -1176.00,86.00,-1335.00
[14:38:44.986] -1181.00,22.00,-1363.00
[14:38:45.028] -1186.00,-12.00,-1410.00
[14:38:45.068] -1183.00,-43.00,-1451.00
[14:38:45.108] -1158.00,-97.00,-1531.00
[14:38:45.147] -1158.00,-133.00,-1575.00
[14:38:45.187] -1146.00,-165.00,-1590.00
[14:38:45.226] -1168.00,-183.00,-1572.00
[14:38:45.268] -1173.00,-188.00,-1572.00
[14:38:45.307] -1181.00,-191.00,-1577.00
[14:38:45.347] -1151.00,-188.00,-1587.00
[14:38:45.386] -1196.00,-233.00,-1616.00
[14:38:45.427] -1202.00,-262.00,-1621.00
[14:38:45.467] -1188.00,-318.00,-1633.00
[14:38:45.508] -1215.00,-407.00,-1660.00
[14:38:45.547] -1217.00,-487.00,-1693.00
[14:38:45.587] -1191.00,-595.00,-1726.00
[14:38:45.626] -1176.00,-706.00,-1767.00
[14:38:45.668] -1191.00,-785.00,-1773.00
[14:38:45.708] -1191.00,-880.00,-1757.00
[14:38:45.748] -1205.00,-965.00,-1747.00
[14:38:45.788] -1217.00,-1025.00,-1723.00
[14:38:45.827] -1210.00,-1070.00,-1711.00
[14:38:45.867] -1245.00,-1127.00,-1662.00
[14:38:45.908] -1256.00,-1165.00,-1638.00
[14:38:45.949] -1271.00,-1181.00,-1605.00
[14:38:45.988] -1301.00,-1170.00,-1608.00
[14:38:46.027] -1330.00,-1091.00,-1587.00
[14:38:46.066] -1352.00,-977.00,-1577.00
[14:38:46.106] -1355.00,-903.00,-1553.00
[14:38:46.149] -1378.00,-798.00,-1543.00
[14:38:46.187] -1378.00,-632.00,-1522.00
[14:38:46.228] -1362.00,-476.00,-1487.00
[14:38:46.266] -1327.00,-257.00,-1422.00
[14:38:46.306] -1322.00,-181.00,-1412.00
[14:38:46.348] -1276.00,-31.00,-1355.00
[14:38:46.388] -1207.00,102.00,-1291.00
[14:38:46.427] -1117.00,245.00,-1228.00
[14:38:46.467] -1012.00,363.00,-1143.00
[14:38:46.506] -892.00,497.00,-1080.00
[14:38:46.548] -690.00,618.00,-1056.00
[14:38:46.588] -491.00,685.00,-1087.00
[14:38:46.628] -265.00,716.00,-1143.00
[14:38:46.667] -52.00,708.00,-1187.00
[14:38:46.707] 140.00,677.00,-1233.00
[14:38:46.746] 370.00,623.00,-1260.00
[14:38:46.788] 433.00,587.00,-1301.00
[14:38:46.827] 633.00,485.00,-1332.00
[14:38:46.867] 756.00,368.00,-1366.00
[14:38:46.907] 897.00,295.00,-1363.00
[14:38:46.947] 1005.00,200.00,-1366.00
[14:38:46.986] 1102.00,115.00,-1352.00
[14:38:47.028] 1166.00,46.00,-1283.00
[14:38:47.067] 1222.00,-15.00,-1272.00
[14:38:47.108] 1225.00,-65.00,-1275.00
[14:38:47.147] 1250.00,-91.00,-1257.00
[14:38:47.186] 1296.00,-121.00,-1228.00
[14:38:47.228] 1337.00,-155.00,-1180.00
[14:38:47.268] 1368.00,-183.00,-1177.00
[14:38:47.307] 1368.00,-183.00,-1177.00
[14:38:47.348] 1386.00,-202.00,-1155.00
[14:38:47.386] 1381.00,-212.00,-1172.00
[14:38:47.427] 1383.00,-173.00,-1160.00
[14:38:47.467] 1368.00,-141.00,-1162.00
[14:38:47.507] 1317.00,-65.00,-1177.00
[14:38:47.547] 1278.00,28.00,-1165.00
[14:38:47.586] 1178.00,131.00,-1182.00
[14:38:47.626] 1078.00,268.00,-1190.00
[14:38:47.668] 943.00,392.00,-1192.00
[14:38:47.707] 800.00,476.00,-1203.00
[14:38:47.747] 516.00,642.00,-1167.00
[14:38:47.786] 437.00,677.00,-1162.00
[14:38:47.828] -52.00,758.00,-1017.00
[14:38:47.868] -337.00,745.00,-951.00
[14:38:47.908] -667.00,632.00,-958.00
[14:38:47.947] -992.00,411.00,-1000.00
[14:38:47.986] -1163.00,260.00,-997.00
[14:38:48.026] -1381.00,-62.00,-1048.00
[14:38:48.066] -1501.00,-363.00,-1128.00
[14:38:48.108] -1540.00,-658.00,-1172.00
[14:38:48.148] -1552.00,-961.00,-1185.00
[14:38:48.187] -1473.00,-1220.00,-1203.00
[14:38:48.227] -1386.00,-1441.00,-1211.00
[14:38:48.266] -1325.00,-1552.00,-1226.00
[14:38:48.308] -1127.00,-1778.00,-1252.00
[14:38:48.348] -1002.00,-1921.00,-1245.00
[14:38:48.388] -838.00,-2035.00,-1237.00
[14:38:48.427] -767.00,-2098.00,-1203.00
[14:38:48.466] -646.00,-2135.00,-1185.00
[14:38:48.506] -533.00,-2193.00,-1167.00
[14:38:48.548] -470.00,-2213.00,-1151.00
[14:38:48.588] -428.00,-2227.00,-1157.00
[14:38:48.627] -445.00,-2237.00,-1116.00
[14:38:48.667] -560.00,-2211.00,-1148.00
[14:38:48.707] -633.00,-2148.00,-1180.00
[14:38:48.745] -692.00,-2122.00,-1228.00
[14:38:48.788] -767.00,-2053.00,-1288.00
[14:38:48.827] -828.00,-2006.00,-1327.00
[14:38:48.867] -858.00,-1950.00,-1368.00
[14:38:48.907] -912.00,-1863.00,-1405.00
[14:38:48.946] -978.00,-1835.00,-1386.00
[14:38:48.988] -1043.00,-1787.00,-1378.00
[14:38:49.028] -1102.00,-1707.00,-1376.00
[14:38:49.067] -1166.00,-1623.00,-1378.00
[14:38:49.106] -1188.00,-1568.00,-1383.00
[14:38:49.147] -1247.00,-1595.00,-1332.00
[14:38:49.187] -1252.00,-1588.00,-1231.00
[14:38:49.228] -1278.00,-1602.00,-1242.00
[14:38:49.268] -1298.00,-1581.00,-1242.00
[14:38:49.307] -1306.00,-1562.00,-1228.00
[14:38:49.347] -1286.00,-1578.00,-1216.00
[14:38:49.387] -1296.00,-1595.00,-1231.00
[14:38:49.428] -1266.00,-1616.00,-1250.00
[14:38:49.467] -1286.00,-1586.00,-1267.00
[14:38:49.507] -1310.00,-1568.00,-1301.00
[14:38:49.547] -1330.00,-1528.00,-1252.00
[14:38:49.585] -1342.00,-1550.00,-1192.00
[14:38:49.626] -1378.00,-1515.00,-1133.00
[14:38:49.668] -1430.00,-1441.00,-1105.00
[14:38:49.707] -1445.00,-1407.00,-1105.00
[14:38:49.747] -1450.00,-1402.00,-1110.00
[14:38:49.787] -1473.00,-1365.00,-1066.00
[14:38:49.828] -1465.00,-1352.00,-1061.00
[14:38:49.868] -1450.00,-1367.00,-1061.00
[14:38:49.908] -1452.00,-1396.00,-1080.00
[14:38:49.947] -1411.00,-1423.00,-1102.00
[14:38:49.986] -1413.00,-1460.00,-1131.00
[14:38:50.027] -1340.00,-1550.00,-1131.00
[14:38:50.068] -1296.00,-1602.00,-1121.00
[14:38:50.108] -1276.00,-1652.00,-1143.00
[14:38:50.147] -1220.00,-1697.00,-1138.00
[14:38:50.187] -1181.00,-1750.00,-1175.00
[14:38:50.226] -1153.00,-1766.00,-1187.00
[14:38:50.269] -1046.00,-1876.00,-1187.00
[14:38:50.307] -936.00,-1973.00,-1185.00
[14:38:50.347] -836.00,-2030.00,-1172.00
[14:38:50.389] -643.00,-2146.00,-1172.00
[14:38:50.427] -475.00,-2193.00,-1190.00
[14:38:50.466] -296.00,-2251.00,-1151.00
[14:38:50.506] -63.00,-2277.00,-1100.00
[14:38:50.547] 150.00,-2291.00,-1041.00
[14:38:50.587] 442.00,-2220.00,-971.00
[14:38:50.626] 626.00,-2153.00,-986.00
[14:38:50.666] 792.00,-2027.00,-1058.00
[14:38:50.705] 871.00,-1985.00,-1087.00
[14:38:50.748] 1061.00,-1813.00,-1138.00
[14:38:50.787] 1173.00,-1666.00,-1157.00
[14:38:50.828] 1322.00,-1443.00,-1143.00
[14:38:50.867] 1371.00,-1260.00,-1155.00
[14:38:50.906] 1435.00,-1103.00,-1185.00
[14:38:50.946] 1457.00,-953.00,-1226.00
[14:38:50.988] 1432.00,-832.00,-1233.00
[14:38:51.027] 1452.00,-787.00,-1262.00
[14:38:51.066] 1462.00,-768.00,-1245.00
[14:38:51.106] 1465.00,-806.00,-1211.00
[14:38:51.147] 1476.00,-848.00,-1151.00
[14:38:51.188] 1483.00,-911.00,-1082.00
[14:38:51.227] 1481.00,-977.00,-973.00
[14:38:51.267] 1481.00,-1027.00,-821.00
[14:38:51.306] 1467.00,-1077.00,-692.00
[14:38:51.347] 1442.00,-1101.00,-536.00
[14:38:51.387] 1381.00,-1086.00,-362.00
[14:38:51.427] 1322.00,-1053.00,-190.00
[14:38:51.467] 1240.00,-1006.00,-17.00
[14:38:51.507] 1135.00,-901.00,148.00
[14:38:51.546] 990.00,-768.00,277.00
[14:38:51.586] 920.00,-666.00,357.00
[14:38:51.628] 856.00,-635.00,401.00
[14:38:51.667] 843.00,-632.00,401.00
[14:38:51.706] 792.00,-677.00,435.00
[14:38:51.746] 777.00,-680.00,468.00
[14:38:51.785] 805.00,-677.00,456.00
[14:38:51.828] 807.00,-668.00,450.00
[14:38:51.868] 818.00,-685.00,445.00
[14:38:51.907] 843.00,-677.00,420.00
[14:38:51.948] 856.00,-675.00,406.00
[14:38:51.986] 885.00,-701.00,396.00
[14:38:52.026] 880.00,-763.00,391.00
[14:38:52.068] 885.00,-787.00,398.00
[14:38:52.108] 882.00,-803.00,381.00
[14:38:52.146] 895.00,-813.00,371.00
[14:38:52.188] 900.00,-917.00,335.00
[14:38:52.226] 920.00,-1041.00,330.00
[14:38:52.268] 912.00,-1151.00,288.00
[14:38:52.308] 915.00,-1288.00,226.00
[14:38:52.348] 902.00,-1423.00,151.00
[14:38:52.386] 902.00,-1612.00,2.00
[14:38:52.427] 905.00,-1728.00,-120.00
[14:38:52.466] 895.00,-1866.00,-323.00
[14:38:52.508] 871.00,-1982.00,-607.00
[14:38:52.547] 858.00,-2013.00,-780.00
[14:38:52.587] 843.00,-2018.00,-1038.00
[14:38:52.626] 846.00,-2001.00,-1160.00
[14:38:52.665] 828.00,-1923.00,-1355.00
[14:38:52.709] 836.00,-1852.00,-1485.00
[14:38:52.748] 828.00,-1761.00,-1618.00
[14:38:52.788] 823.00,-1652.00,-1706.00
[14:38:52.826] 826.00,-1488.00,-1817.00
[14:38:52.866] 818.00,-1298.00,-1912.00
[14:38:52.907] 805.00,-1138.00,-1966.00
[14:38:52.948] 795.00,-1012.00,-1987.00
