# Serial Log - 2026-04-11T16:49:27.742250
# Port: COM24 @ 115200bps
#============================================================
[16:49:27.751] ,-1927.00
[16:49:27.791] -948.00,-316.00,-1932.00
[16:49:27.830] -978.00,-318.00,-1917.00
[16:49:27.872] -992.00,-326.00,-1891.00
[16:49:27.912] -987.00,-342.00,-1873.00
[16:49:27.952] -1007.00,-347.00,-1868.00
[16:49:27.991] -1022.00,-373.00,-1876.00
[16:49:28.030] -1015.00,-397.00,-1876.00
[16:49:28.072] -1017.00,-431.00,-1897.00
[16:49:28.111] -1005.00,-473.00,-1897.00
[16:49:28.150] -1000.00,-490.00,-1900.00
[16:49:28.190] -1022.00,-511.00,-1902.00
[16:49:28.232] -1022.00,-508.00,-1893.00
[16:49:28.270] -1051.00,-537.00,-1863.00
[16:49:28.312] -1056.00,-558.00,-1863.00
[16:49:28.351] -1112.00,-600.00,-1817.00
[16:49:28.392] -1130.00,-608.00,-1793.00
[16:49:28.431] -1135.00,-656.00,-1773.00
[16:49:28.471] -1163.00,-708.00,-1745.00
[16:49:28.512] -1198.00,-756.00,-1693.00
[16:49:28.552] -1215.00,-803.00,-1623.00
[16:49:28.591] -1312.00,-877.00,-1502.00
[16:49:28.631] -1340.00,-943.00,-1412.00
[16:49:28.671] -1355.00,-958.00,-1376.00
[16:49:28.710] -1340.00,-935.00,-1386.00
[16:49:28.752] -1317.00,-893.00,-1440.00
[16:49:28.791] -1286.00,-853.00,-1466.00
[16:49:28.831] -1281.00,-827.00,-1500.00
[16:49:28.873] -1266.00,-808.00,-1528.00
[16:49:28.912] -1237.00,-782.00,-1580.00
[16:49:28.952] -1225.00,-763.00,-1587.00
[16:49:28.991] -1222.00,-748.00,-1587.00
[16:49:29.030] -1215.00,-766.00,-1580.00
[16:49:29.072] -1225.00,-806.00,-1556.00
[16:49:29.112] -1250.00,-801.00,-1538.00
[16:49:29.151] -1215.00,-732.00,-1548.00
[16:49:29.189] -1205.00,-687.00,-1567.00
[16:49:29.232] -1198.00,-616.00,-1572.00
[16:49:29.271] -1181.00,-558.00,-1608.00
[16:49:29.311] -1153.00,-508.00,-1618.00
[16:49:29.350] -1153.00,-508.00,-1618.00
[16:49:29.390] -1063.00,-426.00,-1687.00
[16:49:29.432] -1005.00,-450.00,-1770.00
[16:49:29.472] -941.00,-466.00,-1842.00
[16:49:29.511] -912.00,-516.00,-1883.00
[16:49:29.551] -910.00,-590.00,-1893.00
[16:49:29.591] -915.00,-630.00,-1900.00
[16:49:29.631] -938.00,-708.00,-1886.00
[16:49:29.671] -931.00,-827.00,-1891.00
[16:49:29.710] -905.00,-993.00,-1920.00
[16:49:29.752] -746.00,-1286.00,-1938.00
[16:49:29.779] -618.00,-1510.00,-1938.00
[16:49:29.831] -506.00,-1645.00,-1922.00
[16:49:29.869] -222.00,-1892.00,-1871.00
[16:49:29.913] -22.00,-1921.00,-1863.00
[16:49:29.952] 145.00,-1895.00,-1878.00
[16:49:29.992] 267.00,-1878.00,-1878.00
[16:49:30.030] 288.00,-1887.00,-1871.00
[16:49:30.070] 267.00,-1861.00,-1891.00
[16:49:30.113] 203.00,-1871.00,-1925.00
[16:49:30.153] 163.00,-1866.00,-1907.00
[16:49:30.191] 155.00,-1882.00,-1902.00
[16:49:30.231] 193.00,-1908.00,-1891.00
[16:49:30.271] 150.00,-1895.00,-1863.00
[16:49:30.311] 117.00,-1913.00,-1845.00
[16:49:30.351] -42.00,-1940.00,-1830.00
[16:49:30.391] -342.00,-1953.00,-1708.00
[16:49:30.431] -531.00,-1958.00,-1570.00
[16:49:30.472] -657.00,-1982.00,-1322.00
[16:49:30.510] -738.00,-1987.00,-1041.00
[16:49:30.550] -782.00,-1980.00,-801.00
[16:49:30.590] -810.00,-1961.00,-582.00
[16:49:30.631] -743.00,-1950.00,-425.00
[16:49:30.672] -648.00,-1973.00,-262.00
[16:49:30.711] -465.00,-1987.00,-63.00
[16:49:30.750] -257.00,-1971.00,87.00
[16:49:30.790] -47.00,-1963.00,185.00
[16:49:30.830] 68.00,-1953.00,223.00
[16:49:30.872] 68.00,-1953.00,223.00
[16:49:30.911] 250.00,-1908.00,275.00
[16:49:30.950] 318.00,-1930.00,260.00
[16:49:30.991] 408.00,-1937.00,238.00
[16:49:31.019] 452.00,-1956.00,197.00
[16:49:31.070] 470.00,-1958.00,192.00
[16:49:31.110] 440.00,-1950.00,202.00
[16:49:31.151] 335.00,-1961.00,221.00
[16:49:31.192] 101.00,-1942.00,262.00
[16:49:31.230] -181.00,-1940.00,195.00
[16:49:31.270] -442.00,-1918.00,48.00
[16:49:31.311] -597.00,-1913.00,-87.00
[16:49:31.351] -753.00,-1908.00,-303.00
[16:49:31.391] -812.00,-1906.00,-415.00
[16:49:31.431] -897.00,-1890.00,-703.00
[16:49:31.470] -875.00,-1878.00,-915.00
[16:49:31.511] -863.00,-1861.00,-1087.00
[16:49:31.551] -797.00,-1868.00,-1211.00
[16:49:31.593] -726.00,-1885.00,-1327.00
[16:49:31.631] -621.00,-1902.00,-1451.00
[16:49:31.671] -477.00,-1926.00,-1517.00
[16:49:31.712] -357.00,-1953.00,-1613.00
[16:49:31.752] -201.00,-1940.00,-1711.00
[16:49:31.792] -76.00,-1923.00,-1757.00
[16:49:31.832] 40.00,-1900.00,-1791.00
[16:49:31.871] 81.00,-1902.00,-1835.00
[16:49:31.910] 220.00,-1890.00,-1825.00
[16:49:31.951] 296.00,-1897.00,-1830.00
[16:49:31.990] 421.00,-1897.00,-1801.00
[16:49:32.032] 503.00,-1895.00,-1776.00
[16:49:32.071] 567.00,-1906.00,-1750.00
[16:49:32.110] 631.00,-1932.00,-1716.00
[16:49:32.152] 667.00,-1926.00,-1685.00
[16:49:32.192] 670.00,-1953.00,-1682.00
[16:49:32.233] 672.00,-1945.00,-1675.00
[16:49:32.270] 672.00,-1940.00,-1696.00
[16:49:32.311] 670.00,-1913.00,-1711.00
[16:49:32.354] 697.00,-1876.00,-1750.00
[16:49:32.393] 697.00,-1876.00,-1750.00
[16:49:32.432] 743.00,-1856.00,-1757.00
[16:49:32.470] 795.00,-1856.00,-1701.00
[16:49:32.510] 843.00,-1835.00,-1687.00
[16:49:32.551] 875.00,-1861.00,-1687.00
[16:49:32.592] 895.00,-1858.00,-1650.00
[16:49:32.630] 925.00,-1900.00,-1575.00
[16:49:32.671] 951.00,-1897.00,-1541.00
[16:49:32.710] 987.00,-1885.00,-1526.00
[16:49:32.752] 1043.00,-1876.00,-1471.00
[16:49:32.791] 1140.00,-1863.00,-1355.00
[16:49:32.831] 1198.00,-1871.00,-1233.00
[16:49:32.872] 1252.00,-1921.00,-973.00
[16:49:32.911] 1256.00,-1935.00,-922.00
[16:49:32.951] 1183.00,-1985.00,-517.00
[16:49:32.991] 1110.00,-1973.00,-313.00
[16:49:33.031] 1005.00,-1977.00,-167.00
[16:49:33.071] 871.00,-1973.00,-35.00
[16:49:33.111] 805.00,-1977.00,7.00
[16:49:33.152] 728.00,-1953.00,87.00
[16:49:33.191] 665.00,-1897.00,185.00
[16:49:33.229] 572.00,-1866.00,272.00
[16:49:33.271] 401.00,-1837.00,335.00
[16:49:33.310] 206.00,-1842.00,335.00
[16:49:33.351] 7.00,-1866.00,298.00
[16:49:33.390] -150.00,-1885.00,243.00
[16:49:33.432] -288.00,-1868.00,195.00
[16:49:33.471] -391.00,-1852.00,180.00
[16:49:33.511] -450.00,-1813.00,175.00
[16:49:33.550] -467.00,-1781.00,200.00
[16:49:33.590] -457.00,-1787.00,208.00
[16:49:33.633] -445.00,-1811.00,180.00
[16:49:33.670] -403.00,-1823.00,180.00
[16:49:33.711] -340.00,-1852.00,211.00
[16:49:33.750] -216.00,-1885.00,241.00
[16:49:33.779] -10.00,-1871.00,288.00
[16:49:33.831] 222.00,-1887.00,306.00
[16:49:33.871] 413.00,-1897.00,275.00
[16:49:33.912] 585.00,-1918.00,213.00
[16:49:33.952] 765.00,-1950.00,87.00
[16:49:33.991] 910.00,-1992.00,-90.00
[16:49:34.030] 1046.00,-2018.00,-285.00
[16:49:34.071] 1110.00,-2032.00,-488.00
[16:49:34.110] 1112.00,-2056.00,-701.00
[16:49:34.151] 1078.00,-2082.00,-888.00
[16:49:34.191] 1012.00,-2098.00,-1051.00
[16:49:34.231] 941.00,-2113.00,-1192.00
[16:49:34.270] 792.00,-2116.00,-1345.00
[16:49:34.299] 680.00,-2090.00,-1458.00
[16:49:34.351] 590.00,-2087.00,-1536.00
[16:49:34.391] 550.00,-2053.00,-1595.00
[16:49:34.431] 518.00,-2047.00,-1616.00
[16:49:34.469] 440.00,-1973.00,-1708.00
[16:49:34.513] 428.00,-1982.00,-1728.00
[16:49:34.551] 416.00,-1956.00,-1770.00
[16:49:34.591] 396.00,-1887.00,-1808.00
[16:49:34.631] 360.00,-1850.00,-1850.00
[16:49:34.672] 276.00,-1858.00,-1845.00
[16:49:34.712] 168.00,-1882.00,-1806.00
[16:49:34.751] 115.00,-1892.00,-1815.00
[16:49:34.791] 56.00,-1890.00,-1793.00
[16:49:34.819] 27.00,-1930.00,-1752.00
[16:49:34.871] -25.00,-1966.00,-1698.00
[16:49:34.912] -47.00,-2003.00,-1672.00
[16:49:34.950] -115.00,-2016.00,-1662.00
[16:49:34.990] -145.00,-2008.00,-1638.00
[16:49:35.031] -240.00,-1961.00,-1662.00
[16:49:35.072] -323.00,-1900.00,-1680.00
[16:49:35.111] -401.00,-1818.00,-1716.00
[16:49:35.150] -470.00,-1745.00,-1737.00
[16:49:35.191] -501.00,-1707.00,-1760.00
[16:49:35.231] -526.00,-1716.00,-1742.00
[16:49:35.270] -511.00,-1726.00,-1713.00
[16:49:35.312] -516.00,-1778.00,-1680.00
[16:49:35.353] -526.00,-1818.00,-1638.00
[16:49:35.391] -611.00,-1795.00,-1605.00
[16:49:35.431] -680.00,-1790.00,-1551.00
[16:49:35.471] -833.00,-1745.00,-1420.00
[16:49:35.510] -922.00,-1723.00,-1281.00
[16:49:35.553] -1002.00,-1697.00,-1126.00
[16:49:35.592] -1010.00,-1705.00,-1002.00
[16:49:35.631] -978.00,-1785.00,-925.00
[16:49:35.671] -917.00,-1866.00,-845.00
[16:49:35.712] -875.00,-1895.00,-813.00
[16:49:35.751] -848.00,-1918.00,-842.00
[16:49:35.780] -848.00,-1932.00,-857.00
[16:49:35.831] -871.00,-1918.00,-868.00
[16:49:35.872] -902.00,-1878.00,-816.00
[16:49:35.911] -990.00,-1785.00,-811.00
[16:49:35.952] -990.00,-1785.00,-811.00
[16:49:35.991] -1178.00,-1478.00,-701.00
[16:49:36.032] -1278.00,-1193.00,-656.00
[16:49:36.071] -1337.00,-877.00,-660.00
[16:49:36.111] -1332.00,-571.00,-695.00
[16:49:36.151] -1256.00,-316.00,-703.00
[16:49:36.193] -1166.00,-57.00,-760.00
[16:49:36.232] -1061.00,128.00,-798.00
[16:49:36.271] -941.00,268.00,-813.00
[16:49:36.311] -853.00,337.00,-825.00
[16:49:36.351] -797.00,378.00,-821.00
[16:49:36.392] -767.00,402.00,-796.00
[16:49:36.430] -777.00,392.00,-786.00
[16:49:36.471] -815.00,381.00,-780.00
[16:49:36.509] -831.00,363.00,-775.00
[16:49:36.552] -831.00,347.00,-777.00
[16:49:36.591] -861.00,333.00,-770.00
[16:49:36.631] -915.00,276.00,-762.00
[16:49:36.670] -948.00,245.00,-747.00
[16:49:36.711] -1051.00,131.00,-703.00
[16:49:36.752] -1115.00,-2.00,-677.00
[16:49:36.791] -1217.00,-181.00,-651.00
[16:49:36.831] -1271.00,-376.00,-636.00
[16:49:36.871] -1315.00,-590.00,-648.00
[16:49:36.899] -1352.00,-803.00,-685.00
[16:49:36.951] -1347.00,-935.00,-711.00
[16:49:36.991] -1306.00,-1138.00,-757.00
[16:49:37.018] -1268.00,-1288.00,-811.00
[16:49:37.074] -1193.00,-1471.00,-910.00
[16:49:37.111] -1120.00,-1571.00,-958.00
[16:49:37.151] -1032.00,-1676.00,-1036.00
[16:49:37.191] -931.00,-1802.00,-1051.00
[16:49:37.231] -861.00,-1871.00,-1058.00
[16:49:37.272] -805.00,-1916.00,-1043.00
[16:49:37.311] -782.00,-1966.00,-1041.00
[16:49:37.352] -728.00,-1992.00,-1056.00
[16:49:37.389] -718.00,-2018.00,-1048.00
[16:49:37.432] -680.00,-2016.00,-1063.00
[16:49:37.471] -680.00,-2016.00,-1063.00
[16:49:37.511] -597.00,-2063.00,-1095.00
[16:49:37.550] -498.00,-2122.00,-1116.00
[16:49:37.592] -408.00,-2137.00,-1121.00
[16:49:37.631] -337.00,-2196.00,-1116.00
[16:49:37.671] -198.00,-2232.00,-1116.00
[16:49:37.711] -86.00,-2277.00,-1113.00
[16:49:37.752] 7.00,-2287.00,-1102.00
[16:49:37.791] 25.00,-2330.00,-1012.00
[16:49:37.831] 27.00,-2332.00,-850.00
[16:49:37.870] 76.00,-2351.00,-796.00
[16:49:37.910] 171.00,-2356.00,-752.00
[16:49:37.952] 330.00,-2365.00,-721.00
[16:49:37.991] 403.00,-2351.00,-742.00
[16:49:38.030] 641.00,-2282.00,-825.00
[16:49:38.070] 795.00,-2222.00,-860.00
[16:49:38.111] 948.00,-2158.00,-888.00
[16:49:38.151] 1076.00,-2068.00,-915.00
[16:49:38.190] 1163.00,-2006.00,-930.00
[16:49:38.230] 1220.00,-1942.00,-961.00
[16:49:38.270] 1263.00,-1906.00,-1000.00
[16:49:38.311] 1298.00,-1845.00,-1068.00
[16:49:38.351] 1325.00,-1802.00,-1105.00
[16:49:38.391] 1357.00,-1733.00,-1110.00
[16:49:38.430] 1342.00,-1705.00,-1126.00
[16:49:38.472] 1357.00,-1710.00,-1131.00
[16:49:38.511] 1340.00,-1683.00,-1146.00
[16:49:38.550] 1352.00,-1681.00,-1141.00
[16:49:38.590] 1381.00,-1676.00,-1133.00
[16:49:38.634] 1357.00,-1687.00,-1123.00
[16:49:38.671] 1345.00,-1723.00,-1118.00
[16:49:38.712] 1322.00,-1778.00,-1090.00
[16:49:38.751] 1245.00,-1871.00,-1063.00
[16:49:38.792] 1120.00,-1992.00,-1010.00
[16:49:38.832] 1005.00,-2101.00,-963.00
[16:49:38.871] 885.00,-2187.00,-888.00
[16:49:38.911] 738.00,-2253.00,-813.00
[16:49:38.951] 565.00,-2296.00,-750.00
[16:49:38.991] 388.00,-2353.00,-701.00
[16:49:39.031] 201.00,-2362.00,-656.00
[16:49:39.070] 7.00,-2332.00,-612.00
[16:49:39.110] -173.00,-2317.00,-580.00
[16:49:39.151] -345.00,-2237.00,-548.00
[16:49:39.191] -513.00,-2180.00,-520.00
[16:49:39.230] -623.00,-2111.00,-510.00
[16:49:39.270] -713.00,-2068.00,-536.00
[16:49:39.310] -790.00,-2006.00,-580.00
[16:49:39.351] -858.00,-1947.00,-626.00
[16:49:39.391] -946.00,-1876.00,-665.00
[16:49:39.432] -982.00,-1805.00,-682.00
[16:49:39.470] -1086.00,-1723.00,-697.00
[16:49:39.502] -1107.00,-1657.00,-677.00
[16:49:39.552] -1237.00,-1443.00,-660.00
[16:49:39.590] -1271.00,-1322.00,-677.00
[16:49:39.630] -1322.00,-1207.00,-706.00
[16:49:39.670] -1342.00,-1082.00,-757.00
[16:49:39.712] -1355.00,-1025.00,-821.00
[16:49:39.754] -1320.00,-953.00,-932.00
[16:49:39.790] -1263.00,-872.00,-1128.00
[16:49:39.831] -1191.00,-827.00,-1342.00
[16:49:39.872] -1066.00,-758.00,-1543.00
[16:49:39.911] -905.00,-711.00,-1718.00
[16:49:39.950] -731.00,-640.00,-1847.00
[16:49:39.991] -638.00,-618.00,-1925.00
[16:49:40.032] -367.00,-552.00,-2023.00
[16:49:40.071] -235.00,-506.00,-2058.00
[16:49:40.110] -117.00,-468.00,-2082.00
[16:49:40.150] -2.00,-442.00,-2097.00
[16:49:40.191] 106.00,-405.00,-2080.00
[16:49:40.232] 198.00,-313.00,-2058.00
[16:49:40.271] 293.00,-205.00,-2005.00
[16:49:40.312] 391.00,-138.00,-1963.00
[16:49:40.350] 487.00,-100.00,-1925.00
[16:49:40.392] 697.00,-73.00,-1852.00
[16:49:40.431] 868.00,-97.00,-1770.00
[16:49:40.470] 1073.00,-147.00,-1667.00
[16:49:40.510] 1217.00,-173.00,-1570.00
[16:49:40.549] 1350.00,-233.00,-1458.00
[16:49:40.591] 1452.00,-266.00,-1301.00
[16:49:40.631] 1562.00,-323.00,-1131.00
[16:49:40.671] 1611.00,-357.00,-1005.00
[16:49:40.710] 1672.00,-450.00,-786.00
[16:49:40.751] 1690.00,-516.00,-621.00
[16:49:40.792] 1682.00,-547.00,-463.00
[16:49:40.831] 1667.00,-597.00,-316.00
[16:49:40.871] 1642.00,-642.00,-213.00
[16:49:40.911] 1591.00,-658.00,-46.00
[16:49:40.951] 1508.00,-666.00,61.00
[16:49:40.991] 1447.00,-658.00,136.00
[16:49:41.031] 1430.00,-640.00,175.00
[16:49:41.070] 1263.00,-597.00,345.00
[16:49:41.111] 1178.00,-568.00,427.00
[16:49:41.150] 1063.00,-571.00,515.00
[16:49:41.191] 987.00,-603.00,577.00
[16:49:41.231] 907.00,-621.00,618.00
[16:49:41.272] 823.00,-663.00,648.00
[16:49:41.311] 770.00,-677.00,685.00
[16:49:41.351] 692.00,-716.00,695.00
[16:49:41.390] 626.00,-745.00,721.00
[16:49:41.417] 423.00,-790.00,765.00
[16:49:41.471] 91.00,-813.00,786.00
[16:49:41.511] -50.00,-798.00,765.00
[16:49:41.550] -465.00,-745.00,633.00
[16:49:41.590] -751.00,-680.00,483.00
[16:49:41.632] -978.00,-718.00,272.00
[16:49:41.673] -1142.00,-742.00,48.00
[16:49:41.712] -1252.00,-768.00,-182.00
[16:49:41.752] -1330.00,-766.00,-383.00
[16:49:41.791] -1340.00,-730.00,-558.00
[16:49:41.830] -1347.00,-718.00,-651.00
[16:49:41.871] -1355.00,-758.00,-692.00
[16:49:41.911] -1347.00,-843.00,-690.00
[16:49:41.949] -1350.00,-961.00,-701.00
[16:49:41.991] -1327.00,-1138.00,-690.00
[16:49:42.032] -1286.00,-1272.00,-708.00
[16:49:42.071] -1198.00,-1471.00,-701.00
[16:49:42.109] -1063.00,-1731.00,-701.00
[16:49:42.153] -858.00,-1932.00,-677.00
[16:49:42.191] -636.00,-2122.00,-706.00
[16:49:42.230] -413.00,-2237.00,-728.00
[16:49:42.272] -206.00,-2303.00,-760.00
[16:49:42.310] -22.00,-2338.00,-791.00
[16:49:42.351] 137.00,-2353.00,-827.00
[16:49:42.390] 288.00,-2351.00,-881.00
[16:49:42.429] 386.00,-2332.00,-888.00
[16:49:42.471] 462.00,-2332.00,-876.00
[16:49:42.511] 506.00,-2322.00,-860.00
[16:49:42.551] 506.00,-2322.00,-860.00
[16:49:42.591] 541.00,-2335.00,-765.00
[16:49:42.630] 541.00,-2322.00,-675.00
[16:49:42.672] 531.00,-2322.00,-590.00
[16:49:42.711] 518.00,-2327.00,-517.00
[16:49:42.752] 518.00,-2293.00,-408.00
[16:49:42.790] 580.00,-2270.00,-367.00
[16:49:42.831] 648.00,-2243.00,-311.00
[16:49:42.870] 705.00,-2216.00,-298.00
[16:49:42.910] 748.00,-2208.00,-265.00
[16:49:42.951] 765.00,-2190.00,-260.00
[16:49:42.978] 716.00,-2180.00,-216.00
[16:49:43.033] 697.00,-2175.00,-175.00
[16:49:43.070] 618.00,-2190.00,-138.00
[16:49:43.110] 496.00,-2156.00,-37.00
[16:49:43.152] 445.00,-2132.00,46.00
[16:49:43.191] 403.00,-2106.00,87.00
[16:49:43.231] 342.00,-2080.00,133.00
[16:49:43.271] 316.00,-2082.00,146.00
[16:49:43.311] 196.00,-2085.00,141.00
[16:49:43.350] 73.00,-2090.00,115.00
[16:49:43.391] -88.00,-2103.00,87.00
[16:49:43.432] -257.00,-2098.00,22.00
[16:49:43.471] -423.00,-2066.00,-35.00
[16:49:43.510] -543.00,-2051.00,-120.00
[16:49:43.552] -590.00,-2047.00,-170.00
[16:49:43.591] -685.00,-2030.00,-270.00
[16:49:43.631] -743.00,-2030.00,-393.00
[16:49:43.670] -782.00,-2032.00,-510.00
[16:49:43.712] -795.00,-2037.00,-665.00
[16:49:43.751] -785.00,-2045.00,-731.00
[16:49:43.790] -782.00,-2030.00,-775.00
[16:49:43.832] -782.00,-2040.00,-777.00
[16:49:43.870] -790.00,-2047.00,-762.00
[16:49:43.913] -767.00,-2032.00,-752.00
[16:49:43.951] -767.00,-2040.00,-721.00
[16:49:43.990] -741.00,-2063.00,-721.00
[16:49:44.030] -695.00,-2101.00,-780.00
[16:49:44.070] -695.00,-2101.00,-780.00
[16:49:44.112] -702.00,-2111.00,-907.00
[16:49:44.151] -665.00,-2066.00,-1010.00
[16:49:44.190] -655.00,-2071.00,-1072.00
[16:49:44.233] -606.00,-2082.00,-1105.00
[16:49:44.273] -550.00,-2108.00,-1128.00
[16:49:44.310] -482.00,-2161.00,-1151.00
[16:49:44.351] -360.00,-2185.00,-1141.00
[16:49:44.390] -188.00,-2253.00,-1097.00
[16:49:44.431] -47.00,-2317.00,-1056.00
[16:49:44.471] 47.00,-2320.00,-1033.00
[16:49:44.511] 93.00,-2320.00,-1031.00
[16:49:44.550] 117.00,-2332.00,-1063.00
[16:49:44.592] 122.00,-2341.00,-1066.00
[16:49:44.632] 142.00,-2322.00,-1090.00
[16:49:44.671] 178.00,-2325.00,-1102.00
[16:49:44.711] 257.00,-2325.00,-1113.00
[16:49:44.753] 350.00,-2317.00,-1095.00
[16:49:44.791] 467.00,-2296.00,-1102.00
[16:49:44.831] 511.00,-2296.00,-1100.00
[16:49:44.871] 575.00,-2275.00,-1107.00
[16:49:44.910] 587.00,-2272.00,-1146.00
[16:49:44.951] 580.00,-2258.00,-1160.00
[16:49:44.990] 516.00,-2280.00,-1128.00
[16:49:45.031] 377.00,-2315.00,-1072.00
[16:49:45.070] 232.00,-2338.00,-1038.00
[16:49:45.111] -61.00,-2332.00,-971.00
[16:49:45.151] -487.00,-2185.00,-912.00
[16:49:45.191] -823.00,-1958.00,-855.00
[16:49:45.230] -1105.00,-1678.00,-752.00
[16:49:45.271] -1258.00,-1317.00,-612.00
[16:49:45.312] -1352.00,-980.00,-486.00
[16:49:45.350] -1322.00,-550.00,-352.00
[16:49:45.390] -1227.00,-281.00,-301.00
[16:49:45.430] -997.00,110.00,-352.00
[16:49:45.473] -810.00,318.00,-432.00
[16:49:45.510] -616.00,485.00,-510.00
[16:49:45.550] -428.00,580.00,-538.00
[16:49:45.592] -372.00,597.00,-563.00
[16:49:45.631] -213.00,663.00,-566.00
[16:49:45.671] -173.00,656.00,-582.00
[16:49:45.711] -163.00,666.00,-615.00
[16:49:45.751] -142.00,675.00,-638.00
[16:49:45.790] -122.00,680.00,-667.00
[16:49:45.830] -98.00,682.00,-731.00
[16:49:45.871] -98.00,682.00,-813.00
[16:49:45.910] -91.00,675.00,-866.00
[16:49:45.950] -78.00,663.00,-857.00
[16:49:45.991] -86.00,687.00,-922.00
[16:49:46.031] -101.00,666.00,-937.00
[16:49:46.071] -37.00,671.00,-893.00
[16:49:46.110] -27.00,680.00,-878.00
[16:49:46.150] 73.00,695.00,-798.00
[16:49:46.176] 78.00,711.00,-791.00
[16:49:46.231] 88.00,697.00,-816.00
[16:49:46.272] 125.00,701.00,-816.00
[16:49:46.310] 117.00,703.00,-860.00
[16:49:46.350] 117.00,690.00,-866.00
[16:49:46.393] 137.00,692.00,-871.00
[16:49:46.432] 120.00,692.00,-896.00
[16:49:46.471] 120.00,680.00,-930.00
[16:49:46.510] 91.00,675.00,-945.00
[16:49:46.550] 98.00,658.00,-1025.00
[16:49:46.591] 78.00,635.00,-1090.00
[16:49:46.631] 63.00,632.00,-1105.00
[16:49:46.671] 35.00,616.00,-1133.00
[16:49:46.709] 5.00,603.00,-1138.00
[16:49:46.750] -12.00,623.00,-1102.00
[16:49:46.791] -15.00,613.00,-1105.00
[16:49:46.831] -40.00,623.00,-1066.00
[16:49:46.870] -83.00,635.00,-1036.00
[16:49:46.911] -125.00,645.00,-995.00
[16:49:46.952] -157.00,630.00,-966.00
[16:49:46.991] -211.00,647.00,-891.00
[16:49:47.030] -232.00,656.00,-827.00
[16:49:47.070] -250.00,661.00,-731.00
[16:49:47.111] -232.00,658.00,-628.00
[16:49:47.150] -232.00,658.00,-628.00
[16:49:47.191] -145.00,658.00,-398.00
[16:49:47.230] -47.00,606.00,-151.00
[16:49:47.269] 2.00,547.00,10.00
[16:49:47.312] 117.00,387.00,257.00
[16:49:47.351] 181.00,257.00,398.00
[16:49:47.392] 201.00,210.00,450.00
[16:49:47.430] 216.00,165.00,486.00
[16:49:47.473] 213.00,145.00,495.00
[16:49:47.512] 281.00,138.00,512.00
[16:49:47.550] 416.00,121.00,520.00
[16:49:47.590] 552.00,136.00,486.00
[16:49:47.631] 705.00,168.00,398.00
[16:49:47.670] 833.00,176.00,316.00
[16:49:47.710] 1030.00,238.00,90.00
[16:49:47.742] 1088.00,300.00,-53.00
[16:49:47.792] 1135.00,347.00,-185.00
[16:49:47.831] 1127.00,397.00,-288.00
[16:49:47.871] 1102.00,428.00,-386.00
[16:49:47.910] 1073.00,471.00,-476.00
[16:49:47.950] 1032.00,518.00,-607.00
[16:49:47.992] 995.00,532.00,-682.00
[16:49:48.030] 936.00,550.00,-775.00
[16:49:48.071] 907.00,558.00,-835.00
[16:49:48.110] 885.00,563.00,-927.00
[16:49:48.151] 882.00,547.00,-968.00
[16:49:48.191] 812.00,521.00,-1095.00
[16:49:48.231] 775.00,523.00,-1170.00
[16:49:48.270] 687.00,535.00,-1218.00
[16:49:48.310] 618.00,537.00,-1228.00
[16:49:48.351] 552.00,590.00,-1208.00
[16:49:48.390] 433.00,608.00,-1216.00
[16:49:48.430] 308.00,635.00,-1208.00
[16:49:48.471] 247.00,623.00,-1242.00
[16:49:48.511] 181.00,611.00,-1291.00
[16:49:48.551] 130.00,580.00,-1330.00
[16:49:48.591] 66.00,542.00,-1373.00
[16:49:48.630] -5.00,535.00,-1391.00
[16:49:48.672] -140.00,508.00,-1396.00
[16:49:48.711] -242.00,500.00,-1381.00
[16:49:48.751] -311.00,511.00,-1335.00
[16:49:48.791] -311.00,526.00,-1332.00
[16:49:48.830] -240.00,518.00,-1350.00
[16:49:48.872] -127.00,502.00,-1410.00
[16:49:48.910] 63.00,466.00,-1490.00
[16:49:48.950] 335.00,405.00,-1561.00
[16:49:48.990] 585.00,316.00,-1551.00
[16:49:49.030] 795.00,186.00,-1556.00
[16:49:49.071] 976.00,62.00,-1553.00
[16:49:49.110] 1102.00,-33.00,-1515.00
[16:49:49.152] 1225.00,-195.00,-1510.00
[16:49:49.190] 1258.00,-276.00,-1505.00
[16:49:49.231] 1317.00,-542.00,-1528.00
[16:49:49.272] 1325.00,-668.00,-1558.00
[16:49:49.311] 1306.00,-861.00,-1602.00
[16:49:49.349] 1245.00,-1030.00,-1641.00
[16:49:49.391] 1210.00,-1130.00,-1650.00
[16:49:49.431] 1168.00,-1203.00,-1665.00
[16:49:49.471] 1163.00,-1225.00,-1672.00
[16:49:49.511] 1151.00,-1207.00,-1701.00
[16:49:49.550] 1122.00,-1162.00,-1742.00
[16:49:49.591] 1041.00,-1048.00,-1808.00
[16:49:49.631] 943.00,-925.00,-1883.00
[16:49:49.669] 841.00,-840.00,-1963.00
[16:49:49.710] 651.00,-777.00,-2041.00
[16:49:49.750] 380.00,-756.00,-2097.00
[16:49:49.791] 163.00,-775.00,-2123.00
[16:49:49.830] -122.00,-792.00,-2095.00
[16:49:49.870] -273.00,-825.00,-2072.00
[16:49:49.910] -575.00,-875.00,-1968.00
[16:49:49.951] -792.00,-890.00,-1830.00
[16:49:49.991] -1010.00,-920.00,-1643.00
[16:49:50.031] -1183.00,-961.00,-1435.00
[16:49:50.070] -1281.00,-1006.00,-1180.00
[16:49:50.111] -1368.00,-1072.00,-903.00
[16:49:50.151] -1362.00,-1115.00,-597.00
[16:49:50.191] -1345.00,-1148.00,-463.00
[16:49:50.230] -1325.00,-1188.00,-303.00
[16:49:50.271] -1271.00,-1196.00,-148.00
[16:49:50.311] -1163.00,-1236.00,2.00
[16:49:50.351] -1117.00,-1251.00,76.00
[16:49:50.390] -1048.00,-1236.00,208.00
[16:49:50.429] -956.00,-1198.00,301.00
[16:49:50.471] -895.00,-1146.00,401.00
[16:49:50.511] -805.00,-1082.00,488.00
[16:49:50.551] -713.00,-1198.00,510.00
[16:49:50.590] -655.00,-1215.00,525.00
[16:49:50.633] -577.00,-1110.00,621.00
[16:49:50.671] -503.00,-1008.00,662.00
[16:49:50.713] -482.00,-1006.00,680.00
[16:49:50.751] -345.00,-911.00,745.00
[16:49:50.790] -171.00,-896.00,780.00
[16:49:50.830] 52.00,-863.00,818.00
[16:49:50.871] 345.00,-816.00,796.00
[16:49:50.911] 601.00,-837.00,750.00
[16:49:50.951] 838.00,-903.00,641.00
[16:49:50.990] 1051.00,-998.00,491.00
[16:49:51.032] 1258.00,-1058.00,280.00
[16:49:51.071] 1467.00,-1088.00,0.00
[16:49:51.110] 1608.00,-1080.00,-393.00
[16:49:51.150] 1652.00,-1035.00,-690.00
[16:49:51.192] 1598.00,-1001.00,-1012.00
[16:49:51.231] 1572.00,-961.00,-1162.00
[16:49:51.269] 1373.00,-906.00,-1478.00
[16:49:51.310] 1245.00,-858.00,-1687.00
[16:49:51.352] 1048.00,-820.00,-1822.00
[16:49:51.391] 887.00,-775.00,-1935.00
[16:49:51.431] 726.00,-701.00,-1995.00
[16:49:51.470] 552.00,-566.00,-2043.00
[16:49:51.510] 450.00,-482.00,-2065.00
[16:49:51.551] 321.00,-400.00,-2053.00
[16:49:51.591] 198.00,-337.00,-2065.00
[16:49:51.630] 117.00,-347.00,-2062.00
[16:49:51.670] 12.00,-340.00,-2051.00
[16:49:51.712] -91.00,-292.00,-2041.00
[16:49:51.751] -91.00,-292.00,-2041.00
[16:49:51.790] -260.00,-100.00,-1907.00
[16:49:51.830] -398.00,91.00,-1778.00
[16:49:51.872] -477.00,171.00,-1643.00
[16:49:51.911] -577.00,260.00,-1517.00
[16:49:51.949] -657.00,276.00,-1443.00
[16:49:51.991] -718.00,316.00,-1330.00
[16:49:52.033] -751.00,323.00,-1260.00
[16:49:52.071] -761.00,360.00,-1211.00
[16:49:52.111] -746.00,376.00,-1187.00
[16:49:52.149] -743.00,400.00,-1148.00
[16:49:52.190] -726.00,418.00,-1118.00
[16:49:52.232] -736.00,407.00,-1141.00
[16:49:52.270] -741.00,407.00,-1123.00
[16:49:52.311] -792.00,447.00,-873.00
[16:49:52.351] -797.00,482.00,-695.00
[16:49:52.390] -746.00,513.00,-502.00
[16:49:52.431] -651.00,540.00,-345.00
[16:49:52.470] -582.00,552.00,-197.00
[16:49:52.511] -570.00,535.00,-120.00
[16:49:52.550] -585.00,508.00,-105.00
[16:49:52.591] -587.00,508.00,-110.00
[16:49:52.631] -590.00,526.00,-126.00
[16:49:52.671] -587.00,547.00,-156.00
[16:49:52.710] -618.00,532.00,-187.00
[16:49:52.750] -626.00,545.00,-226.00
[16:49:52.791] -651.00,558.00,-298.00
[16:49:52.831] -682.00,542.00,-316.00
[16:49:52.870] -721.00,528.00,-335.00
[16:49:52.910] -765.00,485.00,-303.00
[16:49:52.952] -826.00,437.00,-293.00
[16:49:52.991] -875.00,418.00,-347.00
[16:49:53.031] -956.00,397.00,-512.00
[16:49:53.070] -946.00,397.00,-733.00
[16:49:53.110] -902.00,390.00,-935.00
[16:49:53.152] -851.00,357.00,-1138.00
[16:49:53.190] -792.00,290.00,-1330.00
[16:49:53.230] -780.00,250.00,-1402.00
[16:49:53.270] -818.00,223.00,-1412.00
[16:49:53.311] -851.00,231.00,-1393.00
[16:49:53.351] -895.00,181.00,-1425.00
[16:49:53.391] -941.00,155.00,-1463.00
[16:49:53.429] -920.00,141.00,-1476.00
[16:49:53.470] -907.00,20.00,-1592.00
[16:49:53.511] -823.00,-28.00,-1728.00
[16:49:53.550] -780.00,-186.00,-1852.00
[16:49:53.590] -772.00,-363.00,-1930.00
[16:49:53.631] -758.00,-642.00,-1995.00
[16:49:53.671] -738.00,-848.00,-2023.00
[16:49:53.711] -713.00,-1080.00,-2015.00
[16:49:53.751] -702.00,-1246.00,-1992.00
[16:49:53.791] -680.00,-1302.00,-1987.00
[16:49:53.831] -657.00,-1565.00,-1850.00
[16:49:53.871] -648.00,-1645.00,-1817.00
[16:49:53.911] -636.00,-1752.00,-1726.00
[16:49:53.950] -613.00,-1845.00,-1655.00
[16:49:53.990] -595.00,-1882.00,-1636.00
[16:49:54.031] -543.00,-1897.00,-1631.00
[16:49:54.071] -550.00,-1926.00,-1613.00
[16:49:54.111] -550.00,-1940.00,-1582.00
[16:49:54.149] -565.00,-1942.00,-1561.00
[16:49:54.192] -577.00,-1977.00,-1528.00
[16:49:54.232] -577.00,-1992.00,-1495.00
[16:49:54.270] -592.00,-1987.00,-1468.00
[16:49:54.310] -616.00,-2011.00,-1443.00
[16:49:54.350] -657.00,-2006.00,-1381.00
[16:49:54.391] -721.00,-1973.00,-1376.00
[16:49:54.430] -787.00,-1935.00,-1355.00
[16:49:54.471] -807.00,-1916.00,-1347.00
[16:49:54.512] -841.00,-1916.00,-1325.00
[16:49:54.550] -846.00,-1926.00,-1298.00
[16:49:54.592] -848.00,-1963.00,-1223.00
[16:49:54.632] -828.00,-1980.00,-1157.00
[16:49:54.670] -843.00,-1977.00,-1100.00
[16:49:54.710] -838.00,-1987.00,-1017.00
[16:49:54.751] -856.00,-1995.00,-876.00
[16:49:54.791] -856.00,-1980.00,-716.00
[16:49:54.831] -880.00,-1916.00,-466.00
[16:49:54.870] -948.00,-1845.00,-321.00
[16:49:54.914] -978.00,-1792.00,-228.00
[16:49:54.951] -982.00,-1766.00,-223.00
[16:49:54.991] -1015.00,-1778.00,-277.00
[16:49:55.030] -1051.00,-1766.00,-303.00
[16:49:55.073] -1086.00,-1723.00,-303.00
[16:49:55.110] -1115.00,-1683.00,-277.00
[16:49:55.151] -1140.00,-1640.00,-255.00
[16:49:55.192] -1181.00,-1588.00,-226.00
[16:49:55.230] -1178.00,-1557.00,-226.00
[16:49:55.271] -1173.00,-1565.00,-228.00
[16:49:55.310] -1173.00,-1533.00,-252.00
[16:49:55.351] -1230.00,-1447.00,-218.00
[16:49:55.391] -1250.00,-1405.00,-195.00
[16:49:55.432] -1245.00,-1386.00,-185.00
[16:49:55.472] -1245.00,-1367.00,-172.00
[16:49:55.511] -1252.00,-1307.00,-133.00
[16:49:55.550] -1250.00,-1270.00,-110.00
[16:49:55.590] -1237.00,-1188.00,-27.00
[16:49:55.631] -1222.00,-1122.00,2.00
[16:49:55.670] -1227.00,-1043.00,51.00
[16:49:55.710] -1205.00,-982.00,97.00
[16:49:55.751] -1196.00,-877.00,120.00
[16:49:55.792] -1207.00,-761.00,131.00
[16:49:55.831] -1198.00,-745.00,128.00
[16:49:55.858] -1196.00,-640.00,123.00
[16:49:55.911] -1191.00,-537.00,115.00
[16:49:55.950] -1205.00,-463.00,82.00
[16:49:55.990] -1215.00,-458.00,73.00
[16:49:56.031] -1227.00,-413.00,25.00
[16:49:56.070] -1225.00,-350.00,2.00
[16:49:56.110] -1240.00,-310.00,-25.00
[16:49:56.138] -1220.00,-247.00,-35.00
[16:49:56.191] -1210.00,-162.00,-56.00
[16:49:56.232] -1196.00,-93.00,-87.00
[16:49:56.271] -1125.00,33.00,-92.00
[16:49:56.310] -1120.00,91.00,-123.00
[16:49:56.351] -1110.00,107.00,-146.00
[16:49:56.391] -1130.00,112.00,-170.00
[16:49:56.432] -1115.00,152.00,-221.00
[16:49:56.469] -1088.00,197.00,-280.00
[16:49:56.510] -1083.00,250.00,-326.00
[16:49:56.551] -1081.00,255.00,-388.00
[16:49:56.590] -1076.00,318.00,-483.00
[16:49:56.631] -1053.00,347.00,-577.00
[16:49:56.669] -1015.00,387.00,-736.00
[16:49:56.711] -982.00,413.00,-862.00
[16:49:56.751] -978.00,390.00,-920.00
[16:49:56.791] -990.00,383.00,-1031.00
[16:49:56.830] -985.00,363.00,-1085.00
[16:49:56.872] -1020.00,260.00,-1211.00
[16:49:56.911] -1007.00,226.00,-1296.00
[16:49:56.951] -961.00,236.00,-1381.00
[16:49:56.990] -907.00,247.00,-1410.00
[16:49:57.030] -892.00,245.00,-1422.00
[16:49:57.071] -897.00,242.00,-1425.00
[16:49:57.110] -895.00,255.00,-1405.00
[16:49:57.151] -907.00,250.00,-1391.00
[16:49:57.189] -910.00,226.00,-1415.00
[16:49:57.230] -905.00,218.00,-1437.00
[16:49:57.271] -912.00,212.00,-1451.00
[16:49:57.311] -943.00,173.00,-1461.00
[16:49:57.351] -936.00,168.00,-1476.00
[16:49:57.389] -992.00,97.00,-1492.00
[16:49:57.431] -1002.00,76.00,-1502.00
[16:49:57.464] -1002.00,0.00,-1575.00
[16:49:57.510] -966.00,-67.00,-1670.00
[16:49:57.549] -938.00,-195.00,-1755.00
[16:49:57.591] -931.00,-371.00,-1868.00
[16:49:57.632] -912.00,-651.00,-1961.00
[16:49:57.672] -892.00,-893.00,-1953.00
[16:49:57.710] -868.00,-1103.00,-1935.00
[16:49:57.750] -866.00,-1278.00,-1893.00
[16:49:57.792] -851.00,-1460.00,-1817.00
[16:49:57.830] -858.00,-1571.00,-1767.00
[16:49:57.870] -838.00,-1687.00,-1698.00
[16:49:57.910] -807.00,-1773.00,-1636.00
[16:49:57.951] -807.00,-1835.00,-1582.00
[16:49:57.994] -805.00,-1866.00,-1526.00
[16:49:58.031] -828.00,-1863.00,-1505.00
[16:49:58.070] -856.00,-1866.00,-1468.00
[16:49:58.113] -885.00,-1863.00,-1443.00
[16:49:58.152] -915.00,-1840.00,-1448.00
[16:49:58.192] -933.00,-1808.00,-1456.00
[16:49:58.230] -976.00,-1766.00,-1473.00
[16:49:58.273] -1005.00,-1692.00,-1495.00
[16:49:58.312] -1043.00,-1533.00,-1611.00
[16:49:58.351] -1066.00,-1396.00,-1667.00
[16:49:58.391] -1092.00,-1191.00,-1747.00
[16:49:58.430] -1125.00,-917.00,-1773.00
[16:49:58.471] -1073.00,-656.00,-1806.00
[16:49:58.511] -1061.00,-411.00,-1791.00
[16:49:58.551] -992.00,-168.00,-1711.00
[16:49:58.589] -987.00,-73.00,-1670.00
[16:49:58.630] -973.00,28.00,-1590.00
[16:49:58.671] -966.00,102.00,-1531.00
[16:49:58.711] -953.00,162.00,-1476.00
[16:49:58.751] -941.00,183.00,-1437.00
[16:49:58.791] -936.00,207.00,-1427.00
[16:49:58.829] -938.00,238.00,-1373.00
[16:49:58.871] -941.00,245.00,-1363.00
[16:49:58.910] -978.00,238.00,-1303.00
[16:49:58.950] -990.00,260.00,-1288.00
[16:49:58.990] -1000.00,286.00,-1208.00
[16:49:59.031] -997.00,302.00,-1136.00
[16:49:59.070] -985.00,357.00,-1080.00
[16:49:59.109] -1007.00,383.00,-830.00
[16:49:59.150] -990.00,413.00,-626.00
[16:49:59.193] -948.00,413.00,-450.00
[16:49:59.230] -917.00,416.00,-391.00
[16:49:59.270] -863.00,440.00,-383.00
[16:49:59.309] -848.00,445.00,-347.00
[16:49:59.351] -858.00,402.00,-277.00
[16:49:59.391] -915.00,340.00,-208.00
[16:49:59.431] -997.00,186.00,-87.00
[16:49:59.469] -1068.00,33.00,-2.00
[16:49:59.510] -1135.00,-183.00,107.00
[16:49:59.551] -1142.00,-376.00,170.00
[16:49:59.591] -1130.00,-523.00,223.00
[16:49:59.630] -1102.00,-687.00,285.00
[16:49:59.669] -1071.00,-785.00,308.00
[16:49:59.710] -1035.00,-908.00,332.00
[16:49:59.752] -1010.00,-970.00,335.00
[16:49:59.791] -997.00,-1043.00,330.00
[16:49:59.829] -990.00,-1138.00,311.00
[16:49:59.870] -982.00,-1243.00,257.00
[16:49:59.911] -982.00,-1370.00,190.00
[16:49:59.952] -963.00,-1510.00,143.00
[16:49:59.991] -931.00,-1588.00,71.00
[16:50:00.030] -925.00,-1657.00,17.00
[16:50:00.070] -963.00,-1663.00,-27.00
[16:50:00.113] -978.00,-1660.00,-37.00
[16:50:00.151] -973.00,-1640.00,-48.00
[16:50:00.190] -987.00,-1636.00,-56.00
[16:50:00.230] -971.00,-1676.00,-63.00
[16:50:00.270] -968.00,-1692.00,-78.00
[16:50:00.311] -968.00,-1707.00,-112.00
[16:50:00.350] -953.00,-1718.00,-133.00
[16:50:00.390] -958.00,-1740.00,-141.00
[16:50:00.432] -953.00,-1766.00,-143.00
[16:50:00.471] -961.00,-1752.00,-151.00
[16:50:00.511] -995.00,-1757.00,-175.00
[16:50:00.550] -1000.00,-1763.00,-197.00
[16:50:00.590] -987.00,-1763.00,-236.00
[16:50:00.632] -992.00,-1792.00,-252.00
[16:50:00.671] -956.00,-1842.00,-282.00
[16:50:00.711] -943.00,-1863.00,-326.00
[16:50:00.749] -956.00,-1858.00,-332.00
[16:50:00.791] -992.00,-1823.00,-352.00
[16:50:00.831] -1002.00,-1805.00,-340.00
[16:50:00.871] -1030.00,-1785.00,-367.00
[16:50:00.909] -1032.00,-1805.00,-406.00
[16:50:00.949] -1015.00,-1842.00,-430.00
[16:50:00.991] -997.00,-1863.00,-412.00
[16:50:01.031] -958.00,-1858.00,-376.00
[16:50:01.071] -951.00,-1868.00,-337.00
[16:50:01.110] -948.00,-1858.00,-365.00
[16:50:01.153] -1015.00,-1842.00,-458.00
[16:50:01.191] -1076.00,-1816.00,-568.00
[16:50:01.231] -1112.00,-1781.00,-690.00
[16:50:01.271] -1146.00,-1747.00,-847.00
[16:50:01.310] -1148.00,-1697.00,-995.00
[16:50:01.351] -1130.00,-1695.00,-1095.00
[16:50:01.391] -1122.00,-1695.00,-1146.00
[16:50:01.430] -1122.00,-1695.00,-1146.00
[16:50:01.469] -1137.00,-1652.00,-1313.00
[16:50:01.511] -1110.00,-1602.00,-1430.00
[16:50:01.552] -1053.00,-1586.00,-1500.00
[16:50:01.590] -1056.00,-1571.00,-1536.00
[16:50:01.631] -1030.00,-1576.00,-1580.00
[16:50:01.670] -1035.00,-1557.00,-1595.00
[16:50:01.710] -1020.00,-1531.00,-1592.00
[16:50:01.750] -936.00,-1505.00,-1587.00
[16:50:01.790] -907.00,-1481.00,-1621.00
[16:50:01.830] -887.00,-1457.00,-1628.00
[16:50:01.871] -863.00,-1471.00,-1652.00
[16:50:01.911] -863.00,-1471.00,-1652.00
[16:50:01.950] -902.00,-1467.00,-1682.00
[16:50:01.991] -917.00,-1415.00,-1726.00
[16:50:02.030] -887.00,-1370.00,-1781.00
[16:50:02.070] -851.00,-1331.00,-1840.00
[16:50:02.110] -810.00,-1338.00,-1891.00
[16:50:02.151] -775.00,-1326.00,-1930.00
[16:50:02.191] -748.00,-1238.00,-1973.00
[16:50:02.232] -756.00,-1196.00,-1985.00
[16:50:02.271] -785.00,-1080.00,-1976.00
[16:50:02.311] -821.00,-985.00,-1976.00
[16:50:02.350] -851.00,-893.00,-1958.00
[16:50:02.392] -851.00,-792.00,-1951.00
[16:50:02.431] -863.00,-732.00,-1953.00
[16:50:02.471] -877.00,-528.00,-1897.00
[16:50:02.510] -868.00,-423.00,-1866.00
[16:50:02.553] -877.00,-368.00,-1840.00
[16:50:02.592] -875.00,-290.00,-1798.00
[16:50:02.617] -882.00,-236.00,-1781.00
[16:50:02.670] -880.00,-207.00,-1773.00
[16:50:02.710] -907.00,-186.00,-1716.00
[16:50:02.751] -938.00,-126.00,-1662.00
[16:50:02.790] -946.00,-86.00,-1605.00
[16:50:02.830] -958.00,-55.00,-1577.00
[16:50:02.871] -943.00,0.00,-1546.00
[16:50:02.911] -948.00,17.00,-1536.00
[16:50:02.951] -958.00,123.00,-1466.00
[16:50:02.991] -968.00,202.00,-1325.00
[16:50:03.031] -978.00,292.00,-1151.00
[16:50:03.070] -976.00,305.00,-1090.00
[16:50:03.112] -1010.00,283.00,-1041.00
[16:50:03.151] -1017.00,342.00,-878.00
[16:50:03.190] -1041.00,333.00,-680.00
[16:50:03.230] -1051.00,307.00,-500.00
[16:50:03.272] -1076.00,226.00,-360.00
[16:50:03.312] -1068.00,197.00,-288.00
[16:50:03.351] -1048.00,188.00,-216.00
[16:50:03.390] -1005.00,191.00,-172.00
[16:50:03.431] -978.00,205.00,-141.00
[16:50:03.471] -902.00,191.00,-22.00
[16:50:03.512] -856.00,197.00,17.00
[16:50:03.551] -833.00,212.00,43.00
[16:50:03.591] -833.00,210.00,43.00
[16:50:03.617] -831.00,181.00,66.00
[16:50:03.672] -821.00,155.00,92.00
[16:50:03.711] -868.00,93.00,115.00
[16:50:03.749] -897.00,70.00,117.00
[16:50:03.790] -910.00,55.00,97.00
[16:50:03.830] -951.00,43.00,73.00
[16:50:03.871] -956.00,36.00,61.00
[16:50:03.910] -1000.00,5.00,46.00
[16:50:03.950] -1022.00,-10.00,53.00
[16:50:03.991] -1056.00,-65.00,58.00
[16:50:04.030] -1056.00,-62.00,63.00
[16:50:04.071] -1076.00,-70.00,61.00
[16:50:04.110] -1081.00,-100.00,63.00
[16:50:04.152] -1078.00,-152.00,85.00
[16:50:04.191] -1083.00,-218.00,133.00
[16:50:04.230] -1086.00,-278.00,175.00
[16:50:04.270] -1066.00,-326.00,195.00
[16:50:04.311] -1051.00,-421.00,233.00
[16:50:04.352] -1043.00,-523.00,267.00
[16:50:04.391] -1038.00,-630.00,288.00
[16:50:04.430] -1038.00,-711.00,298.00
[16:50:04.471] -1027.00,-951.00,282.00
[16:50:04.498] -1027.00,-1203.00,200.00
[16:50:04.551] -1015.00,-1420.00,105.00
[16:50:04.590] -995.00,-1600.00,-35.00
[16:50:04.630] -992.00,-1742.00,-195.00
[16:50:04.672] -966.00,-1868.00,-357.00
[16:50:04.711] -922.00,-1971.00,-566.00
[16:50:04.751] -877.00,-2011.00,-685.00
[16:50:04.790] -818.00,-2045.00,-845.00
[16:50:04.831] -785.00,-2080.00,-968.00
[16:50:04.872] -743.00,-2066.00,-1068.00
[16:50:04.910] -721.00,-2082.00,-1141.00
[16:50:04.951] -713.00,-2075.00,-1180.00
[16:50:04.989] -670.00,-2061.00,-1265.00
[16:50:05.032] -670.00,-2063.00,-1320.00
[16:50:05.070] -651.00,-2042.00,-1357.00
[16:50:05.111] -608.00,-2037.00,-1376.00
[16:50:05.151] -613.00,-2030.00,-1420.00
[16:50:05.191] -601.00,-2008.00,-1471.00
[16:50:05.231] -603.00,-1992.00,-1507.00
[16:50:05.257] -543.00,-1973.00,-1563.00
[16:50:05.311] -462.00,-1966.00,-1636.00
[16:50:05.349] -380.00,-1971.00,-1670.00
[16:50:05.391] -332.00,-1980.00,-1677.00
[16:50:05.432] -267.00,-1990.00,-1706.00
[16:50:05.471] -270.00,-1990.00,-1696.00
[16:50:05.511] -245.00,-1985.00,-1718.00
[16:50:05.549] -196.00,-1971.00,-1726.00
[16:50:05.591] -193.00,-1980.00,-1728.00
[16:50:05.630] -188.00,-1990.00,-1691.00
[16:50:05.670] -211.00,-2013.00,-1691.00
[16:50:05.712] -176.00,-1966.00,-1726.00
[16:50:05.751] -157.00,-1942.00,-1767.00
[16:50:05.791] -137.00,-1908.00,-1806.00
[16:50:05.830] -137.00,-1861.00,-1863.00
[16:50:05.869] -140.00,-1797.00,-1917.00
[16:50:05.911] -86.00,-1750.00,-1951.00
[16:50:05.952] -27.00,-1750.00,-1990.00
[16:50:05.979] 42.00,-1747.00,-1985.00
[16:50:06.030] 178.00,-1766.00,-1956.00
[16:50:06.072] 281.00,-1800.00,-1922.00
[16:50:06.112] 431.00,-1795.00,-1881.00
[16:50:06.151] 557.00,-1818.00,-1825.00
[16:50:06.190] 723.00,-1778.00,-1767.00
[16:50:06.230] 871.00,-1663.00,-1735.00
[16:50:06.271] 1010.00,-1583.00,-1682.00
[16:50:06.312] 1130.00,-1473.00,-1608.00
[16:50:06.349] 1242.00,-1302.00,-1577.00
[16:50:06.390] 1298.00,-1201.00,-1553.00
[16:50:06.431] 1332.00,-1101.00,-1512.00
[16:50:06.471] 1360.00,-1012.00,-1512.00
[16:50:06.510] 1360.00,-1012.00,-1512.00
[16:50:06.549] 1312.00,-875.00,-1580.00
[16:50:06.590] 1258.00,-775.00,-1682.00
[16:50:06.631] 1168.00,-651.00,-1737.00
[16:50:06.670] 1097.00,-478.00,-1765.00
[16:50:06.710] 1025.00,-331.00,-1788.00
[16:50:06.750] 907.00,-205.00,-1811.00
[16:50:06.779] 765.00,-50.00,-1840.00
[16:50:06.831] 557.00,97.00,-1845.00
[16:50:06.870] 276.00,262.00,-1808.00
[16:50:06.910] -127.00,405.00,-1682.00
[16:50:06.951] -377.00,442.00,-1575.00
[16:50:06.992] -521.00,437.00,-1500.00
[16:50:07.029] -836.00,418.00,-1218.00
[16:50:07.070] -995.00,373.00,-995.00
[16:50:07.109] -1046.00,360.00,-878.00
[16:50:07.152] -1056.00,381.00,-695.00
[16:50:07.190] -1015.00,426.00,-543.00
[16:50:07.231] -920.00,478.00,-422.00
[16:50:07.270] -833.00,511.00,-311.00
[16:50:07.312] -792.00,455.00,-187.00
[16:50:07.352] -800.00,373.00,-87.00
[16:50:07.392] -853.00,268.00,-51.00
[16:50:07.430] -953.00,162.00,-82.00
[16:50:07.470] -1073.00,28.00,-138.00
[16:50:07.511] -1156.00,-57.00,-192.00
[16:50:07.550] -1327.00,-276.00,-383.00
[16:50:07.590] -1437.00,-497.00,-561.00
[16:50:07.632] -1486.00,-853.00,-827.00
[16:50:07.671] -1435.00,-1188.00,-1012.00
[16:50:07.710] -1266.00,-1483.00,-1211.00
[16:50:07.752] -997.00,-1761.00,-1425.00
[16:50:07.790] -795.00,-1887.00,-1515.00
[16:50:07.830] -531.00,-1987.00,-1587.00
[16:50:07.871] -225.00,-2051.00,-1677.00
[16:50:07.911] 22.00,-2047.00,-1732.00
[16:50:07.950] 293.00,-1990.00,-1778.00
[16:50:07.990] 536.00,-1892.00,-1817.00
[16:50:08.031] 933.00,-1642.00,-1803.00
[16:50:08.071] 1135.00,-1431.00,-1740.00
[16:50:08.110] 1432.00,-993.00,-1507.00
[16:50:08.150] 1547.00,-695.00,-1211.00
[16:50:08.192] 1555.00,-471.00,-868.00
[16:50:08.231] 1445.00,-347.00,-468.00
[16:50:08.271] 1337.00,-278.00,-236.00
[16:50:08.311] 1247.00,-176.00,-133.00
[16:50:08.350] 1020.00,88.00,-20.00
[16:50:08.391] 772.00,310.00,-17.00
[16:50:08.431] 521.00,490.00,-68.00
[16:50:08.470] 216.00,666.00,-243.00
[16:50:08.510] 147.00,680.00,-306.00
[16:50:08.552] -245.00,725.00,-612.00
[16:50:08.591] -498.00,677.00,-801.00
[16:50:08.631] -731.00,556.00,-927.00
[16:50:08.670] -992.00,378.00,-971.00
[16:50:08.710] -1252.00,136.00,-845.00
[16:50:08.751] -1355.00,2.00,-675.00
[16:50:08.792] -1391.00,-173.00,-415.00
[16:50:08.830] -1357.00,-323.00,-63.00
[16:50:08.870] -1252.00,-418.00,148.00
[16:50:08.911] -1122.00,-431.00,285.00
[16:50:08.951] -1030.00,-392.00,347.00
[16:50:08.991] -938.00,-323.00,337.00
[16:50:09.018] -946.00,-321.00,311.00
[16:50:09.072] -973.00,-283.00,208.00
[16:50:09.110] -1038.00,-257.00,105.00
[16:50:09.151] -1122.00,-266.00,2.00
[16:50:09.189] -1232.00,-383.00,-126.00
[16:50:09.229] -1352.00,-563.00,-282.00
[16:50:09.271] -1427.00,-856.00,-510.00
[16:50:09.310] -1425.00,-1153.00,-723.00
[16:50:09.351] -1335.00,-1436.00,-958.00
[16:50:09.389] -1161.00,-1650.00,-1180.00
[16:50:09.431] -880.00,-1852.00,-1440.00
[16:50:09.472] -667.00,-1935.00,-1553.00
[16:50:09.511] -450.00,-2008.00,-1631.00
[16:50:09.550] -103.00,-2051.00,-1701.00
[16:50:09.591] 150.00,-2035.00,-1773.00
[16:50:09.631] 450.00,-1937.00,-1825.00
[16:50:09.670] 787.00,-1745.00,-1830.00
[16:50:09.711] 1148.00,-1447.00,-1740.00
[16:50:09.750] 1478.00,-965.00,-1432.00
[16:50:09.791] 1577.00,-621.00,-1031.00
[16:50:09.832] 1516.00,-426.00,-660.00
[16:50:09.870] 1383.00,-286.00,-362.00
[16:50:09.910] 1232.00,-121.00,-197.00
[16:50:09.950] 1041.00,36.00,-61.00
[16:50:09.991] 751.00,276.00,-5.00
[16:50:10.031] 687.00,340.00,-2.00
[16:50:10.070] 122.00,540.00,-41.00
[16:50:10.110] -267.00,582.00,-136.00
[16:50:10.151] -587.00,532.00,-267.00
[16:50:10.191] -836.00,452.00,-437.00
[16:50:10.230] -1071.00,290.00,-602.00
[16:50:10.269] -1212.00,121.00,-670.00
[16:50:10.311] -1340.00,-52.00,-670.00
[16:50:10.351] -1411.00,-250.00,-543.00
[16:50:10.379] -1420.00,-333.00,-391.00
[16:50:10.429] -1371.00,-397.00,-143.00
[16:50:10.471] -1250.00,-445.00,92.00
[16:50:10.512] -1071.00,-497.00,298.00
[16:50:10.551] -1020.00,-506.00,350.00
[16:50:10.590] -856.00,-455.00,415.00
[16:50:10.630] -772.00,-342.00,381.00
[16:50:10.671] -810.00,-328.00,347.00
[16:50:10.710] -902.00,-363.00,280.00
[16:50:10.750] -1000.00,-426.00,187.00
[16:50:10.789] -1127.00,-506.00,68.00
[16:50:10.831] -1306.00,-697.00,-143.00
[16:50:10.871] -1388.00,-866.00,-303.00
[16:50:10.909] -1435.00,-1125.00,-587.00
[16:50:10.950] -1396.00,-1326.00,-806.00
[16:50:10.989] -1325.00,-1460.00,-1005.00
[16:50:11.030] -1281.00,-1533.00,-1110.00
[16:50:11.071] -1127.00,-1678.00,-1313.00
[16:50:11.110] -897.00,-1808.00,-1512.00
[16:50:11.150] -665.00,-1866.00,-1703.00
[16:50:11.191] -352.00,-1842.00,-1878.00
[16:50:11.232] -7.00,-1747.00,-2041.00
[16:50:11.272] 340.00,-1571.00,-2141.00
[16:50:11.310] 770.00,-1238.00,-2167.00
[16:50:11.349] 1020.00,-993.00,-2090.00
[16:50:11.391] 1320.00,-547.00,-1817.00
[16:50:11.430] 1398.00,-218.00,-1528.00
[16:50:11.470] 1355.00,33.00,-1233.00
[16:50:11.509] 1247.00,233.00,-958.00
[16:50:11.551] 1061.00,395.00,-780.00
[16:50:11.590] 890.00,511.00,-713.00
[16:50:11.630] 533.00,675.00,-726.00
[16:50:11.670] 203.00,742.00,-827.00
[16:50:11.709] -157.00,730.00,-958.00
[16:50:11.751] -511.00,621.00,-1107.00
[16:50:11.790] -887.00,355.00,-1245.00
[16:50:11.829] -1110.00,110.00,-1262.00
[16:50:11.870] -1320.00,-157.00,-1170.00
[16:50:11.913] -1470.00,-426.00,-997.00
[16:50:11.951] -1511.00,-603.00,-728.00
[16:50:11.991] -1501.00,-725.00,-505.00
[16:50:12.030] -1362.00,-808.00,-115.00
[16:50:12.068] -1335.00,-811.00,-46.00
[16:50:12.111] -1053.00,-808.00,275.00
[16:50:12.150] -902.00,-687.00,378.00
[16:50:12.190] -810.00,-526.00,383.00
[16:50:12.229] -785.00,-366.00,337.00
[16:50:12.270] -838.00,-257.00,236.00
[16:50:12.310] -917.00,-260.00,177.00
[16:50:12.349] -1097.00,-407.00,46.00
[16:50:12.391] -1215.00,-585.00,-68.00
[16:50:12.431] -1325.00,-813.00,-218.00
[16:50:12.471] -1371.00,-1053.00,-437.00
[16:50:12.511] -1360.00,-1357.00,-721.00
[16:50:12.551] -1310.00,-1465.00,-878.00
[16:50:12.590] -1183.00,-1645.00,-1113.00
[16:50:12.631] -928.00,-1800.00,-1412.00
[16:50:12.671] -711.00,-1835.00,-1636.00
[16:50:12.710] -367.00,-1797.00,-1891.00
[16:50:12.750] -40.00,-1636.00,-2065.00
[16:50:12.792] 203.00,-1455.00,-2155.00
[16:50:12.831] 608.00,-1008.00,-2191.00
[16:50:12.870] 828.00,-566.00,-2097.00
[16:50:12.911] 875.00,-157.00,-1961.00
[16:50:12.950] 753.00,233.00,-1773.00
[16:50:12.992] 550.00,550.00,-1558.00
[16:50:13.030] 313.00,718.00,-1306.00
[16:50:13.070] 22.00,775.00,-1170.00
[16:50:13.112] -227.00,732.00,-1172.00
[16:50:13.151] -460.00,645.00,-1208.00
[16:50:13.189] -707.00,461.00,-1350.00
[16:50:13.229] -797.00,345.00,-1443.00
[16:50:13.270] -938.00,160.00,-1515.00
[16:50:13.311] -1122.00,-155.00,-1587.00
[16:50:13.350] -1271.00,-482.00,-1551.00
[16:50:13.390] -1381.00,-825.00,-1420.00
[16:50:13.430] -1437.00,-1127.00,-1105.00
[16:50:13.461] -1396.00,-1383.00,-716.00
[16:50:13.511] -1296.00,-1507.00,-422.00
[16:50:13.551] -1005.00,-1621.00,-20.00
[16:50:13.590] -928.00,-1621.00,43.00
[16:50:13.630] -472.00,-1460.00,415.00
[16:50:13.670] -191.00,-1201.00,571.00
[16:50:13.712] -20.00,-1003.00,621.00
[16:50:13.750] 91.00,-825.00,623.00
[16:50:13.790] 110.00,-632.00,621.00
[16:50:13.816] 20.00,-411.00,592.00
[16:50:13.871] -237.00,-262.00,505.00
[16:50:13.910] -672.00,-202.00,313.00
[16:50:13.949] -966.00,-262.00,126.00
[16:50:13.993] -1237.00,-378.00,-172.00
[16:50:14.031] -1411.00,-595.00,-607.00
[16:50:14.071] -1460.00,-697.00,-793.00
[16:50:14.110] -1420.00,-877.00,-1123.00
[16:50:14.150] -1266.00,-1043.00,-1471.00
[16:50:14.190] -1105.00,-1106.00,-1672.00
[16:50:14.231] -861.00,-1098.00,-1920.00
[16:50:14.270] -597.00,-985.00,-2090.00
[16:50:14.309] -283.00,-732.00,-2191.00
[16:50:14.349] 20.00,-387.00,-2152.00
[16:50:14.391] 213.00,-93.00,-2053.00
[16:50:14.431] 273.00,110.00,-1941.00
[16:50:14.470] 196.00,413.00,-1737.00
[16:50:14.510] 45.00,573.00,-1570.00
[16:50:14.551] -176.00,645.00,-1453.00
[16:50:14.590] -362.00,627.00,-1415.00
[16:50:14.630] -562.00,521.00,-1440.00
[16:50:14.671] -675.00,392.00,-1515.00
[16:50:14.711] -785.00,181.00,-1667.00
[16:50:14.751] -877.00,-43.00,-1755.00
[16:50:14.789] -931.00,-292.00,-1820.00
[16:50:14.829] -1051.00,-613.00,-1825.00
[16:50:14.872] -1153.00,-1008.00,-1696.00
[16:50:14.911] -1178.00,-1243.00,-1570.00
[16:50:14.938] -1125.00,-1612.00,-1275.00
[16:50:14.991] -1048.00,-1832.00,-1005.00
[16:50:15.029] -885.00,-1966.00,-716.00
[16:50:15.070] -718.00,-2021.00,-461.00
[16:50:15.110] -646.00,-2030.00,-371.00
[16:50:15.150] -58.00,-1885.00,148.00
[16:50:15.191] 183.00,-1681.00,330.00
[16:50:15.229] 360.00,-1410.00,453.00
[16:50:15.271] 485.00,-1080.00,546.00
[16:50:15.311] 526.00,-701.00,558.00
[16:50:15.349] 365.00,-281.00,530.00
[16:50:15.388] 176.00,-102.00,468.00
[16:50:15.431] -288.00,33.00,332.00
[16:50:15.470] -648.00,0.00,185.00
[16:50:15.510] -887.00,-73.00,41.00
[16:50:15.550] -1198.00,-223.00,-265.00
[16:50:15.590] -1298.00,-268.00,-445.00
[16:50:15.631] -1391.00,-407.00,-765.00
[16:50:15.670] -1335.00,-495.00,-1185.00
[16:50:15.718] -1237.00,-532.00,-1432.00
[16:50:15.750] -1122.00,-547.00,-1600.00
[16:50:15.791] -995.00,-532.00,-1737.00
[16:50:15.830] -812.00,-450.00,-1837.00
[16:50:15.870] -743.00,-387.00,-1900.00
[16:50:15.909] -575.00,-236.00,-1915.00
[16:50:15.951] -487.00,-57.00,-1878.00
[16:50:15.991] -475.00,141.00,-1757.00
[16:50:16.031] -597.00,233.00,-1638.00
[16:50:16.070] -723.00,212.00,-1582.00
[16:50:16.110] -880.00,145.00,-1546.00
[16:50:16.150] -1053.00,-38.00,-1528.00
[16:50:16.191] -1156.00,-276.00,-1561.00
[16:50:16.230] -1245.00,-573.00,-1580.00
[16:50:16.270] -1266.00,-880.00,-1538.00
[16:50:16.311] -1250.00,-1201.00,-1420.00
[16:50:16.351] -1168.00,-1621.00,-1128.00
[16:50:16.390] -997.00,-1868.00,-852.00
[16:50:16.430] -765.00,-2021.00,-641.00
[16:50:16.468] -472.00,-2101.00,-481.00
[16:50:16.511] -155.00,-2163.00,-371.00
[16:50:16.550] 247.00,-2101.00,-247.00
[16:50:16.590] 470.00,-2006.00,-158.00
[16:50:16.630] 470.00,-2006.00,-158.00
[16:50:16.670] 868.00,-1531.00,112.00
[16:50:16.710] 995.00,-1233.00,213.00
[16:50:16.749] 1027.00,-896.00,288.00
[16:50:16.791] 931.00,-550.00,332.00
[16:50:16.829] 675.00,-126.00,342.00
[16:50:16.870] 380.00,133.00,265.00
[16:50:16.910] 71.00,352.00,136.00
[16:50:16.950] -281.00,440.00,-58.00
[16:50:16.988] -603.00,428.00,-313.00
[16:50:17.030] -787.00,373.00,-553.00
[16:50:17.070] -925.00,238.00,-932.00
[16:50:17.110] -925.00,191.00,-1087.00
[16:50:17.150] -875.00,55.00,-1415.00
[16:50:17.182] -787.00,0.00,-1585.00
[16:50:17.230] -728.00,-12.00,-1660.00
[16:50:17.270] -646.00,-36.00,-1750.00
[16:50:17.310] -626.00,-22.00,-1757.00
[16:50:17.351] -606.00,5.00,-1752.00
[16:50:17.400] -636.00,57.00,-1693.00
[16:50:17.418] -705.00,162.00,-1543.00
[16:50:17.471] -775.00,221.00,-1435.00
[16:50:17.509] -928.00,181.00,-1330.00
[16:50:17.550] -1112.00,60.00,-1240.00
[16:50:17.590] -1230.00,-110.00,-1252.00
[16:50:17.630] -1291.00,-233.00,-1278.00
[16:50:17.670] -1342.00,-621.00,-1410.00
[16:50:17.708] -1296.00,-843.00,-1497.00
[16:50:17.751] -1215.00,-1191.00,-1561.00
[16:50:17.790] -1107.00,-1438.00,-1522.00
[16:50:17.830] -990.00,-1668.00,-1430.00
[16:50:17.870] -861.00,-1902.00,-1252.00
[16:50:17.910] -633.00,-2095.00,-917.00
[16:50:17.950] -423.00,-2182.00,-618.00
[16:50:17.977] -260.00,-2175.00,-447.00
[16:50:18.030] 50.00,-2111.00,-192.00
[16:50:18.071] 340.00,-1995.00,-37.00
[16:50:18.110] 580.00,-1850.00,61.00
[16:50:18.150] 580.00,-1850.00,61.00
[16:50:18.189] 1083.00,-1246.00,110.00
[16:50:18.229] 1196.00,-951.00,35.00
[16:50:18.270] 1256.00,-621.00,-90.00
[16:50:18.312] 1247.00,-381.00,-172.00
[16:50:18.351] 1176.00,-131.00,-231.00
[16:50:18.389] 1068.00,110.00,-267.00
[16:50:18.431] 790.00,418.00,-378.00
[16:50:18.471] 496.00,600.00,-435.00
[16:50:18.510] 216.00,687.00,-527.00
[16:50:18.549] -63.00,682.00,-641.00
[16:50:18.591] -222.00,677.00,-765.00
[16:50:18.631] -327.00,658.00,-873.00
[16:50:18.671] -433.00,582.00,-1066.00
[16:50:18.710] -421.00,561.00,-1155.00
[16:50:18.750] -377.00,537.00,-1192.00
[16:50:18.791] -337.00,545.00,-1177.00
[16:50:18.830] -330.00,566.00,-1118.00
[16:50:18.870] -327.00,611.00,-930.00
[16:50:18.909] -357.00,642.00,-708.00
[16:50:18.950] -455.00,616.00,-466.00
[16:50:18.990] -557.00,513.00,-195.00
[16:50:19.031] -697.00,323.00,-25.00
[16:50:19.070] -810.00,191.00,27.00
[16:50:19.109] -902.00,60.00,-7.00
[16:50:19.150] -958.00,7.00,-27.00
[16:50:19.190] -1097.00,-88.00,-165.00
[16:50:19.230] -1186.00,-155.00,-303.00
[16:50:19.270] -1291.00,-273.00,-437.00
[16:50:19.310] -1373.00,-471.00,-568.00
[16:50:19.350] -1427.00,-753.00,-670.00
[16:50:19.391] -1406.00,-1075.00,-721.00
[16:50:19.429] -1291.00,-1457.00,-713.00
[16:50:19.469] -1107.00,-1707.00,-697.00
[16:50:19.511] -920.00,-1876.00,-618.00
[16:50:19.551] -692.00,-1985.00,-468.00
[16:50:19.590] -472.00,-2025.00,-243.00
[16:50:19.630] -191.00,-1963.00,-37.00
[16:50:19.670] 103.00,-1850.00,165.00
[16:50:19.711] 398.00,-1683.00,301.00
[16:50:19.750] 711.00,-1378.00,340.00
[16:50:19.790] 973.00,-1067.00,282.00
[16:50:19.829] 1176.00,-758.00,112.00
[16:50:19.871] 1283.00,-442.00,-82.00
[16:50:19.911] 1278.00,-110.00,-342.00
[16:50:19.950] 1186.00,107.00,-502.00
[16:50:19.991] 1035.00,326.00,-660.00
[16:50:20.031] 795.00,547.00,-813.00
[16:50:20.070] 508.00,656.00,-1007.00
[16:50:20.109] 208.00,677.00,-1203.00
[16:50:20.150] 115.00,651.00,-1303.00
[16:50:20.188] -12.00,535.00,-1485.00
[16:50:20.230] -45.00,435.00,-1621.00
[16:50:20.270] 22.00,357.00,-1711.00
[16:50:20.310] 163.00,318.00,-1745.00
[16:50:20.351] 335.00,328.00,-1680.00
[16:50:20.390] 440.00,378.00,-1563.00
[16:50:20.431] 511.00,445.00,-1430.00
[16:50:20.469] 533.00,521.00,-1255.00
[16:50:20.510] 526.00,600.00,-932.00
[16:50:20.536] 498.00,618.00,-692.00
[16:50:20.592] 437.00,576.00,-326.00
[16:50:20.631] 311.00,310.00,105.00
[16:50:20.670] 281.00,228.00,195.00
[16:50:20.709] 181.00,-202.00,442.00
[16:50:20.751] 178.00,-411.00,502.00
[16:50:20.790] 188.00,-521.00,543.00
[16:50:20.829] 173.00,-566.00,573.00
[16:50:20.871] 127.00,-603.00,600.00
[16:50:20.911] 50.00,-675.00,621.00
[16:50:20.950] -42.00,-748.00,651.00
[16:50:20.990] -171.00,-822.00,646.00
[16:50:21.031] -293.00,-887.00,636.00
[16:50:21.071] -445.00,-998.00,582.00
[16:50:21.110] -536.00,-1110.00,538.00
[16:50:21.151] -547.00,-1133.00,515.00
[16:50:21.189] -526.00,-1106.00,541.00
[16:50:21.230] -398.00,-1001.00,605.00
[16:50:21.271] -220.00,-825.00,670.00
[16:50:21.309] 78.00,-528.00,672.00
[16:50:21.350] 245.00,-266.00,600.00
[16:50:21.389] 347.00,-5.00,445.00
[16:50:21.421] 383.00,262.00,236.00
[16:50:21.471] 321.00,450.00,22.00
[16:50:21.510] 117.00,677.00,-321.00
[16:50:21.550] -137.00,756.00,-667.00
[16:50:21.591] -362.00,716.00,-953.00
[16:50:21.632] -580.00,603.00,-1196.00
[16:50:21.670] -728.00,473.00,-1361.00
[16:50:21.710] -787.00,387.00,-1430.00
[16:50:21.749] -1000.00,-100.00,-1726.00
[16:50:21.790] -928.00,-508.00,-1971.00
[16:50:21.832] -716.00,-751.00,-2118.00
[16:50:21.870] -386.00,-893.00,-2250.00
[16:50:21.909] -30.00,-927.00,-2276.00
[16:50:21.949] 391.00,-877.00,-2232.00
[16:50:21.991] 866.00,-685.00,-2043.00
[16:50:22.030] 1173.00,-518.00,-1745.00
[16:50:22.069] 1378.00,-371.00,-1363.00
[16:50:22.110] 1467.00,-276.00,-1031.00
[16:50:22.151] 1401.00,-162.00,-500.00
[16:50:22.191] 1368.00,-157.00,-396.00
[16:50:22.230] 1066.00,-26.00,-20.00
[16:50:22.270] 731.00,173.00,107.00
[16:50:22.310] 480.00,305.00,97.00
[16:50:22.351] 193.00,383.00,97.00
[16:50:22.391] -201.00,366.00,138.00
[16:50:22.432] -547.00,233.00,138.00
[16:50:22.457] -758.00,88.00,138.00
[16:50:22.511] -1053.00,-233.00,138.00
[16:50:22.551] -1112.00,-482.00,165.00
[16:50:22.592] -1056.00,-708.00,243.00
[16:50:22.629] -922.00,-922.00,347.00
[16:50:22.671] -812.00,-1012.00,408.00
[16:50:22.710] -695.00,-1056.00,476.00
[16:50:22.751] -440.00,-1001.00,615.00
[16:50:22.790] -235.00,-885.00,692.00
[16:50:22.829] -40.00,-745.00,718.00
[16:50:22.856] 122.00,-613.00,718.00
[16:50:22.910] 242.00,-442.00,703.00
[16:50:22.950] 255.00,-228.00,662.00
[16:50:22.989] 101.00,28.00,592.00
[16:50:23.030] -130.00,197.00,500.00
[16:50:23.072] -462.00,292.00,357.00
[16:50:23.111] -958.00,178.00,63.00
[16:50:23.150] -1212.00,62.00,-170.00
[16:50:23.189] -1432.00,-171.00,-536.00
[16:50:23.230] -1432.00,-171.00,-536.00
[16:50:23.271] -1473.00,-687.00,-1275.00
[16:50:23.310] -1271.00,-977.00,-1633.00
[16:50:23.350] -897.00,-1227.00,-1971.00
[16:50:23.389] -362.00,-1386.00,-2172.00
[16:50:23.430] 342.00,-1426.00,-2165.00
[16:50:23.470] 792.00,-1338.00,-2010.00
[16:50:23.510] 1120.00,-1255.00,-1776.00
[16:50:23.549] 1332.00,-1203.00,-1546.00
[16:50:23.592] 1476.00,-1167.00,-1286.00
[16:50:23.631] 1567.00,-1103.00,-915.00
[16:50:23.670] 1583.00,-1003.00,-621.00
[16:50:23.709] 1560.00,-922.00,-458.00
[16:50:23.748] 1301.00,-627.00,20.00
[16:50:23.790] 1063.00,-416.00,216.00
[16:50:23.829] 780.00,-152.00,335.00
[16:50:23.870] 513.00,-20.00,391.00
[16:50:23.910] 250.00,52.00,437.00
[16:50:23.950] 20.00,168.00,412.00
[16:50:23.990] -216.00,292.00,288.00
[16:50:24.029] -450.00,357.00,148.00
[16:50:24.069] -758.00,310.00,27.00
[16:50:24.109] -925.00,157.00,46.00
[16:50:24.151] -1025.00,-145.00,172.00
[16:50:24.190] -973.00,-331.00,282.00
[16:50:24.230] -963.00,-445.00,335.00
[16:50:24.270] -877.00,-687.00,445.00
[16:50:24.312] -787.00,-766.00,483.00
[16:50:24.350] -672.00,-872.00,580.00
[16:50:24.391] -508.00,-1086.00,600.00
[16:50:24.430] -360.00,-1160.00,636.00
[16:50:24.471] -227.00,-1125.00,670.00
[16:50:24.510] -198.00,-1022.00,697.00
[16:50:24.550] -283.00,-880.00,703.00
[16:50:24.590] -383.00,-811.00,675.00
[16:50:24.629] -695.00,-745.00,510.00
[16:50:24.670] -953.00,-790.00,306.00
[16:50:24.710] -1193.00,-856.00,30.00
[16:50:24.751] -1193.00,-856.00,30.00
[16:50:24.790] -1413.00,-1127.00,-956.00
[16:50:24.832] -1247.00,-1302.00,-1381.00
[16:50:24.869] -912.00,-1497.00,-1747.00
[16:50:24.910] -455.00,-1655.00,-1946.00
[16:50:24.950] 81.00,-1705.00,-2015.00
[16:50:24.990] 513.00,-1700.00,-1922.00
[16:50:25.030] 933.00,-1652.00,-1718.00
[16:50:25.071] 1105.00,-1618.00,-1570.00
[16:50:25.110] 1325.00,-1545.00,-1327.00
[16:50:25.150] 1465.00,-1452.00,-1087.00
[16:50:25.192] 1516.00,-1396.00,-888.00
[16:50:25.229] 1580.00,-1312.00,-695.00
[16:50:25.270] 1542.00,-1065.00,-236.00
[16:50:25.310] 1457.00,-890.00,-10.00
[16:50:25.350] 1202.00,-595.00,247.00
[16:50:25.390] 990.00,-402.00,347.00
[16:50:25.430] 790.00,-242.00,396.00
[16:50:25.470] 513.00,2.00,376.00
[16:50:25.511] 298.00,212.00,308.00
[16:50:25.536] 47.00,383.00,180.00
[16:50:25.591] -232.00,442.00,95.00
[16:50:25.630] -496.00,416.00,46.00
[16:50:25.670] -697.00,323.00,25.00
[16:50:25.709] -858.00,202.00,5.00
[16:50:25.751] -966.00,100.00,-17.00
[16:50:25.790] -1222.00,-212.00,-76.00
[16:50:25.830] -1293.00,-502.00,-43.00
[16:50:25.870] -1250.00,-843.00,73.00
[16:50:25.911] -1076.00,-1157.00,211.00
[16:50:25.951] -841.00,-1402.00,340.00
[16:50:25.990] -555.00,-1628.00,373.00
[16:50:26.031] -383.00,-1702.00,386.00
[16:50:26.069] -291.00,-1690.00,435.00
[16:50:26.110] -301.00,-1605.00,488.00
[16:50:26.150] -327.00,-1512.00,491.00
[16:50:26.190] -386.00,-1383.00,505.00
[16:50:26.230] -442.00,-1246.00,497.00
[16:50:26.271] -550.00,-1127.00,461.00
[16:50:26.311] -670.00,-1086.00,398.00
[16:50:26.360] -863.00,-1141.00,241.00
[16:50:26.390] -1056.00,-1220.00,22.00
[16:50:26.430] -1210.00,-1352.00,-318.00
[16:50:26.470] -1232.00,-1465.00,-623.00
[16:50:26.510] -1168.00,-1562.00,-1162.00
[16:50:26.550] -943.00,-1607.00,-1538.00
[16:50:26.589] -582.00,-1640.00,-1866.00
[16:50:26.631] -135.00,-1678.00,-2000.00
[16:50:26.670] 270.00,-1718.00,-1956.00
[16:50:26.709] 660.00,-1726.00,-1837.00
[16:50:26.750] 775.00,-1710.00,-1788.00
[16:50:26.789] 1015.00,-1755.00,-1531.00
[16:50:26.830] 1220.00,-1723.00,-1262.00
[16:50:26.870] 1420.00,-1616.00,-951.00
[16:50:26.909] 1535.00,-1423.00,-651.00
[16:50:26.949] 1593.00,-1193.00,-420.00
[16:50:26.990] 1570.00,-820.00,-175.00
[16:50:27.030] 1420.00,-542.00,-7.00
[16:50:27.070] 1205.00,-276.00,133.00
[16:50:27.109] 948.00,-73.00,177.00
[16:50:27.136] 655.00,181.00,167.00
[16:50:27.190] 475.00,326.00,128.00
[16:50:27.230] 135.00,497.00,-15.00
[16:50:27.270] 52.00,521.00,-43.00
[16:50:27.309] -408.00,603.00,-265.00
[16:50:27.351] -767.00,513.00,-510.00
[16:50:27.389] -1035.00,326.00,-607.00
[16:50:27.430] -1196.00,162.00,-662.00
[16:50:27.470] -1332.00,-52.00,-682.00
[16:50:27.510] -1450.00,-321.00,-726.00
[16:50:27.551] -1516.00,-613.00,-701.00
[16:50:27.590] -1498.00,-911.00,-558.00
[16:50:27.630] -1413.00,-1165.00,-378.00
[16:50:27.670] -1242.00,-1378.00,-213.00
[16:50:27.710] -953.00,-1560.00,12.00
[16:50:27.751] -713.00,-1595.00,156.00
[16:50:27.791] -536.00,-1573.00,267.00
