# Serial Log - 2026-04-11T16:36:05.384792
# Port: COM24 @ 115200bps
#============================================================
[16:36:05.404] -770.00,-998.00,-2626.00
[16:36:05.444] -780.00,-1001.00,-2623.00
[16:36:05.484] -782.00,-1006.00,-2621.00
[16:36:05.523] -777.00,-1008.00,-2618.00
[16:36:05.563] -780.00,-1001.00,-2623.00
[16:36:05.604] -780.00,-993.00,-2611.00
[16:36:05.644] -775.00,-1003.00,-2631.00
[16:36:05.684] -785.00,-993.00,-2621.00
[16:36:05.724] -780.00,-993.00,-2608.00
[16:36:05.763] -782.00,-1001.00,-2623.00
[16:36:05.803] -775.00,-993.00,-2608.00
[16:36:05.844] -775.00,-998.00,-2621.00
[16:36:05.884] -772.00,-1001.00,-2626.00
[16:36:05.924] -777.00,-998.00,-2628.00
[16:36:05.963] -772.00,-1006.00,-2621.00
[16:36:06.003] -787.00,-993.00,-2616.00
[16:36:06.043] -782.00,-993.00,-2621.00
[16:36:06.084] -795.00,-1006.00,-2611.00
[16:36:06.124] -790.00,-996.00,-2613.00
[16:36:06.164] -782.00,-998.00,-2621.00
[16:36:06.204] -782.00,-1003.00,-2618.00
[16:36:06.243] -787.00,-998.00,-2613.00
[16:36:06.284] -777.00,-988.00,-2621.00
[16:36:06.323] -772.00,-998.00,-2613.00
[16:36:06.364] -770.00,-993.00,-2613.00
[16:36:06.404] -780.00,-996.00,-2595.00
[16:36:06.444] -787.00,-998.00,-2623.00
[16:36:06.472] -770.00,-996.00,-2618.00
[16:36:06.523] -782.00,-1008.00,-2636.00
[16:36:06.563] -770.00,-996.00,-2616.00
[16:36:06.604] -785.00,-991.00,-2623.00
[16:36:06.644] -777.00,-988.00,-2618.00
[16:36:06.684] -775.00,-1003.00,-2613.00
[16:36:06.724] -785.00,-1003.00,-2611.00
[16:36:06.763] -785.00,-1008.00,-2606.00
[16:36:06.804] -785.00,-996.00,-2613.00
[16:36:06.843] -761.00,-996.00,-2616.00
[16:36:06.884] -772.00,-1020.00,-2618.00
[16:36:06.924] -775.00,-1006.00,-2613.00
[16:36:06.963] -777.00,-996.00,-2623.00
[16:36:07.003] -787.00,-1006.00,-2611.00
[16:36:07.043] -772.00,-993.00,-2611.00
[16:36:07.083] -782.00,-998.00,-2613.00
[16:36:07.125] -777.00,-993.00,-2613.00
[16:36:07.164] -795.00,-991.00,-2601.00
[16:36:07.203] -790.00,-985.00,-2598.00
[16:36:07.243] -785.00,-993.00,-2598.00
[16:36:07.283] -836.00,-1020.00,-2551.00
[16:36:07.323] -895.00,-1032.00,-2518.00
[16:36:07.364] -973.00,-1038.00,-2456.00
[16:36:07.404] -1046.00,-1025.00,-2397.00
[16:36:07.444] -1061.00,-1008.00,-2363.00
[16:36:07.483] -1083.00,-1035.00,-2332.00
[16:36:07.523] -1102.00,-1006.00,-2286.00
[16:36:07.571] -1112.00,-958.00,-2237.00
[16:36:07.604] -1117.00,-901.00,-2180.00
[16:36:07.645] -1100.00,-930.00,-2136.00
[16:36:07.684] -1025.00,-1041.00,-2136.00
[16:36:07.723] -941.00,-1130.00,-2138.00
[16:36:07.763] -871.00,-1165.00,-2162.00
[16:36:07.803] -792.00,-1181.00,-2172.00
[16:36:07.846] -741.00,-1191.00,-2177.00
[16:36:07.884] -660.00,-1246.00,-2182.00
[16:36:07.924] -572.00,-1302.00,-2191.00
[16:36:07.964] -511.00,-1350.00,-2186.00
[16:36:08.003] -411.00,-1441.00,-2172.00
[16:36:08.043] -372.00,-1467.00,-2167.00
[16:36:08.083] -355.00,-1495.00,-2141.00
[16:36:08.124] -340.00,-1510.00,-2121.00
[16:36:08.164] -352.00,-1531.00,-2106.00
[16:36:08.204] -327.00,-1568.00,-2053.00
[16:36:08.243] -308.00,-1578.00,-2067.00
[16:36:08.283] -250.00,-1610.00,-2056.00
[16:36:08.323] -191.00,-1663.00,-2043.00
[16:36:08.364] -132.00,-1713.00,-2023.00
[16:36:08.404] -122.00,-1690.00,-2015.00
[16:36:08.444] -115.00,-1705.00,-2010.00
[16:36:08.484] -115.00,-1705.00,-2010.00
[16:36:08.523] -152.00,-1745.00,-1976.00
[16:36:08.563] -166.00,-1728.00,-1973.00
[16:36:08.603] -176.00,-1702.00,-1992.00
[16:36:08.644] -166.00,-1663.00,-2023.00
[16:36:08.684] -155.00,-1600.00,-2070.00
[16:36:08.723] -98.00,-1541.00,-2090.00
[16:36:08.763] 0.00,-1505.00,-2121.00
[16:36:08.803] 78.00,-1443.00,-2138.00
[16:36:08.843] 188.00,-1352.00,-2152.00
[16:36:08.885] 276.00,-1257.00,-2177.00
[16:36:08.924] 327.00,-1198.00,-2170.00
[16:36:08.964] 342.00,-1148.00,-2172.00
[16:36:09.005] 370.00,-1115.00,-2165.00
[16:36:09.043] 428.00,-1003.00,-2145.00
[16:36:09.083] 462.00,-890.00,-2165.00
[16:36:09.124] 460.00,-822.00,-2155.00
[16:36:09.164] 437.00,-713.00,-2175.00
[16:36:09.204] 345.00,-623.00,-2188.00
[16:36:09.244] 157.00,-521.00,-2196.00
[16:36:09.283] -98.00,-461.00,-2152.00
[16:36:09.323] -375.00,-378.00,-2077.00
[16:36:09.363] -608.00,-310.00,-1935.00
[16:36:09.404] -826.00,-202.00,-1708.00
[16:36:09.444] -951.00,-97.00,-1520.00
[16:36:09.483] -1020.00,-73.00,-1415.00
[16:36:09.523] -1102.00,12.00,-1155.00
[16:36:09.563] -1125.00,97.00,-942.00
[16:36:09.604] -1071.00,207.00,-687.00
[16:36:09.644] -1000.00,310.00,-536.00
[16:36:09.684] -925.00,387.00,-422.00
[16:36:09.724] -887.00,442.00,-383.00
[16:36:09.764] -875.00,411.00,-386.00
[16:36:09.803] -938.00,342.00,-456.00
[16:36:09.843] -1005.00,271.00,-483.00
[16:36:09.884] -1125.00,100.00,-532.00
[16:36:09.924] -1222.00,-76.00,-597.00
[16:36:09.963] -1306.00,-281.00,-692.00
[16:36:10.003] -1306.00,-281.00,-692.00
[16:36:10.043] -1408.00,-675.00,-860.00
[16:36:10.083] -1396.00,-1008.00,-978.00
[16:36:10.124] -1312.00,-1257.00,-1092.00
[16:36:10.164] -1196.00,-1483.00,-1218.00
[16:36:10.204] -1053.00,-1690.00,-1320.00
[16:36:10.243] -871.00,-1835.00,-1427.00
[16:36:10.283] -675.00,-1953.00,-1541.00
[16:36:10.324] -472.00,-2008.00,-1660.00
[16:36:10.364] -208.00,-1997.00,-1786.00
[16:36:10.404] 17.00,-1977.00,-1866.00
[16:36:10.444] 163.00,-1923.00,-1907.00
[16:36:10.483] 362.00,-1832.00,-1985.00
[16:36:10.523] 470.00,-1771.00,-2005.00
[16:36:10.563] 705.00,-1515.00,-2043.00
[16:36:10.605] 868.00,-1267.00,-2026.00
[16:36:10.645] 971.00,-1080.00,-1980.00
[16:36:10.684] 1048.00,-943.00,-1893.00
[16:36:10.723] 1125.00,-837.00,-1781.00
[16:36:10.763] 1202.00,-756.00,-1672.00
[16:36:10.803] 1266.00,-685.00,-1577.00
[16:36:10.842] 1327.00,-547.00,-1505.00
[16:36:10.884] 1330.00,-395.00,-1507.00
[16:36:10.924] 1266.00,-231.00,-1558.00
[16:36:10.964] 1083.00,-65.00,-1675.00
[16:36:11.003] 1017.00,-41.00,-1716.00
[16:36:11.043] 636.00,62.00,-1883.00
[16:36:11.083] 318.00,102.00,-1941.00
[16:36:11.124] 17.00,115.00,-1930.00
[16:36:11.164] -288.00,100.00,-1858.00
[16:36:11.203] -648.00,33.00,-1708.00
[16:36:11.243] -851.00,-15.00,-1561.00
[16:36:11.283] -1046.00,-62.00,-1332.00
[16:36:11.323] -1188.00,-123.00,-1010.00
[16:36:11.364] -1222.00,-141.00,-736.00
[16:36:11.404] -1191.00,-145.00,-463.00
[16:36:11.444] -1095.00,-150.00,-161.00
[16:36:11.483] -946.00,-128.00,51.00
[16:36:11.510] -946.00,-128.00,51.00
[16:36:11.564] -741.00,-126.00,267.00
[16:36:11.605] -682.00,-93.00,318.00
[16:36:11.644] -670.00,-52.00,270.00
[16:36:11.683] -777.00,-65.00,158.00
[16:36:11.723] -885.00,-128.00,82.00
[16:36:11.764] -968.00,-242.00,15.00
[16:36:11.803] -1046.00,-378.00,-35.00
[16:36:11.844] -1146.00,-518.00,-110.00
[16:36:11.884] -1210.00,-692.00,-175.00
[16:36:11.925] -1261.00,-988.00,-311.00
[16:36:11.963] -1281.00,-1220.00,-473.00
[16:36:12.003] -1240.00,-1338.00,-546.00
[16:36:12.043] -1217.00,-1465.00,-648.00
[16:36:12.082] -1030.00,-1808.00,-922.00
[16:36:12.124] -841.00,-1971.00,-1072.00
[16:36:12.164] -618.00,-2118.00,-1203.00
[16:36:12.204] -293.00,-2208.00,-1355.00
[16:36:12.244] -27.00,-2230.00,-1458.00
[16:36:12.283] 265.00,-2201.00,-1536.00
[16:36:12.324] 557.00,-2101.00,-1575.00
[16:36:12.364] 833.00,-1942.00,-1585.00
[16:36:12.404] 1156.00,-1650.00,-1515.00
[16:36:12.443] 1293.00,-1438.00,-1448.00
[16:36:12.483] 1403.00,-1096.00,-1301.00
[16:36:12.523] 1408.00,-1046.00,-1291.00
[16:36:12.563] 1452.00,-822.00,-1157.00
[16:36:12.604] 1508.00,-690.00,-1107.00
[16:36:12.644] 1545.00,-468.00,-1061.00
[16:36:12.683] 1530.00,-210.00,-1010.00
[16:36:12.723] 1393.00,97.00,-948.00
[16:36:12.763] 1171.00,376.00,-953.00
[16:36:12.802] 890.00,571.00,-976.00
[16:36:12.844] 587.00,680.00,-1046.00
[16:36:12.884] 316.00,706.00,-1092.00
[16:36:12.924] 42.00,682.00,-1148.00
[16:36:12.963] -265.00,595.00,-1226.00
[16:36:13.003] -477.00,506.00,-1255.00
[16:36:13.043] -648.00,400.00,-1250.00
[16:36:13.084] -831.00,268.00,-1170.00
[16:36:13.124] -982.00,171.00,-1007.00
[16:36:13.164] -1088.00,55.00,-697.00
[16:36:13.204] -1081.00,5.00,-417.00
[16:36:13.243] -1012.00,-62.00,-138.00
[16:36:13.283] -905.00,-145.00,100.00
[16:36:13.322] -741.00,-162.00,298.00
[16:36:13.364] -557.00,-165.00,442.00
[16:36:13.404] -372.00,-78.00,495.00
[16:36:13.445] -340.00,5.00,456.00
[16:36:13.483] -388.00,26.00,383.00
[16:36:13.523] -426.00,12.00,332.00
[16:36:13.562] -460.00,-10.00,330.00
[16:36:13.605] -651.00,-195.00,282.00
[16:36:13.644] -767.00,-337.00,257.00
[16:36:13.683] -875.00,-428.00,192.00
[16:36:13.723] -1007.00,-513.00,63.00
[16:36:13.763] -1142.00,-613.00,-107.00
[16:36:13.802] -1283.00,-801.00,-321.00
[16:36:13.844] -1335.00,-1106.00,-623.00
[16:36:13.884] -1301.00,-1350.00,-860.00
[16:36:13.923] -1163.00,-1571.00,-1075.00
[16:36:13.964] -1027.00,-1718.00,-1208.00
[16:36:14.003] -738.00,-1923.00,-1453.00
[16:36:14.044] -670.00,-1966.00,-1505.00
[16:36:14.084] -242.00,-2061.00,-1718.00
[16:36:14.126] 145.00,-2006.00,-1840.00
[16:36:14.163] 501.00,-1887.00,-1881.00
[16:36:14.203] 815.00,-1726.00,-1861.00
[16:36:14.243] 1112.00,-1488.00,-1762.00
[16:36:14.284] 1357.00,-1167.00,-1520.00
[16:36:14.325] 1425.00,-1046.00,-1350.00
[16:36:14.364] 1450.00,-887.00,-1198.00
[16:36:14.403] 1467.00,-790.00,-1155.00
[16:36:14.443] 1486.00,-642.00,-1138.00
[16:36:14.483] 1493.00,-431.00,-1113.00
[16:36:14.525] 1420.00,-121.00,-1107.00
[16:36:14.564] 1291.00,147.00,-1058.00
[16:36:14.604] 948.00,502.00,-925.00
[16:36:14.643] 587.00,658.00,-860.00
[16:36:14.683] 237.00,735.00,-816.00
[16:36:14.723] -115.00,716.00,-747.00
[16:36:14.763] -413.00,623.00,-675.00
[16:36:14.804] -638.00,482.00,-585.00
[16:36:14.844] -833.00,307.00,-471.00
[16:36:14.884] -931.00,171.00,-381.00
[16:36:14.924] -963.00,57.00,-265.00
[16:36:14.964] -971.00,-36.00,-120.00
[16:36:15.003] -905.00,-126.00,51.00
[16:36:15.044] -797.00,-250.00,243.00
[16:36:15.084] -646.00,-355.00,420.00
[16:36:15.124] -477.00,-445.00,563.00
[16:36:15.164] -323.00,-421.00,626.00
[16:36:15.203] -247.00,-318.00,615.00
[16:36:15.243] -327.00,-252.00,553.00
[16:36:15.284] -485.00,-250.00,468.00
[16:36:15.324] -626.00,-268.00,378.00
[16:36:15.364] -775.00,-283.00,252.00
[16:36:15.403] -897.00,-302.00,131.00
[16:36:15.443] -1102.00,-363.00,-97.00
[16:36:15.484] -1242.00,-466.00,-330.00
[16:36:15.524] -1332.00,-582.00,-532.00
[16:36:15.564] -1347.00,-618.00,-605.00
[16:36:15.604] -1350.00,-977.00,-1113.00
[16:36:15.644] -1235.00,-1236.00,-1350.00
[16:36:15.683] -971.00,-1526.00,-1582.00
[16:36:15.723] -716.00,-1687.00,-1770.00
[16:36:15.764] -416.00,-1763.00,-1900.00
[16:36:15.805] -88.00,-1802.00,-1997.00
[16:36:15.844] 232.00,-1771.00,-2031.00
[16:36:15.883] 528.00,-1683.00,-2043.00
[16:36:15.923] 907.00,-1495.00,-1968.00
[16:36:15.963] 1095.00,-1355.00,-1878.00
[16:36:16.003] 1320.00,-1136.00,-1650.00
[16:36:16.044] 1408.00,-1030.00,-1528.00
[16:36:16.084] 1416.00,-935.00,-1435.00
[16:36:16.123] 1416.00,-806.00,-1352.00
[16:36:16.164] 1393.00,-692.00,-1352.00
[16:36:16.203] 1406.00,-500.00,-1355.00
[16:36:16.242] 1347.00,-250.00,-1313.00
[16:36:16.271] 1202.00,160.00,-1155.00
[16:36:16.324] 973.00,447.00,-986.00
[16:36:16.364] 616.00,640.00,-862.00
[16:36:16.403] 171.00,732.00,-780.00
[16:36:16.443] -171.00,692.00,-736.00
[16:36:16.483] -437.00,595.00,-706.00
[16:36:16.524] -665.00,468.00,-690.00
[16:36:16.564] -818.00,357.00,-701.00
[16:36:16.603] -958.00,228.00,-675.00
[16:36:16.643] -1063.00,55.00,-541.00
[16:36:16.683] -1107.00,-57.00,-412.00
[16:36:16.723] -1092.00,-136.00,-195.00
[16:36:16.764] -973.00,-197.00,48.00
[16:36:16.805] -807.00,-231.00,291.00
[16:36:16.844] -608.00,-218.00,432.00
[16:36:16.883] -472.00,-150.00,450.00
[16:36:16.923] -440.00,-26.00,401.00
[16:36:16.963] -570.00,-12.00,296.00
[16:36:17.004] -726.00,-70.00,180.00
[16:36:17.044] -836.00,-121.00,78.00
[16:36:17.083] -902.00,-162.00,30.00
[16:36:17.123] -1137.00,-273.00,-260.00
[16:36:17.163] -1268.00,-435.00,-453.00
[16:36:17.203] -1366.00,-703.00,-752.00
[16:36:17.244] -1368.00,-1001.00,-992.00
[16:36:17.284] -1276.00,-1278.00,-1175.00
[16:36:17.324] -1120.00,-1555.00,-1306.00
[16:36:17.364] -933.00,-1778.00,-1407.00
[16:36:17.404] -616.00,-1977.00,-1546.00
[16:36:17.443] -303.00,-2058.00,-1675.00
[16:36:17.484] 27.00,-2066.00,-1765.00
[16:36:17.525] 340.00,-2013.00,-1801.00
[16:36:17.564] 616.00,-1918.00,-1820.00
[16:36:17.603] 851.00,-1787.00,-1793.00
[16:36:17.643] 1193.00,-1521.00,-1623.00
[16:36:17.683] 1401.00,-1227.00,-1427.00
[16:36:17.723] 1445.00,-1022.00,-1320.00
[16:36:17.764] 1478.00,-858.00,-1218.00
[16:36:17.804] 1496.00,-685.00,-1162.00
[16:36:17.843] 1483.00,-368.00,-1138.00
[16:36:17.884] 1401.00,-43.00,-1058.00
[16:36:17.923] 1171.00,290.00,-1046.00
[16:36:17.962] 882.00,535.00,-1020.00
[16:36:18.004] 538.00,671.00,-1017.00
[16:36:18.045] 110.00,708.00,-1012.00
[16:36:18.083] -22.00,708.00,-995.00
[16:36:18.123] -377.00,623.00,-956.00
[16:36:18.163] -621.00,521.00,-903.00
[16:36:18.204] -787.00,390.00,-786.00
[16:36:18.245] -905.00,276.00,-628.00
[16:36:18.285] -956.00,145.00,-386.00
[16:36:18.323] -922.00,76.00,-175.00
[16:36:18.363] -818.00,-10.00,66.00
[16:36:18.403] -687.00,-126.00,270.00
[16:36:18.443] -521.00,-218.00,447.00
[16:36:18.484] -365.00,-236.00,551.00
[16:36:18.524] -262.00,-155.00,551.00
[16:36:18.564] -293.00,-76.00,481.00
[16:36:18.603] -293.00,-76.00,481.00
[16:36:18.643] -592.00,-5.00,262.00
[16:36:18.683] -772.00,-86.00,156.00
[16:36:18.723] -963.00,-210.00,25.00
[16:36:18.764] -1122.00,-345.00,-133.00
[16:36:18.804] -1250.00,-511.00,-326.00
[16:36:18.844] -1335.00,-685.00,-541.00
[16:36:18.883] -1366.00,-898.00,-788.00
[16:36:18.923] -1330.00,-1181.00,-1038.00
[16:36:18.964] -1210.00,-1420.00,-1240.00
[16:36:18.991] -1020.00,-1595.00,-1448.00
[16:36:19.044] -780.00,-1737.00,-1643.00
[16:36:19.071] -541.00,-1811.00,-1776.00
[16:36:19.123] -301.00,-1821.00,-1915.00
[16:36:19.163] 191.00,-1726.00,-2062.00
[16:36:19.204] 521.00,-1612.00,-2080.00
[16:36:19.245] 826.00,-1452.00,-2023.00
[16:36:19.284] 973.00,-1331.00,-1966.00
[16:36:19.323] 1105.00,-1170.00,-1886.00
[16:36:19.363] 1173.00,-972.00,-1825.00
[16:36:19.404] 1230.00,-766.00,-1721.00
[16:36:19.443] 1258.00,-595.00,-1618.00
[16:36:19.484] 1301.00,-431.00,-1487.00
[16:36:19.524] 1315.00,-300.00,-1393.00
[16:36:19.551] 1332.00,-110.00,-1262.00
[16:36:19.604] 1312.00,-15.00,-1211.00
[16:36:19.643] 1193.00,247.00,-1082.00
[16:36:19.683] 1007.00,437.00,-990.00
[16:36:19.724] 690.00,642.00,-891.00
[16:36:19.764] 450.00,721.00,-832.00
[16:36:19.791] 17.00,751.00,-723.00
[16:36:19.844] -283.00,682.00,-651.00
[16:36:19.884] -533.00,573.00,-612.00
[16:36:19.923] -775.00,423.00,-621.00
[16:36:19.964] -897.00,305.00,-638.00
[16:36:20.004] -1005.00,171.00,-607.00
[16:36:20.043] -1061.00,83.00,-515.00
[16:36:20.083] -1058.00,12.00,-391.00
[16:36:20.123] -1058.00,12.00,-391.00
[16:36:20.164] -1000.00,-60.00,-158.00
[16:36:20.204] -936.00,-28.00,-66.00
[16:36:20.244] -843.00,12.00,-7.00
[16:36:20.284] -770.00,57.00,66.00
[16:36:20.323] -682.00,70.00,136.00
[16:36:20.363] -611.00,117.00,156.00
[16:36:20.404] -543.00,202.00,148.00
[16:36:20.444] -536.00,226.00,128.00
[16:36:20.484] -582.00,202.00,90.00
[16:36:20.523] -670.00,141.00,73.00
[16:36:20.563] -721.00,110.00,71.00
[16:36:20.605] -823.00,17.00,17.00
[16:36:20.644] -882.00,-41.00,0.00
[16:36:20.685] -1068.00,-276.00,-71.00
[16:36:20.724] -1146.00,-402.00,-158.00
[16:36:20.764] -1245.00,-506.00,-270.00
[16:36:20.803] -1322.00,-635.00,-430.00
[16:36:20.843] -1362.00,-742.00,-618.00
[16:36:20.884] -1376.00,-958.00,-835.00
[16:36:20.923] -1347.00,-1101.00,-956.00
[16:36:20.964] -1256.00,-1370.00,-1138.00
[16:36:21.004] -1137.00,-1568.00,-1257.00
[16:36:21.045] -992.00,-1716.00,-1340.00
[16:36:21.083] -838.00,-1823.00,-1458.00
[16:36:21.123] -743.00,-1887.00,-1533.00
[16:36:21.163] -457.00,-1958.00,-1723.00
[16:36:21.205] -220.00,-1926.00,-1852.00
[16:36:21.244] 0.00,-1863.00,-1948.00
[16:36:21.283] 220.00,-1792.00,-2038.00
[16:36:21.323] 428.00,-1660.00,-2082.00
[16:36:21.363] 705.00,-1467.00,-2090.00
[16:36:21.404] 882.00,-1343.00,-2041.00
[16:36:21.445] 1068.00,-1151.00,-1948.00
[16:36:21.484] 1161.00,-1015.00,-1873.00
[16:36:21.524] 1240.00,-882.00,-1783.00
[16:36:21.563] 1258.00,-753.00,-1682.00
[16:36:21.604] 1276.00,-668.00,-1623.00
[16:36:21.643] 1276.00,-668.00,-1623.00
[16:36:21.682] 1283.00,-545.00,-1473.00
[16:36:21.725] 1293.00,-511.00,-1437.00
[16:36:21.765] 1337.00,-426.00,-1386.00
[16:36:21.791] 1352.00,-328.00,-1352.00
[16:36:21.844] 1340.00,-173.00,-1320.00
[16:36:21.884] 1301.00,-31.00,-1293.00
[16:36:21.923] 1230.00,123.00,-1213.00
[16:36:21.964] 1163.00,290.00,-1138.00
[16:36:22.005] 1058.00,383.00,-1102.00
[16:36:22.043] 922.00,485.00,-1155.00
[16:36:22.083] 882.00,497.00,-1213.00
[16:36:22.124] 782.00,516.00,-1291.00
[16:36:22.163] 726.00,511.00,-1322.00
[16:36:22.205] 511.00,563.00,-1376.00
[16:36:22.243] 388.00,592.00,-1378.00
[16:36:22.283] 213.00,582.00,-1412.00
[16:36:22.324] 5.00,550.00,-1443.00
[16:36:22.364] -132.00,513.00,-1453.00
[16:36:22.403] -250.00,495.00,-1417.00
[16:36:22.444] -352.00,497.00,-1330.00
[16:36:22.484] -445.00,497.00,-1216.00
[16:36:22.523] -538.00,500.00,-1082.00
[16:36:22.563] -601.00,485.00,-1007.00
[16:36:22.603] -621.00,473.00,-898.00
[16:36:22.643] -626.00,476.00,-871.00
[16:36:22.684] -651.00,487.00,-733.00
[16:36:22.723] -643.00,487.00,-605.00
[16:36:22.764] -595.00,492.00,-471.00
[16:36:22.804] -543.00,523.00,-406.00
[16:36:22.830] -501.00,521.00,-326.00
[16:36:22.886] -480.00,528.00,-252.00
[16:36:22.924] -475.00,523.00,-208.00
[16:36:22.951] -440.00,535.00,-187.00
[16:36:23.003] -426.00,521.00,-177.00
[16:36:23.043] -418.00,526.00,-172.00
[16:36:23.083] -421.00,508.00,-141.00
[16:36:23.123] -416.00,487.00,-131.00
[16:36:23.164] -460.00,450.00,-126.00
[16:36:23.203] -508.00,411.00,-146.00
[16:36:23.243] -543.00,357.00,-105.00
[16:36:23.284] -587.00,307.00,-117.00
[16:36:23.322] -631.00,262.00,-131.00
[16:36:23.364] -707.00,221.00,-146.00
[16:36:23.404] -767.00,165.00,-190.00
[16:36:23.445] -833.00,110.00,-241.00
[16:36:23.483] -936.00,41.00,-323.00
[16:36:23.523] -997.00,5.00,-427.00
[16:36:23.563] -1083.00,-38.00,-525.00
[16:36:23.602] -1146.00,-131.00,-643.00
[16:36:23.644] -1181.00,-168.00,-711.00
[16:36:23.685] -1230.00,-252.00,-777.00
[16:36:23.723] -1332.00,-573.00,-1000.00
[16:36:23.763] -1340.00,-785.00,-1097.00
[16:36:23.804] -1310.00,-985.00,-1155.00
[16:36:23.842] -1252.00,-1196.00,-1250.00
[16:36:23.882] -1178.00,-1372.00,-1303.00
[16:36:23.924] -1095.00,-1518.00,-1357.00
[16:36:23.963] -978.00,-1687.00,-1412.00
[16:36:24.003] -848.00,-1805.00,-1461.00
[16:36:24.043] -723.00,-1908.00,-1497.00
[16:36:24.083] -643.00,-1968.00,-1510.00
[16:36:24.124] -465.00,-2056.00,-1548.00
[16:36:24.164] -433.00,-2075.00,-1561.00
[16:36:24.204] -198.00,-2146.00,-1616.00
[16:36:24.243] -30.00,-2137.00,-1670.00
[16:36:24.283] 193.00,-2098.00,-1755.00
[16:36:24.322] 411.00,-2021.00,-1806.00
[16:36:24.364] 597.00,-1950.00,-1832.00
[16:36:24.404] 797.00,-1882.00,-1798.00
[16:36:24.444] 917.00,-1828.00,-1752.00
[16:36:24.483] 1035.00,-1761.00,-1735.00
[16:36:24.523] 1115.00,-1683.00,-1706.00
[16:36:24.563] 1188.00,-1588.00,-1680.00
[16:36:24.604] 1266.00,-1497.00,-1650.00
[16:36:24.645] 1310.00,-1423.00,-1633.00
[16:36:24.672] 1345.00,-1310.00,-1592.00
[16:36:24.725] 1376.00,-1186.00,-1548.00
[16:36:24.764] 1376.00,-1103.00,-1497.00
[16:36:24.803] 1381.00,-1035.00,-1490.00
[16:36:24.842] 1335.00,-961.00,-1456.00
[16:36:24.884] 1345.00,-913.00,-1417.00
[16:36:24.923] 1360.00,-887.00,-1415.00
[16:36:24.963] 1368.00,-832.00,-1373.00
[16:36:24.990] 1408.00,-761.00,-1371.00
[16:36:25.042] 1440.00,-653.00,-1355.00
[16:36:25.086] 1467.00,-521.00,-1335.00
[16:36:25.125] 1470.00,-400.00,-1308.00
[16:36:25.164] 1447.00,-255.00,-1286.00
[16:36:25.203] 1408.00,-141.00,-1288.00
[16:36:25.243] 1347.00,-20.00,-1255.00
[16:36:25.283] 1293.00,81.00,-1281.00
[16:36:25.323] 1193.00,165.00,-1340.00
[16:36:25.364] 1025.00,281.00,-1420.00
[16:36:25.403] 931.00,328.00,-1458.00
[16:36:25.444] 728.00,416.00,-1485.00
[16:36:25.483] 590.00,442.00,-1505.00
[16:36:25.522] 426.00,495.00,-1500.00
[16:36:25.563] 240.00,516.00,-1522.00
[16:36:25.605] -61.00,492.00,-1505.00
[16:36:25.644] -240.00,466.00,-1473.00
[16:36:25.683] -288.00,463.00,-1451.00
[16:36:25.723] -577.00,431.00,-1201.00
[16:36:25.763] -685.00,431.00,-1017.00
[16:36:25.802] -767.00,395.00,-842.00
[16:36:25.844] -823.00,355.00,-641.00
[16:36:25.884] -823.00,333.00,-536.00
[16:36:25.924] -810.00,340.00,-378.00
[16:36:25.964] -758.00,331.00,-257.00
[16:36:26.003] -716.00,323.00,-136.00
[16:36:26.042] -657.00,310.00,-51.00
[16:36:26.069] -597.00,307.00,-5.00
[16:36:26.123] -552.00,316.00,41.00
[16:36:26.163] -562.00,307.00,25.00
[16:36:26.203] -543.00,292.00,53.00
[16:36:26.243] -543.00,238.00,87.00
[16:36:26.283] -536.00,155.00,138.00
[16:36:26.309] -543.00,110.00,182.00
[16:36:26.363] -560.00,20.00,211.00
[16:36:26.403] -606.00,-73.00,211.00
[16:36:26.443] -692.00,-133.00,192.00
[16:36:26.483] -790.00,-212.00,151.00
[16:36:26.522] -951.00,-307.00,46.00
[16:36:26.564] -1061.00,-392.00,-78.00
[16:36:26.604] -1146.00,-463.00,-192.00
[16:36:26.644] -1263.00,-603.00,-445.00
[16:36:26.683] -1332.00,-725.00,-590.00
[16:36:26.723] -1347.00,-906.00,-788.00
[16:36:26.763] -1320.00,-1203.00,-1027.00
[16:36:26.804] -1222.00,-1407.00,-1211.00
[16:36:26.844] -1117.00,-1515.00,-1320.00
[16:36:26.872] -902.00,-1702.00,-1515.00
[16:36:26.923] -670.00,-1835.00,-1646.00
[16:36:26.963] -426.00,-1913.00,-1778.00
[16:36:27.004] -163.00,-1908.00,-1850.00
[16:36:27.044] 98.00,-1890.00,-1935.00
[16:36:27.084] 337.00,-1847.00,-1963.00
[16:36:27.124] 611.00,-1733.00,-1968.00
[16:36:27.164] 765.00,-1657.00,-1980.00
[16:36:27.203] 802.00,-1642.00,-1968.00
[16:36:27.243] 1022.00,-1415.00,-1935.00
[16:36:27.283] 1125.00,-1196.00,-1912.00
[16:36:27.323] 1225.00,-970.00,-1863.00
[16:36:27.363] 1266.00,-792.00,-1798.00
[16:36:27.403] 1296.00,-661.00,-1703.00
[16:36:27.443] 1315.00,-566.00,-1602.00
[16:36:27.486] 1332.00,-497.00,-1456.00
[16:36:27.524] 1330.00,-476.00,-1371.00
[16:36:27.564] 1320.00,-437.00,-1327.00
[16:36:27.603] 1298.00,-383.00,-1311.00
[16:36:27.644] 1286.00,-260.00,-1278.00
[16:36:27.684] 1266.00,-178.00,-1283.00
[16:36:27.723] 1193.00,70.00,-1221.00
[16:36:27.762] 1117.00,215.00,-1138.00
[16:36:27.804] 973.00,413.00,-1056.00
[16:36:27.843] 828.00,526.00,-1012.00
[16:36:27.871] 695.00,608.00,-1015.00
[16:36:27.923] 531.00,661.00,-1038.00
[16:36:27.962] 335.00,687.00,-1092.00
[16:36:28.002] 203.00,682.00,-1177.00
[16:36:28.045] -22.00,623.00,-1311.00
[16:36:28.083] -211.00,528.00,-1420.00
[16:36:28.123] -393.00,428.00,-1473.00
[16:36:28.163] -575.00,290.00,-1531.00
[16:36:28.203] -726.00,165.00,-1551.00
[16:36:28.243] -885.00,0.00,-1528.00
[16:36:28.284] -1076.00,-242.00,-1473.00
[16:36:28.323] -1168.00,-426.00,-1412.00
[16:36:28.363] -1247.00,-576.00,-1335.00
[16:36:28.403] -1315.00,-758.00,-1196.00
[16:36:28.443] -1340.00,-877.00,-1046.00
[16:36:28.482] -1371.00,-985.00,-840.00
[16:36:28.524] -1345.00,-1027.00,-597.00
[16:36:28.563] -1298.00,-1058.00,-355.00
[16:36:28.591] -1215.00,-1046.00,-146.00
[16:36:28.643] -1092.00,-1017.00,102.00
[16:36:28.683] -1007.00,-993.00,190.00
[16:36:28.725] -982.00,-975.00,223.00
[16:36:28.764] -767.00,-840.00,427.00
[16:36:28.803] -690.00,-711.00,468.00
[16:36:28.843] -667.00,-603.00,450.00
[16:36:28.884] -655.00,-535.00,435.00
[16:36:28.923] -626.00,-511.00,398.00
[16:36:28.962] -606.00,-482.00,401.00
[16:36:29.005] -580.00,-482.00,391.00
[16:36:29.043] -565.00,-506.00,367.00
[16:36:29.084] -597.00,-535.00,378.00
[16:36:29.123] -682.00,-513.00,326.00
[16:36:29.163] -770.00,-532.00,272.00
[16:36:29.202] -875.00,-563.00,170.00
[16:36:29.244] -1002.00,-621.00,51.00
[16:36:29.283] -1191.00,-772.00,-195.00
[16:36:29.324] -1276.00,-896.00,-391.00
[16:36:29.363] -1325.00,-1075.00,-621.00
[16:36:29.403] -1317.00,-1201.00,-801.00
[16:36:29.445] -1291.00,-1298.00,-992.00
[16:36:29.484] -1207.00,-1396.00,-1185.00
[16:36:29.523] -1105.00,-1457.00,-1412.00
[16:36:29.563] -966.00,-1495.00,-1631.00
[16:36:29.604] -785.00,-1473.00,-1842.00
[16:36:29.643] -491.00,-1417.00,-2082.00
[16:36:29.684] -230.00,-1341.00,-2203.00
[16:36:29.724] -78.00,-1322.00,-2268.00
[16:36:29.765] 232.00,-1283.00,-2301.00
[16:36:29.803] 426.00,-1260.00,-2288.00
[16:36:29.843] 628.00,-1236.00,-2265.00
[16:36:29.883] 875.00,-1191.00,-2160.00
[16:36:29.922] 1046.00,-1160.00,-2085.00
[16:36:29.964] 1173.00,-1133.00,-1953.00
[16:36:30.004] 1310.00,-1082.00,-1817.00
[16:36:30.043] 1373.00,-1022.00,-1703.00
[16:36:30.085] 1413.00,-961.00,-1531.00
[16:36:30.122] 1393.00,-932.00,-1471.00
[16:36:30.162] 1368.00,-896.00,-1415.00
[16:36:30.204] 1362.00,-872.00,-1415.00
[16:36:30.245] 1362.00,-872.00,-1415.00
[16:36:30.283] 1425.00,-772.00,-1327.00
[16:36:30.324] 1483.00,-606.00,-1260.00
[16:36:30.363] 1503.00,-431.00,-1206.00
[16:36:30.403] 1488.00,-255.00,-1185.00
[16:36:30.443] 1422.00,-83.00,-1185.00
[16:36:30.483] 1330.00,55.00,-1221.00
[16:36:30.524] 1230.00,160.00,-1298.00
[16:36:30.564] 1081.00,238.00,-1376.00
[16:36:30.604] 875.00,352.00,-1476.00
[16:36:30.642] 702.00,387.00,-1528.00
[16:36:30.684] 555.00,421.00,-1575.00
[16:36:30.723] 393.00,426.00,-1605.00
[16:36:30.750] 193.00,437.00,-1618.00
[16:36:30.803] -237.00,378.00,-1577.00
[16:36:30.843] -457.00,345.00,-1497.00
[16:36:30.882] -670.00,300.00,-1357.00
[16:36:30.924] -831.00,250.00,-1187.00
[16:36:30.963] -943.00,218.00,-963.00
[16:36:31.003] -985.00,197.00,-718.00
[16:36:31.044] -933.00,205.00,-430.00
[16:36:31.084] -848.00,212.00,-208.00
[16:36:31.123] -705.00,205.00,5.00
[16:36:31.164] -543.00,212.00,153.00
[16:36:31.203] -418.00,197.00,267.00
[16:36:31.243] -357.00,200.00,280.00
[16:36:31.284] -311.00,197.00,282.00
[16:36:31.322] -360.00,181.00,257.00
[16:36:31.363] -447.00,107.00,241.00
[16:36:31.403] -521.00,15.00,252.00
[16:36:31.443] -608.00,-100.00,247.00
[16:36:31.484] -723.00,-271.00,260.00
[16:36:31.523] -761.00,-366.00,233.00
[16:36:31.562] -853.00,-461.00,172.00
[16:36:31.604] -1025.00,-671.00,58.00
[16:36:31.644] -1127.00,-835.00,-92.00
[16:36:31.683] -1225.00,-1022.00,-298.00
[16:36:31.725] -1268.00,-1170.00,-520.00
[16:36:31.763] -1268.00,-1170.00,-520.00
[16:36:31.802] -1151.00,-1547.00,-1148.00
[16:36:31.842] -982.00,-1650.00,-1430.00
[16:36:31.883] -777.00,-1687.00,-1660.00
[16:36:31.923] -580.00,-1666.00,-1871.00
[16:36:31.964] -401.00,-1571.00,-2017.00
[16:36:32.003] -267.00,-1460.00,-2131.00
[16:36:32.042] -147.00,-1283.00,-2223.00
[16:36:32.084] -73.00,-1080.00,-2265.00
[16:36:32.124] -25.00,-861.00,-2293.00
[16:36:32.163] 10.00,-635.00,-2265.00
[16:36:32.203] 20.00,-360.00,-2206.00
[16:36:32.243] 15.00,-321.00,-2201.00
[16:36:32.282] 66.00,-50.00,-2075.00
[16:36:32.322] 135.00,73.00,-1953.00
[16:36:32.364] 245.00,212.00,-1837.00
[16:36:32.403] 365.00,292.00,-1716.00
[16:36:32.445] 470.00,340.00,-1587.00
[16:36:32.486] 516.00,337.00,-1500.00
[16:36:32.522] 570.00,337.00,-1420.00
[16:36:32.564] 631.00,352.00,-1325.00
[16:36:32.606] 680.00,368.00,-1267.00
[16:36:32.644] 741.00,390.00,-1185.00
[16:36:32.684] 753.00,431.00,-1143.00
[16:36:32.723] 777.00,476.00,-1097.00
[16:36:32.762] 775.00,506.00,-1068.00
[16:36:32.804] 690.00,576.00,-1025.00
[16:36:32.844] 611.00,621.00,-1017.00
[16:36:32.883] 440.00,675.00,-1056.00
[16:36:32.923] 298.00,666.00,-1141.00
[16:36:32.962] 160.00,675.00,-1201.00
[16:36:33.002] -30.00,597.00,-1320.00
[16:36:33.045] -213.00,532.00,-1391.00
[16:36:33.083] -383.00,450.00,-1453.00
[16:36:33.124] -570.00,326.00,-1478.00
[16:36:33.163] -697.00,226.00,-1466.00
[16:36:33.203] -810.00,178.00,-1427.00
[16:36:33.242] -910.00,93.00,-1386.00
[16:36:33.284] -1061.00,-22.00,-1231.00
[16:36:33.324] -1161.00,-81.00,-1033.00
[16:36:33.363] -1230.00,-150.00,-755.00
[16:36:33.403] -1191.00,-150.00,-571.00
[16:36:33.444] -1146.00,-110.00,-332.00
[16:36:33.482] -1035.00,-26.00,-172.00
[16:36:33.522] -931.00,36.00,-27.00
[16:36:33.563] -848.00,110.00,30.00
[16:36:33.604] -767.00,181.00,35.00
[16:36:33.643] -733.00,247.00,-7.00
[16:36:33.684] -753.00,262.00,-43.00
[16:36:33.722] -780.00,197.00,-73.00
[16:36:33.749] -805.00,178.00,-68.00
[16:36:33.803] -861.00,28.00,-20.00
[16:36:33.843] -922.00,-126.00,15.00
[16:36:33.883] -946.00,-252.00,53.00
[16:36:33.923] -992.00,-431.00,53.00
[16:36:33.962] -1066.00,-632.00,10.00
[16:36:34.004] -1132.00,-853.00,-71.00
[16:36:34.043] -1207.00,-1065.00,-260.00
[16:36:34.083] -1258.00,-1241.00,-495.00
[16:36:34.123] -1242.00,-1357.00,-791.00
[16:36:34.162] -1163.00,-1476.00,-1157.00
[16:36:34.202] -1086.00,-1533.00,-1366.00
[16:36:34.243] -858.00,-1588.00,-1643.00
[16:36:34.284] -818.00,-1602.00,-1696.00
[16:36:34.323] -560.00,-1518.00,-1971.00
[16:36:34.364] -452.00,-1420.00,-2058.00
[16:36:34.403] -318.00,-1267.00,-2150.00
[16:36:34.444] -230.00,-1183.00,-2196.00
[16:36:34.483] -142.00,-1098.00,-2213.00
[16:36:34.523] -91.00,-991.00,-2247.00
[16:36:34.563] -88.00,-858.00,-2232.00
[16:36:34.603] -130.00,-787.00,-2232.00
[16:36:34.642] -181.00,-695.00,-2216.00
[16:36:34.684] -230.00,-603.00,-2191.00
[16:36:34.724] -288.00,-485.00,-2147.00
[16:36:34.764] -313.00,-413.00,-2126.00
[16:36:34.803] -388.00,-221.00,-2015.00
[16:36:34.843] -391.00,-67.00,-1932.00
[16:36:34.882] -352.00,93.00,-1842.00
[16:36:34.925] -242.00,262.00,-1732.00
[16:36:34.963] -117.00,342.00,-1662.00
[16:36:35.003] 208.00,476.00,-1546.00
[16:36:35.043] 350.00,506.00,-1485.00
[16:36:35.084] 541.00,540.00,-1383.00
[16:36:35.123] 628.00,542.00,-1337.00
[16:36:35.164] 702.00,552.00,-1286.00
[16:36:35.203] 726.00,532.00,-1281.00
[16:36:35.243] 731.00,523.00,-1313.00
[16:36:35.283] 731.00,523.00,-1313.00
[16:36:35.322] 662.00,468.00,-1396.00
[16:36:35.362] 606.00,421.00,-1478.00
[16:36:35.404] 526.00,378.00,-1582.00
[16:36:35.443] 375.00,328.00,-1662.00
[16:36:35.483] 191.00,271.00,-1735.00
[16:36:35.523] 0.00,268.00,-1706.00
[16:36:35.563] -206.00,321.00,-1621.00
[16:36:35.602] -340.00,363.00,-1517.00
[16:36:35.645] -418.00,418.00,-1405.00
[16:36:35.684] -442.00,466.00,-1335.00
[16:36:35.724] -460.00,521.00,-1288.00
[16:36:35.763] -460.00,535.00,-1288.00
[16:36:35.802] -457.00,550.00,-1281.00
[16:36:35.843] -565.00,526.00,-1213.00
[16:36:35.873] -687.00,495.00,-1090.00
[16:36:35.923] -846.00,387.00,-925.00
[16:36:35.963] -1027.00,186.00,-653.00
[16:36:36.003] -1110.00,20.00,-505.00
[16:36:36.042] -1173.00,-245.00,-337.00
[16:36:36.083] -1235.00,-645.00,-275.00
[16:36:36.123] -1271.00,-991.00,-365.00
[16:36:36.164] -1250.00,-1305.00,-561.00
[16:36:36.204] -1202.00,-1460.00,-806.00
[16:36:36.243] -1146.00,-1538.00,-1075.00
[16:36:36.282] -1137.00,-1547.00,-1143.00
[16:36:36.324] -1017.00,-1533.00,-1461.00
[16:36:36.364] -880.00,-1518.00,-1680.00
[16:36:36.403] -746.00,-1450.00,-1852.00
[16:36:36.433] -562.00,-1288.00,-2048.00
[16:36:36.483] -480.00,-1186.00,-2116.00
[16:36:36.522] -377.00,-948.00,-2211.00
[16:36:36.564] -260.00,-745.00,-2250.00
[16:36:36.603] -98.00,-571.00,-2260.00
[16:36:36.643] 101.00,-437.00,-2240.00
[16:36:36.683] 411.00,-363.00,-2188.00
[16:36:36.722] 597.00,-357.00,-2121.00
[16:36:36.763] 907.00,-345.00,-1995.00
[16:36:36.804] 1030.00,-376.00,-1886.00
[16:36:36.844] 1125.00,-350.00,-1747.00
[16:36:36.883] 1156.00,-323.00,-1623.00
[16:36:36.923] 1161.00,-268.00,-1541.00
[16:36:36.963] 1140.00,-245.00,-1500.00
[16:36:37.002] 1158.00,-218.00,-1471.00
[16:36:37.044] 1220.00,-178.00,-1420.00
[16:36:37.083] 1263.00,-155.00,-1342.00
[16:36:37.123] 1335.00,-93.00,-1252.00
[16:36:37.163] 1352.00,-5.00,-1203.00
[16:36:37.203] 1306.00,136.00,-1162.00
[16:36:37.243] 1198.00,257.00,-1185.00
[16:36:37.284] 1120.00,321.00,-1226.00
[16:36:37.324] 1076.00,345.00,-1255.00
[16:36:37.363] 818.00,383.00,-1468.00
[16:36:37.403] 636.00,347.00,-1643.00
[16:36:37.443] 472.00,297.00,-1757.00
[16:36:37.482] 283.00,242.00,-1852.00
[16:36:37.524] 101.00,168.00,-1915.00
[16:36:37.565] -88.00,93.00,-1961.00
[16:36:37.603] -301.00,-7.00,-1953.00
[16:36:37.644] -567.00,-97.00,-1866.00
[16:36:37.682] -753.00,-147.00,-1747.00
[16:36:37.722] -946.00,-126.00,-1541.00
[16:36:37.762] -1120.00,-76.00,-1146.00
[16:36:37.803] -1156.00,-46.00,-917.00
[16:36:37.843] -1132.00,5.00,-602.00
[16:36:37.883] -1095.00,31.00,-422.00
[16:36:37.922] -978.00,91.00,-213.00
[16:36:37.963] -885.00,145.00,-100.00
[16:36:38.003] -818.00,165.00,-27.00
[16:36:38.043] -797.00,173.00,-32.00
[16:36:38.083] -818.00,126.00,-48.00
[16:36:38.123] -875.00,0.00,-7.00
[16:36:38.162] -922.00,-110.00,-10.00
[16:36:38.203] -938.00,-218.00,0.00
[16:36:38.243] -946.00,-255.00,-15.00
[16:36:38.283] -1015.00,-297.00,-48.00
[16:36:38.323] -1083.00,-350.00,-115.00
[16:36:38.364] -1176.00,-461.00,-243.00
[16:36:38.402] -1258.00,-592.00,-367.00
[16:36:38.443] -1320.00,-753.00,-507.00
[16:36:38.483] -1345.00,-908.00,-623.00
[16:36:38.523] -1360.00,-1067.00,-786.00
[16:36:38.563] -1306.00,-1296.00,-1027.00
[16:36:38.603] -1207.00,-1457.00,-1221.00
[16:36:38.642] -1088.00,-1571.00,-1378.00
[16:36:38.682] -936.00,-1676.00,-1526.00
[16:36:38.724] -767.00,-1771.00,-1662.00
[16:36:38.763] -533.00,-1845.00,-1796.00
[16:36:38.803] -347.00,-1882.00,-1878.00
[16:36:38.843] -288.00,-1885.00,-1905.00
[16:36:38.882] 252.00,-1895.00,-1968.00
[16:36:38.923] 516.00,-1873.00,-1930.00
[16:36:38.951] 767.00,-1805.00,-1861.00
[16:36:39.003] 956.00,-1707.00,-1781.00
[16:36:39.044] 1092.00,-1595.00,-1698.00
[16:36:39.084] 1176.00,-1473.00,-1621.00
[16:36:39.123] 1215.00,-1360.00,-1551.00
[16:36:39.163] 1258.00,-1278.00,-1522.00
[16:36:39.203] 1283.00,-1167.00,-1497.00
[16:36:39.244] 1368.00,-1012.00,-1471.00
[16:36:39.283] 1442.00,-848.00,-1383.00
[16:36:39.310] 1473.00,-690.00,-1340.00
[16:36:39.363] 1516.00,-502.00,-1272.00
[16:36:39.404] 1455.00,-128.00,-1167.00
[16:36:39.443] 1322.00,121.00,-1155.00
[16:36:39.483] 1100.00,355.00,-1180.00
[16:36:39.523] 905.00,478.00,-1208.00
[16:36:39.563] 692.00,566.00,-1278.00
[16:36:39.603] 491.00,573.00,-1391.00
[16:36:39.643] 323.00,537.00,-1481.00
[16:36:39.683] 178.00,490.00,-1582.00
[16:36:39.724] 5.00,400.00,-1677.00
[16:36:39.763] -125.00,328.00,-1723.00
[16:36:39.802] -283.00,262.00,-1721.00
[16:36:39.843] -386.00,205.00,-1737.00
[16:36:39.884] -636.00,93.00,-1677.00
[16:36:39.923] -843.00,-2.00,-1558.00
[16:36:39.964] -1061.00,-110.00,-1332.00
[16:36:40.003] -1178.00,-168.00,-1151.00
[16:36:40.042] -1252.00,-212.00,-798.00
[16:36:40.084] -1276.00,-260.00,-497.00
[16:36:40.124] -1178.00,-271.00,-190.00
[16:36:40.164] -1035.00,-260.00,68.00
[16:36:40.204] -875.00,-278.00,228.00
[16:36:40.243] -716.00,-207.00,340.00
[16:36:40.282] -655.00,-138.00,342.00
[16:36:40.322] -611.00,-97.00,296.00
[16:36:40.363] -611.00,-97.00,296.00
[16:36:40.403] -690.00,-110.00,202.00
[16:36:40.444] -748.00,-160.00,167.00
[16:36:40.482] -815.00,-212.00,133.00
[16:36:40.522] -922.00,-276.00,58.00
[16:36:40.563] -1032.00,-368.00,-43.00
[16:36:40.603] -1148.00,-485.00,-172.00
[16:36:40.643] -1242.00,-692.00,-350.00
[16:36:40.683] -1337.00,-920.00,-580.00
[16:36:40.723] -1310.00,-1181.00,-860.00
[16:36:40.763] -1240.00,-1381.00,-1068.00
[16:36:40.804] -1146.00,-1507.00,-1203.00
[16:36:40.843] -1048.00,-1633.00,-1330.00
[16:36:40.883] -933.00,-1740.00,-1448.00
[16:36:40.923] -643.00,-1878.00,-1643.00
[16:36:40.962] -352.00,-1923.00,-1786.00
[16:36:41.003] -120.00,-1921.00,-1881.00
[16:36:41.043] 88.00,-1908.00,-1938.00
[16:36:41.083] 323.00,-1835.00,-1976.00
[16:36:41.123] 547.00,-1766.00,-1976.00
[16:36:41.162] 807.00,-1621.00,-1927.00
[16:36:41.202] 1056.00,-1426.00,-1847.00
[16:36:41.244] 1230.00,-1227.00,-1745.00
[16:36:41.283] 1320.00,-1053.00,-1621.00
[16:36:41.323] 1350.00,-941.00,-1495.00
[16:36:41.363] 1355.00,-875.00,-1468.00
[16:36:41.403] 1366.00,-721.00,-1352.00
[16:36:41.444] 1396.00,-623.00,-1325.00
[16:36:41.484] 1455.00,-392.00,-1231.00
[16:36:41.523] 1427.00,-176.00,-1146.00
[16:36:41.563] 1345.00,41.00,-1085.00
[16:36:41.604] 1163.00,318.00,-1020.00
[16:36:41.643] 953.00,492.00,-1010.00
[16:36:41.682] 692.00,621.00,-997.00
[16:36:41.724] 431.00,690.00,-1022.00
[16:36:41.763] 150.00,721.00,-1053.00
[16:36:41.803] -132.00,675.00,-1102.00
[16:36:41.843] -372.00,576.00,-1157.00
[16:36:41.882] -372.00,576.00,-1157.00
[16:36:41.922] -800.00,333.00,-1128.00
[16:36:41.963] -961.00,205.00,-1046.00
[16:36:42.004] -1081.00,65.00,-903.00
[16:36:42.043] -1148.00,-33.00,-703.00
[16:36:42.073] -1148.00,-117.00,-386.00
[16:36:42.123] -1102.00,-141.00,-226.00
[16:36:42.149] -933.00,-115.00,5.00
[16:36:42.204] -751.00,-31.00,177.00
[16:36:42.243] -518.00,76.00,275.00
[16:36:42.283] -270.00,197.00,303.00
[16:36:42.322] -125.00,273.00,296.00
[16:36:42.362] 40.00,357.00,233.00
[16:36:42.402] 86.00,402.00,177.00
[16:36:42.443] 110.00,442.00,100.00
[16:36:42.483] 47.00,400.00,126.00
[16:36:42.523] -42.00,340.00,138.00
[16:36:42.562] -137.00,292.00,153.00
[16:36:42.602] -260.00,226.00,133.00
[16:36:42.642] -398.00,152.00,153.00
[16:36:42.685] -582.00,60.00,76.00
[16:36:42.723] -780.00,-10.00,-7.00
[16:36:42.763] -1000.00,-152.00,-195.00
[16:36:42.803] -1188.00,-318.00,-422.00
[16:36:42.842] -1327.00,-592.00,-718.00
[16:36:42.884] -1350.00,-653.00,-796.00
[16:36:42.923] -1335.00,-1117.00,-1082.00
[16:36:42.963] -1173.00,-1450.00,-1281.00
[16:36:43.004] -982.00,-1695.00,-1410.00
[16:36:43.042] -746.00,-1868.00,-1510.00
[16:36:43.085] -442.00,-2001.00,-1613.00
[16:36:43.125] -211.00,-2051.00,-1698.00
[16:36:43.164] 45.00,-2077.00,-1728.00
[16:36:43.203] 311.00,-2068.00,-1745.00
[16:36:43.244] 521.00,-2035.00,-1713.00
[16:36:43.282] 731.00,-1956.00,-1660.00
[16:36:43.324] 890.00,-1837.00,-1613.00
[16:36:43.365] 1041.00,-1683.00,-1616.00
[16:36:43.405] 1140.00,-1552.00,-1592.00
[16:36:43.443] 1202.00,-1431.00,-1558.00
[16:36:43.482] 1230.00,-1320.00,-1505.00
[16:36:43.522] 1327.00,-1157.00,-1478.00
[16:36:43.564] 1430.00,-911.00,-1415.00
[16:36:43.603] 1523.00,-621.00,-1311.00
[16:36:43.643] 1521.00,-231.00,-1128.00
[16:36:43.683] 1396.00,81.00,-976.00
[16:36:43.723] 1235.00,366.00,-891.00
[16:36:43.763] 931.00,600.00,-881.00
[16:36:43.803] 682.00,706.00,-912.00
[16:36:43.843] 467.00,763.00,-907.00
[16:36:43.883] 321.00,766.00,-951.00
[16:36:43.923] 252.00,763.00,-961.00
[16:36:43.962] -66.00,711.00,-1068.00
[16:36:44.004] -183.00,675.00,-1107.00
[16:36:44.043] -306.00,627.00,-1167.00
[16:36:44.083] -475.00,535.00,-1226.00
[16:36:44.123] -575.00,458.00,-1228.00
[16:36:44.163] -685.00,411.00,-1182.00
[16:36:44.202] -805.00,342.00,-1058.00
[16:36:44.242] -861.00,321.00,-961.00
[16:36:44.283] -915.00,271.00,-745.00
[16:36:44.323] -931.00,255.00,-592.00
[16:36:44.363] -866.00,218.00,-321.00
[16:36:44.403] -836.00,200.00,-238.00
[16:36:44.443] -651.00,128.00,73.00
[16:36:44.469] -491.00,52.00,277.00
[16:36:44.510] -350.00,7.00,378.00
[16:36:44.563] -216.00,0.00,408.00
[16:36:44.604] -173.00,112.00,332.00
[16:36:44.630] -270.00,186.00,223.00
[16:36:44.682] -428.00,207.00,100.00
[16:36:44.723] -660.00,150.00,-53.00
[16:36:44.765] -843.00,50.00,-206.00
[16:36:44.803] -976.00,-15.00,-360.00
[16:36:44.842] -1071.00,-105.00,-538.00
[16:36:44.882] -1178.00,-210.00,-742.00
[16:36:44.924] -1227.00,-328.00,-898.00
[16:36:44.963] -1293.00,-545.00,-1095.00
[16:36:45.003] -1266.00,-880.00,-1306.00
[16:36:45.043] -1168.00,-1181.00,-1448.00
[16:36:45.082] -1022.00,-1512.00,-1507.00
[16:36:45.122] -815.00,-1761.00,-1520.00
[16:36:45.164] -590.00,-1966.00,-1528.00
[16:36:45.203] -401.00,-2037.00,-1567.00
[16:36:45.243] -242.00,-2053.00,-1631.00
[16:36:45.283] -81.00,-2040.00,-1701.00
[16:36:45.322] 103.00,-1997.00,-1786.00
[16:36:45.362] 293.00,-1885.00,-1876.00
[16:36:45.403] 538.00,-1713.00,-1946.00
[16:36:45.444] 538.00,-1713.00,-1946.00
[16:36:45.483] 943.00,-1281.00,-1922.00
[16:36:45.522] 1132.00,-1035.00,-1803.00
[16:36:45.564] 1215.00,-875.00,-1698.00
[16:36:45.602] 1261.00,-792.00,-1628.00
[16:36:45.643] 1301.00,-725.00,-1570.00
[16:36:45.683] 1345.00,-695.00,-1531.00
[16:36:45.724] 1447.00,-558.00,-1420.00
[16:36:45.764] 1532.00,-395.00,-1281.00
[16:36:45.804] 1552.00,-188.00,-1118.00
[16:36:45.843] 1523.00,-26.00,-990.00
[16:36:45.884] 1371.00,260.00,-871.00
[16:36:45.923] 1263.00,405.00,-866.00
[16:36:45.962] 1035.00,563.00,-878.00
[16:36:46.002] 833.00,663.00,-958.00
[16:36:46.042] 648.00,713.00,-1038.00
[16:36:46.083] 452.00,740.00,-1146.00
[16:36:46.124] 337.00,718.00,-1218.00
[16:36:46.163] 181.00,675.00,-1306.00
[16:36:46.202] 37.00,621.00,-1391.00
[16:36:46.242] -93.00,571.00,-1448.00
[16:36:46.284] -245.00,506.00,-1485.00
[16:36:46.323] -416.00,440.00,-1466.00
[16:36:46.363] -555.00,373.00,-1407.00
[16:36:46.403] -697.00,342.00,-1311.00
[16:36:46.442] -782.00,286.00,-1242.00
[16:36:46.482] -931.00,221.00,-986.00
[16:36:46.523] -995.00,173.00,-745.00
[16:36:46.564] -985.00,81.00,-376.00
[16:36:46.604] -951.00,31.00,-182.00
[16:36:46.644] -807.00,-15.00,63.00
[16:36:46.682] -690.00,-10.00,151.00
[16:36:46.722] -590.00,55.00,161.00
[16:36:46.763] -565.00,133.00,110.00
[16:36:46.804] -567.00,245.00,-2.00
[16:36:46.843] -662.00,281.00,-206.00
[16:36:46.882] -705.00,273.00,-313.00
[16:36:46.922] -812.00,205.00,-478.00
[16:36:46.963] -812.00,205.00,-478.00
[16:36:47.003] -1053.00,-7.00,-618.00
[16:36:47.043] -1142.00,-176.00,-703.00
[16:36:47.083] -1258.00,-428.00,-825.00
[16:36:47.122] -1303.00,-777.00,-1025.00
[16:36:47.162] -1281.00,-991.00,-1240.00
[16:36:47.203] -1193.00,-1136.00,-1415.00
[16:36:47.243] -1058.00,-1320.00,-1570.00
[16:36:47.273] -797.00,-1568.00,-1728.00
[16:36:47.324] -611.00,-1692.00,-1793.00
[16:36:47.362] -252.00,-1808.00,-1873.00
[16:36:47.404] -71.00,-1842.00,-1900.00
[16:36:47.444] 73.00,-1856.00,-1912.00
[16:36:47.483] 222.00,-1868.00,-1925.00
[16:36:47.523] 467.00,-1787.00,-1943.00
[16:36:47.563] 618.00,-1676.00,-1980.00
[16:36:47.602] 753.00,-1507.00,-1990.00
[16:36:47.643] 915.00,-1343.00,-1958.00
[16:36:47.684] 1038.00,-1162.00,-1900.00
[16:36:47.723] 1173.00,-982.00,-1793.00
[16:36:47.763] 1266.00,-856.00,-1667.00
[16:36:47.802] 1306.00,-763.00,-1548.00
[16:36:47.842] 1362.00,-748.00,-1502.00
[16:36:47.883] 1406.00,-742.00,-1451.00
[16:36:47.924] 1493.00,-703.00,-1388.00
[16:36:47.963] 1542.00,-680.00,-1335.00
[16:36:48.003] 1645.00,-458.00,-1113.00
[16:36:48.042] 1655.00,-245.00,-935.00
[16:36:48.084] 1601.00,-26.00,-825.00
[16:36:48.124] 1462.00,212.00,-755.00
[16:36:48.163] 1261.00,405.00,-786.00
[16:36:48.203] 1020.00,592.00,-898.00
[16:36:48.242] 775.00,675.00,-1041.00
[16:36:48.283] 516.00,718.00,-1180.00
[16:36:48.322] 250.00,695.00,-1286.00
[16:36:48.364] -20.00,645.00,-1381.00
[16:36:48.403] -222.00,535.00,-1466.00
[16:36:48.443] -440.00,413.00,-1507.00
[16:36:48.482] -670.00,266.00,-1492.00
[16:36:48.524] -823.00,171.00,-1396.00
[16:36:48.564] -976.00,123.00,-1216.00
[16:36:48.603] -1002.00,123.00,-1002.00
[16:36:48.643] -1038.00,105.00,-806.00
[16:36:48.683] -1012.00,123.00,-525.00
[16:36:48.723] -941.00,121.00,-301.00
[16:36:48.762] -821.00,150.00,-165.00
[16:36:48.789] -746.00,168.00,-97.00
[16:36:48.843] -716.00,191.00,-112.00
[16:36:48.884] -723.00,200.00,-180.00
[16:36:48.922] -777.00,150.00,-231.00
[16:36:48.962] -890.00,36.00,-318.00
[16:36:49.003] -931.00,-12.00,-323.00
[16:36:49.043] -1117.00,-200.00,-481.00
[16:36:49.083] -1191.00,-355.00,-590.00
[16:36:49.123] -1276.00,-528.00,-726.00
[16:36:49.162] -1327.00,-825.00,-945.00
[16:36:49.202] -1286.00,-1065.00,-1136.00
[16:36:49.243] -1183.00,-1326.00,-1320.00
[16:36:49.284] -976.00,-1571.00,-1468.00
[16:36:49.323] -767.00,-1742.00,-1592.00
[16:36:49.364] -555.00,-1826.00,-1713.00
[16:36:49.403] -347.00,-1882.00,-1796.00
[16:36:49.442] -127.00,-1882.00,-1858.00
[16:36:49.484] 7.00,-1882.00,-1907.00
[16:36:49.523] 193.00,-1873.00,-1925.00
[16:36:49.563] 393.00,-1845.00,-1910.00
[16:36:49.604] 538.00,-1818.00,-1868.00
[16:36:49.643] 687.00,-1752.00,-1842.00
[16:36:49.683] 871.00,-1618.00,-1815.00
[16:36:49.723] 1066.00,-1338.00,-1788.00
[16:36:49.763] 1176.00,-1151.00,-1721.00
[16:36:49.803] 1247.00,-1017.00,-1662.00
[16:36:49.842] 1278.00,-937.00,-1638.00
[16:36:49.882] 1325.00,-843.00,-1602.00
[16:36:49.927] 1435.00,-708.00,-1500.00
[16:36:49.950] 1547.00,-571.00,-1361.00
[16:36:50.003] 1608.00,-471.00,-1211.00
[16:36:50.043] 1637.00,-318.00,-1005.00
[16:36:50.082] 1616.00,-141.00,-813.00
[16:36:50.122] 1562.00,36.00,-685.00
[16:36:50.163] 1383.00,268.00,-656.00
[16:36:50.203] 1202.00,440.00,-723.00
[16:36:50.243] 956.00,600.00,-825.00
[16:36:50.283] 713.00,701.00,-903.00
[16:36:50.323] 383.00,740.00,-990.00
[16:36:50.364] 176.00,732.00,-1090.00
[16:36:50.403] -35.00,695.00,-1172.00
[16:36:50.443] -230.00,616.00,-1216.00
[16:36:50.483] -380.00,558.00,-1216.00
[16:36:50.522] -450.00,526.00,-1223.00
[16:36:50.563] -863.00,305.00,-1085.00
[16:36:50.603] -1002.00,171.00,-876.00
[16:36:50.643] -1056.00,73.00,-602.00
[16:36:50.684] -1025.00,-10.00,-313.00
[16:36:50.722] -966.00,-76.00,-92.00
[16:36:50.762] -858.00,-78.00,90.00
[16:36:50.804] -680.00,-17.00,192.00
[16:36:50.843] -552.00,57.00,206.00
[16:36:50.884] -480.00,147.00,180.00
[16:36:50.923] -431.00,215.00,115.00
[16:36:50.962] -506.00,231.00,17.00
[16:36:51.002] -555.00,207.00,-32.00
[16:36:51.043] -770.00,73.00,-148.00
[16:36:51.083] -907.00,-10.00,-255.00
[16:36:51.123] -1005.00,-91.00,-345.00
[16:36:51.163] -1158.00,-197.00,-551.00
[16:36:51.202] -1225.00,-292.00,-713.00
[16:36:51.242] -1283.00,-445.00,-925.00
[16:36:51.281] -1293.00,-656.00,-1180.00
[16:36:51.323] -1207.00,-980.00,-1437.00
[16:36:51.364] -956.00,-1378.00,-1675.00
[16:36:51.402] -687.00,-1618.00,-1786.00
[16:36:51.442] -440.00,-1763.00,-1835.00
[16:36:51.482] -245.00,-1858.00,-1837.00
[16:36:51.523] -120.00,-1885.00,-1888.00
[16:36:51.565] 76.00,-1832.00,-1961.00
[16:36:51.603] 211.00,-1737.00,-2026.00
[16:36:51.630] 362.00,-1607.00,-2092.00
[16:36:51.683] 482.00,-1471.00,-2126.00
[16:36:51.722] 585.00,-1257.00,-2160.00
[16:36:51.764] 711.00,-985.00,-2152.00
[16:36:51.804] 765.00,-840.00,-2108.00
[16:36:51.844] 885.00,-616.00,-2000.00
[16:36:51.882] 990.00,-518.00,-1912.00
[16:36:51.922] 1068.00,-508.00,-1811.00
[16:36:51.962] 1132.00,-476.00,-1723.00
[16:36:52.003] 1217.00,-435.00,-1655.00
[16:36:52.044] 1217.00,-435.00,-1655.00
[16:36:52.082] 1325.00,-188.00,-1448.00
[16:36:52.122] 1371.00,-15.00,-1306.00
[16:36:52.163] 1371.00,141.00,-1146.00
[16:36:52.203] 1327.00,266.00,-1015.00
[16:36:52.243] 1232.00,397.00,-930.00
[16:36:52.283] 1135.00,511.00,-915.00
[16:36:52.310] 978.00,573.00,-958.00
[16:36:52.362] 821.00,653.00,-1017.00
[16:36:52.403] 648.00,697.00,-1090.00
[16:36:52.444] 440.00,701.00,-1180.00
[16:36:52.483] 232.00,692.00,-1242.00
[16:36:52.510] 71.00,675.00,-1257.00
[16:36:52.562] -106.00,632.00,-1303.00
[16:36:52.602] -418.00,511.00,-1322.00
[16:36:52.642] -628.00,418.00,-1250.00
[16:36:52.683] -818.00,323.00,-1043.00
[16:36:52.723] -920.00,281.00,-825.00
[16:36:52.763] -946.00,215.00,-538.00
[16:36:52.790] -917.00,131.00,-277.00
[16:36:52.843] -828.00,57.00,-35.00
[16:36:52.868] -687.00,0.00,156.00
[16:36:52.923] -485.00,-20.00,311.00
[16:36:52.963] -365.00,-33.00,371.00
[16:36:53.002] -291.00,7.00,355.00
[16:36:53.042] -278.00,46.00,318.00
[16:36:53.082] -347.00,145.00,208.00
[16:36:53.123] -491.00,138.00,105.00
[16:36:53.163] -677.00,65.00,-53.00
[16:36:53.204] -833.00,7.00,-177.00
[16:36:53.243] -968.00,-76.00,-267.00
[16:36:53.282] -1158.00,-271.00,-422.00
[16:36:53.322] -1293.00,-537.00,-590.00
[16:36:53.364] -1340.00,-827.00,-783.00
[16:36:53.404] -1322.00,-1120.00,-1053.00
[16:36:53.443] -1115.00,-1436.00,-1393.00
[16:36:53.483] -931.00,-1612.00,-1512.00
[16:36:53.522] -672.00,-1811.00,-1638.00
[16:36:53.564] -672.00,-1811.00,-1638.00
[16:36:53.603] -288.00,-1958.00,-1755.00
[16:36:53.644] -112.00,-1950.00,-1815.00
[16:36:53.682] -5.00,-1940.00,-1850.00
[16:36:53.722] 157.00,-1892.00,-1917.00
[16:36:53.762] 306.00,-1858.00,-1920.00
[16:36:53.804] 477.00,-1778.00,-1946.00
[16:36:53.843] 628.00,-1663.00,-1963.00
[16:36:53.883] 861.00,-1481.00,-1905.00
[16:36:53.922] 1051.00,-1326.00,-1801.00
[16:36:53.962] 1205.00,-1165.00,-1685.00
[16:36:54.003] 1278.00,-1046.00,-1575.00
[16:36:54.031] 1330.00,-958.00,-1495.00
[16:36:54.083] 1403.00,-875.00,-1415.00
[16:36:54.122] 1596.00,-675.00,-1155.00
[16:36:54.163] 1657.00,-542.00,-1007.00
[16:36:54.203] 1680.00,-286.00,-745.00
[16:36:54.243] 1580.00,-55.00,-532.00
[16:36:54.283] 1406.00,210.00,-398.00
[16:36:54.323] 1158.00,435.00,-326.00
[16:36:54.363] 756.00,645.00,-277.00
[16:36:54.402] 391.00,730.00,-265.00
[16:36:54.442] 71.00,721.00,-250.00
[16:36:54.483] -163.00,675.00,-255.00
[16:36:54.523] -365.00,621.00,-291.00
[16:36:54.563] -457.00,566.00,-306.00
[16:36:54.602] -685.00,437.00,-355.00
[16:36:54.642] -828.00,316.00,-357.00
[16:36:54.682] -961.00,162.00,-316.00
[16:36:54.723] -1051.00,-22.00,-238.00
[16:36:54.764] -1092.00,-245.00,-131.00
[16:36:54.803] -1022.00,-435.00,35.00
[16:36:54.843] -976.00,-535.00,148.00
[16:36:54.883] -851.00,-595.00,275.00
[16:36:54.923] -667.00,-587.00,425.00
[16:36:54.963] -550.00,-563.00,481.00
[16:36:55.003] -460.00,-485.00,520.00
[16:36:55.042] -360.00,-368.00,491.00
[16:36:55.082] -347.00,-236.00,456.00
[16:36:55.122] -380.00,-145.00,383.00
[16:36:55.163] -511.00,-91.00,262.00
[16:36:55.203] -692.00,-157.00,143.00
[16:36:55.242] -831.00,-250.00,35.00
[16:36:55.283] -992.00,-357.00,-126.00
[16:36:55.322] -1081.00,-455.00,-231.00
[16:36:55.363] -1261.00,-618.00,-495.00
[16:36:55.403] -1303.00,-785.00,-728.00
[16:36:55.443] -1291.00,-1030.00,-1005.00
[16:36:55.483] -1198.00,-1260.00,-1275.00
[16:36:55.522] -1041.00,-1402.00,-1476.00
[16:36:55.562] -777.00,-1581.00,-1726.00
[16:36:55.603] -618.00,-1631.00,-1822.00
[16:36:55.643] -63.00,-1687.00,-2036.00
[16:36:55.683] 227.00,-1647.00,-2062.00
[16:36:55.710] 475.00,-1631.00,-2048.00
[16:36:55.763] 626.00,-1605.00,-2012.00
[16:36:55.803] 805.00,-1547.00,-1963.00
[16:36:55.842] 917.00,-1428.00,-1958.00
[16:36:55.883] 1030.00,-1248.00,-1946.00
[16:36:55.924] 1140.00,-1067.00,-1888.00
[16:36:55.963] 1222.00,-882.00,-1808.00
[16:36:56.002] 1296.00,-748.00,-1713.00
[16:36:56.043] 1342.00,-627.00,-1575.00
[16:36:56.082] 1371.00,-590.00,-1520.00
[16:36:56.123] 1440.00,-542.00,-1332.00
[16:36:56.164] 1516.00,-513.00,-1157.00
[16:36:56.203] 1575.00,-463.00,-978.00
[16:36:56.242] 1618.00,-383.00,-801.00
[16:36:56.282] 1618.00,-262.00,-626.00
[16:36:56.323] 1580.00,-86.00,-476.00
[16:36:56.363] 1496.00,93.00,-386.00
[16:36:56.404] 1352.00,271.00,-337.00
[16:36:56.442] 1183.00,458.00,-326.00
[16:36:56.482] 871.00,635.00,-313.00
[16:36:56.522] 672.00,708.00,-326.00
[16:36:56.563] 345.00,806.00,-347.00
[16:36:56.603] 140.00,775.00,-371.00
[16:36:56.642] -76.00,772.00,-427.00
[16:36:56.682] -335.00,706.00,-522.00
[16:36:56.722] -601.00,590.00,-675.00
[16:36:56.763] -738.00,502.00,-816.00
[16:36:56.803] -843.00,395.00,-932.00
[16:36:56.843] -941.00,247.00,-1048.00
[16:36:56.882] -1053.00,78.00,-1136.00
[16:36:56.923] -1178.00,-168.00,-1131.00
[16:36:56.962] -1286.00,-345.00,-1005.00
[16:36:57.003] -1310.00,-466.00,-857.00
[16:36:57.043] -1352.00,-687.00,-543.00
[16:36:57.083] -1320.00,-796.00,-345.00
[16:36:57.110] -1288.00,-840.00,-272.00
[16:36:57.163] -997.00,-970.00,165.00
[16:36:57.202] -785.00,-930.00,365.00
[16:36:57.230] -506.00,-816.00,517.00
[16:36:57.283] -350.00,-692.00,566.00
[16:36:57.322] -270.00,-568.00,548.00
[16:36:57.363] -311.00,-492.00,481.00
[16:36:57.403] -491.00,-476.00,352.00
[16:36:57.443] -662.00,-495.00,233.00
[16:36:57.483] -818.00,-556.00,110.00
[16:36:57.522] -985.00,-571.00,-76.00
[16:36:57.562] -1168.00,-600.00,-347.00
[16:36:57.602] -1191.00,-621.00,-417.00
[16:36:57.642] -1291.00,-740.00,-750.00
[16:36:57.683] -1291.00,-911.00,-1012.00
[16:36:57.723] -1250.00,-1070.00,-1242.00
[16:36:57.763] -1140.00,-1238.00,-1422.00
[16:36:57.802] -982.00,-1410.00,-1643.00
[16:36:57.842] -711.00,-1550.00,-1822.00
[16:36:57.883] -278.00,-1583.00,-2046.00
[16:36:57.923] 37.00,-1538.00,-2131.00
[16:36:57.964] 318.00,-1431.00,-2186.00
[16:36:58.002] 526.00,-1286.00,-2203.00
[16:36:58.042] 697.00,-1098.00,-2186.00
[16:36:58.082] 792.00,-906.00,-2175.00
[16:36:58.123] 861.00,-748.00,-2126.00
[16:36:58.163] 912.00,-592.00,-2062.00
[16:36:58.203] 958.00,-478.00,-1982.00
[16:36:58.242] 966.00,-405.00,-1941.00
[16:36:58.282] 971.00,-390.00,-1915.00
[16:36:58.322] 971.00,-437.00,-1915.00
[16:36:58.363] 915.00,-552.00,-1948.00
[16:36:58.403] 897.00,-666.00,-1990.00
[16:36:58.442] 861.00,-766.00,-2012.00
[16:36:58.482] 812.00,-856.00,-2041.00
[16:36:58.522] 753.00,-988.00,-2058.00
[16:36:58.563] 672.00,-1115.00,-2087.00
[16:36:58.603] 582.00,-1283.00,-2092.00
[16:36:58.644] 582.00,-1283.00,-2092.00
[16:36:58.682] 367.00,-1495.00,-2072.00
[16:36:58.722] 298.00,-1573.00,-2056.00
[16:36:58.762] 230.00,-1616.00,-2036.00
[16:36:58.804] 147.00,-1640.00,-2036.00
[16:36:58.843] 56.00,-1663.00,-2005.00
[16:36:58.882] 10.00,-1663.00,-2007.00
[16:36:58.922] -37.00,-1663.00,-1992.00
[16:36:58.962] -42.00,-1663.00,-1973.00
[16:36:59.002] -71.00,-1640.00,-1963.00
[16:36:59.043] -50.00,-1647.00,-1948.00
[16:36:59.083] -122.00,-1731.00,-1891.00
[16:36:59.122] -157.00,-1750.00,-1852.00
[16:36:59.162] -270.00,-1892.00,-1726.00
[16:36:59.203] -327.00,-1935.00,-1618.00
[16:36:59.242] -411.00,-1987.00,-1507.00
[16:36:59.283] -480.00,-2018.00,-1332.00
[16:36:59.323] -528.00,-2030.00,-1203.00
[16:36:59.362] -626.00,-2037.00,-992.00
[16:36:59.403] -705.00,-2025.00,-855.00
[16:36:59.442] -741.00,-2008.00,-742.00
[16:36:59.484] -767.00,-1987.00,-662.00
[16:36:59.523] -777.00,-1973.00,-600.00
[16:36:59.562] -770.00,-1971.00,-525.00
[16:36:59.602] -775.00,-1963.00,-442.00
[16:36:59.642] -746.00,-1953.00,-393.00
[16:36:59.682] -731.00,-1945.00,-255.00
[16:36:59.723] -685.00,-1926.00,-158.00
[16:36:59.763] -618.00,-1935.00,-22.00
[16:36:59.791] -560.00,-1930.00,51.00
[16:36:59.842] -460.00,-1923.00,131.00
[16:36:59.883] -345.00,-1926.00,180.00
[16:36:59.921] -240.00,-1923.00,238.00
[16:36:59.963] -142.00,-1921.00,288.00
[16:37:00.003] 2.00,-1911.00,288.00
[16:37:00.042] 106.00,-1921.00,316.00
[16:37:00.083] 196.00,-1950.00,288.00
[16:37:00.122] 270.00,-1963.00,257.00
[16:37:00.163] 270.00,-1963.00,257.00
[16:37:00.203] 433.00,-1997.00,172.00
[16:37:00.243] 498.00,-2032.00,131.00
[16:37:00.282] 575.00,-2037.00,61.00
[16:37:00.322] 655.00,-2077.00,-37.00
[16:37:00.363] 728.00,-2061.00,-76.00
[16:37:00.403] 797.00,-2063.00,-136.00
[16:37:00.442] 828.00,-2085.00,-197.00
[16:37:00.482] 863.00,-2077.00,-241.00
[16:37:00.522] 905.00,-2077.00,-308.00
[16:37:00.561] 948.00,-2071.00,-365.00
[16:37:00.603] 973.00,-2068.00,-417.00
[16:37:00.643] 973.00,-2061.00,-466.00
[16:37:00.682] 1027.00,-2051.00,-553.00
[16:37:00.722] 1056.00,-2040.00,-585.00
[16:37:00.762] 1063.00,-2035.00,-612.00
[16:37:00.803] 1056.00,-2035.00,-592.00
[16:37:00.844] 1030.00,-2037.00,-548.00
[16:37:00.883] 1005.00,-2047.00,-473.00
[16:37:00.922] 948.00,-2058.00,-365.00
[16:37:00.962] 868.00,-2082.00,-265.00
[16:37:01.003] 758.00,-2080.00,-167.00
[16:37:01.041] 641.00,-2108.00,-68.00
[16:37:01.083] 491.00,-2090.00,35.00
[16:37:01.123] 375.00,-2095.00,68.00
[16:37:01.162] 237.00,-2113.00,78.00
[16:37:01.202] -10.00,-2135.00,92.00
[16:37:01.243] -191.00,-2106.00,48.00
[16:37:01.283] -360.00,-2077.00,10.00
[16:37:01.323] -521.00,-2051.00,-73.00
[16:37:01.362] -667.00,-2006.00,-180.00
[16:37:01.403] -833.00,-1956.00,-378.00
[16:37:01.430] -933.00,-1916.00,-568.00
[16:37:01.483] -995.00,-1845.00,-775.00
[16:37:01.524] -1012.00,-1821.00,-912.00
[16:37:01.550] -1017.00,-1761.00,-1025.00
[16:37:01.602] -990.00,-1740.00,-1068.00
[16:37:01.643] -1005.00,-1716.00,-1138.00
[16:37:01.682] -1071.00,-1597.00,-1177.00
[16:37:01.723] -1151.00,-1436.00,-1162.00
[16:37:01.764] -1240.00,-1238.00,-1128.00
[16:37:01.802] -1310.00,-1022.00,-1017.00
[16:37:01.842] -1342.00,-813.00,-925.00
[16:37:01.882] -1337.00,-580.00,-827.00
[16:37:01.922] -1330.00,-428.00,-806.00
[16:37:01.963] -1198.00,-121.00,-772.00
[16:37:02.005] -1100.00,43.00,-780.00
[16:37:02.042] -966.00,215.00,-762.00
[16:37:02.083] -812.00,337.00,-738.00
[16:37:02.123] -702.00,411.00,-757.00
[16:37:02.163] -702.00,411.00,-757.00
[16:37:02.203] -567.00,482.00,-793.00
[16:37:02.242] -567.00,497.00,-798.00
[16:37:02.282] -606.00,452.00,-801.00
[16:37:02.322] -723.00,387.00,-793.00
[16:37:02.363] -907.00,242.00,-762.00
[16:37:02.404] -1022.00,141.00,-728.00
[16:37:02.443] -1220.00,-162.00,-675.00
[16:37:02.482] -1310.00,-437.00,-660.00
[16:37:02.522] -1373.00,-742.00,-643.00
[16:37:02.562] -1360.00,-1070.00,-660.00
[16:37:02.601] -1261.00,-1381.00,-648.00
[16:37:02.643] -1151.00,-1642.00,-660.00
[16:37:02.683] -968.00,-1908.00,-680.00
[16:37:02.724] -487.00,-2253.00,-697.00
[16:37:02.762] -86.00,-2353.00,-765.00
[16:37:02.801] 255.00,-2351.00,-891.00
[16:37:02.843] 543.00,-2258.00,-1027.00
[16:37:02.883] 851.00,-2075.00,-1160.00
[16:37:02.922] 1035.00,-1887.00,-1228.00
[16:37:02.962] 1193.00,-1678.00,-1278.00
[16:37:03.003] 1315.00,-1476.00,-1291.00
[16:37:03.041] 1401.00,-1328.00,-1250.00
[16:37:03.083] 1478.00,-1217.00,-1155.00
[16:37:03.124] 1506.00,-1198.00,-1100.00
[16:37:03.162] 1521.00,-1215.00,-1077.00
[16:37:03.203] 1493.00,-1315.00,-1082.00
[16:37:03.242] 1422.00,-1447.00,-1090.00
[16:37:03.283] 1371.00,-1610.00,-1080.00
[16:37:03.324] 1196.00,-1856.00,-1072.00
[16:37:03.362] 1073.00,-1973.00,-1048.00
[16:37:03.402] 792.00,-2151.00,-1022.00
[16:37:03.442] 518.00,-2282.00,-1010.00
[16:37:03.481] 235.00,-2346.00,-971.00
[16:37:03.523] -50.00,-2338.00,-942.00
[16:37:03.562] -421.00,-2263.00,-903.00
[16:37:03.602] -567.00,-2203.00,-857.00
[16:37:03.643] -731.00,-2113.00,-883.00
[16:37:03.682] -731.00,-2113.00,-883.00
[16:37:03.721] -841.00,-2025.00,-935.00
[16:37:03.763] -838.00,-2018.00,-948.00
[16:37:03.802] -800.00,-2018.00,-961.00
[16:37:03.842] -797.00,-2032.00,-937.00
[16:37:03.882] -812.00,-2035.00,-901.00
[16:37:03.921] -838.00,-2001.00,-825.00
[16:37:03.963] -882.00,-1992.00,-801.00
[16:37:04.002] -880.00,-1980.00,-803.00
[16:37:04.042] -828.00,-2008.00,-788.00
[16:37:04.082] -812.00,-2030.00,-713.00
[16:37:04.121] -775.00,-2027.00,-515.00
[16:37:04.161] -751.00,-2040.00,-393.00
[16:37:04.203] -700.00,-2045.00,-282.00
[16:37:04.242] -582.00,-1990.00,-61.00
[16:37:04.282] -506.00,-1958.00,35.00
[16:37:04.323] -401.00,-1902.00,161.00
[16:37:04.361] -257.00,-1811.00,326.00
[16:37:04.390] -101.00,-1733.00,391.00
[16:37:04.442] 20.00,-1673.00,447.00
[16:37:04.482] 110.00,-1610.00,481.00
[16:37:04.522] 42.00,-1581.00,510.00
[16:37:04.562] -147.00,-1573.00,483.00
[16:37:04.602] -431.00,-1533.00,437.00
[16:37:04.643] -723.00,-1518.00,321.00
[16:37:04.682] -858.00,-1526.00,216.00
[16:37:04.722] -1112.00,-1610.00,-133.00
[16:37:04.763] -1171.00,-1657.00,-360.00
[16:37:04.801] -1168.00,-1721.00,-525.00
[16:37:04.843] -1151.00,-1805.00,-618.00
[16:37:04.882] -1102.00,-1856.00,-690.00
[16:37:04.922] -1092.00,-1861.00,-711.00
[16:37:04.962] -1135.00,-1832.00,-718.00
[16:37:05.002] -1178.00,-1773.00,-680.00
[16:37:05.044] -1240.00,-1673.00,-602.00
[16:37:05.083] -1327.00,-1557.00,-566.00
[16:37:05.123] -1416.00,-1370.00,-530.00
[16:37:05.162] -1478.00,-1122.00,-571.00
[16:37:05.202] -1506.00,-882.00,-587.00
[16:37:05.243] -1478.00,-635.00,-612.00
[16:37:05.283] -1437.00,-390.00,-638.00
[16:37:05.323] -1342.00,-155.00,-636.00
[16:37:05.362] -1247.00,31.00,-628.00
[16:37:05.402] -1135.00,173.00,-636.00
