# Serial Log - 2026-04-16T21:15:13.322008
# Port: COM14 @ 115200bps
#============================================================
[21:15:13.351] 890.00,-556.00,-2010.00
[21:15:13.395] 890.00,-556.00,-2010.00
[21:15:13.438] 1301.00,-825.00,-1691.00
[21:15:13.478] 1435.00,-977.00,-1517.00
[21:15:13.518] 1532.00,-1186.00,-1283.00
[21:15:13.557] 1547.00,-1312.00,-1155.00
[21:15:13.596] 1555.00,-1436.00,-958.00
[21:15:13.638] 1550.00,-1481.00,-783.00
[21:15:13.678] 1501.00,-1541.00,-592.00
[21:15:13.717] 1416.00,-1605.00,-403.00
[21:15:13.757] 1288.00,-1671.00,-156.00
[21:15:13.797] 1173.00,-1671.00,0.00
[21:15:13.834] 1112.00,-1631.00,90.00
[21:15:13.873] 1076.00,-1640.00,117.00
[21:15:13.917] 887.00,-1583.00,293.00
[21:15:13.957] 751.00,-1507.00,430.00
[21:15:13.994] 521.00,-1436.00,543.00
[21:15:14.038] 293.00,-1386.00,615.00
[21:15:14.078] 61.00,-1338.00,656.00
[21:15:14.117] -186.00,-1248.00,651.00
[21:15:14.156] -421.00,-1153.00,618.00
[21:15:14.193] -651.00,-1053.00,522.00
[21:15:14.238] -890.00,-943.00,393.00
[21:15:14.278] -1005.00,-890.00,301.00
[21:15:14.317] -1151.00,-840.00,138.00
[21:15:14.357] -1212.00,-813.00,58.00
[21:15:14.394] -1360.00,-780.00,-195.00
[21:15:14.437] -1435.00,-735.00,-401.00
[21:15:14.478] -1473.00,-692.00,-641.00
[21:15:14.515] -1481.00,-671.00,-775.00
[21:15:14.557] -1450.00,-642.00,-973.00
[21:15:14.597] -1425.00,-658.00,-1123.00
[21:15:14.633] -1398.00,-703.00,-1250.00
[21:15:14.678] -1357.00,-822.00,-1355.00
[21:15:14.718] -1310.00,-898.00,-1378.00
[21:15:14.758] -1301.00,-996.00,-1398.00
[21:15:14.795] -1315.00,-1072.00,-1396.00
[21:15:14.837] -1312.00,-1148.00,-1350.00
[21:15:14.878] -1310.00,-1238.00,-1281.00
[21:15:14.917] -1298.00,-1352.00,-1182.00
[21:15:14.957] -1286.00,-1412.00,-1133.00
[21:15:14.995] -1281.00,-1486.00,-1010.00
[21:15:15.040] -1263.00,-1547.00,-881.00
[21:15:15.078] -1222.00,-1571.00,-733.00
[21:15:15.117] -1217.00,-1581.00,-597.00
[21:15:15.157] -1196.00,-1565.00,-478.00
[21:15:15.196] -1176.00,-1562.00,-391.00
[21:15:15.238] -1176.00,-1528.00,-280.00
[21:15:15.278] -1173.00,-1510.00,-233.00
[21:15:15.318] -1153.00,-1391.00,-97.00
[21:15:15.357] -1140.00,-1278.00,7.00
[21:15:15.392] -1095.00,-1046.00,177.00
[21:15:15.427] -1000.00,-825.00,282.00
[21:15:15.465] -915.00,-635.00,342.00
[21:15:15.518] -812.00,-468.00,396.00
[21:15:15.557] -718.00,-268.00,391.00
[21:15:15.597] -633.00,-86.00,345.00
[21:15:15.623] -567.00,73.00,236.00
[21:15:15.678] -538.00,207.00,115.00
[21:15:15.709] -536.00,283.00,25.00
[21:15:15.758] -543.00,331.00,-56.00
[21:15:15.788] -557.00,378.00,-165.00
[21:15:15.838] -538.00,437.00,-332.00
[21:15:15.874] -523.00,478.00,-432.00
[21:15:15.915] -482.00,545.00,-618.00
[21:15:15.957] -365.00,576.00,-798.00
[21:15:15.997] -191.00,595.00,-968.00
[21:15:16.037] 0.00,582.00,-1141.00
[21:15:16.078] 245.00,508.00,-1283.00
[21:15:16.118] 536.00,387.00,-1402.00
[21:15:16.157] 728.00,250.00,-1461.00
[21:15:16.196] 951.00,88.00,-1502.00
[21:15:16.234] 987.00,52.00,-1512.00
[21:15:16.278] 1286.00,-260.00,-1396.00
[21:15:16.317] 1455.00,-447.00,-1218.00
[21:15:16.358] 1588.00,-658.00,-948.00
[21:15:16.393] 1618.00,-792.00,-767.00
[21:15:16.435] 1598.00,-941.00,-507.00
[21:15:16.478] 1557.00,-1012.00,-350.00
[21:15:16.518] 1521.00,-1062.00,-236.00
[21:15:16.557] 1473.00,-1091.00,-128.00
[21:15:16.596] 1440.00,-1106.00,-87.00
[21:15:16.637] 1368.00,-1035.00,46.00
[21:15:16.678] 1310.00,-935.00,156.00
[21:15:16.717] 1261.00,-870.00,197.00
[21:15:16.758] 1015.00,-668.00,381.00
[21:15:16.798] 795.00,-532.00,525.00
[21:15:16.836] 533.00,-473.00,626.00
[21:15:16.861] 206.00,-450.00,667.00
[21:15:16.917] -125.00,-437.00,670.00
[21:15:16.957] -465.00,-383.00,561.00
[21:15:16.996] -753.00,-337.00,388.00
[21:15:17.037] -1015.00,-268.00,161.00
[21:15:17.073] -1095.00,-221.00,25.00
[21:15:17.113] -1166.00,-195.00,-117.00
[21:15:17.157] -1227.00,-138.00,-243.00
[21:15:17.197] -1210.00,-112.00,-291.00
[21:15:17.237] -1183.00,-2.00,-445.00
[21:15:17.278] -1166.00,52.00,-566.00
[21:15:17.318] -1153.00,110.00,-685.00
[21:15:17.357] -1117.00,131.00,-811.00
[21:15:17.395] -1088.00,133.00,-973.00
[21:15:17.437] -1078.00,105.00,-1138.00
[21:15:17.478] -1051.00,2.00,-1306.00
[21:15:17.518] -1095.00,-176.00,-1495.00
[21:15:17.557] -1076.00,-302.00,-1585.00
[21:15:17.596] -1043.00,-508.00,-1713.00
[21:15:17.637] -982.00,-647.00,-1820.00
[21:15:17.673] -951.00,-758.00,-1871.00
[21:15:17.718] -846.00,-1035.00,-1935.00
[21:15:17.778] -772.00,-1328.00,-1920.00
[21:15:17.816] -733.00,-1476.00,-1873.00
[21:15:17.836] -707.00,-1742.00,-1718.00
[21:15:17.871] -746.00,-1882.00,-1541.00
[21:15:17.961] -787.00,-1990.00,-1352.00
[21:15:17.981] -818.00,-2056.00,-1092.00
[21:15:17.996] -843.00,-2085.00,-837.00
[21:15:18.035] -826.00,-2068.00,-648.00
[21:15:18.078] -836.00,-2051.00,-497.00
[21:15:18.118] -818.00,-2008.00,-352.00
[21:15:18.157] -838.00,-1956.00,-257.00
[21:15:18.197] -882.00,-1866.00,-165.00
[21:15:18.326] -
[21:15:18.328] 938.00,-1716.00,-56.00
[21:15:18.329] -966.00,-1602.00,17.00
[21:15:18.331] -966.00,-1370.00,148.00
[21:15:18.341] -953.00,-1143.00,282.00
[21:15:18.395] -846.00,-906.00,378.00
[21:15:18.433] -697.00,-603.00,463.00
[21:15:18.478] -603.00,-416.00,491.00
[21:15:18.518] -370.00,-67.00,406.00
[21:15:18.557] -216.00,168.00,265.00
[21:15:18.593] -96.00,347.00,95.00
[21:15:18.638] -96.00,347.00,95.00
[21:15:18.678] 120.00,611.00,-422.00
[21:15:18.717] 191.00,621.00,-582.00
[21:15:18.757] 211.00,618.00,-670.00
[21:15:18.796] 257.00,616.00,-767.00
[21:15:18.838] 265.00,603.00,-925.00
[21:15:18.878] 288.00,590.00,-1038.00
[21:15:18.918] 418.00,535.00,-1092.00
[21:15:18.957] 491.00,516.00,-1095.00
[21:15:18.996] 680.00,458.00,-1043.00
[21:15:19.038] 871.00,371.00,-973.00
[21:15:19.078] 1010.00,302.00,-915.00
[21:15:19.116] 1058.00,255.00,-888.00
[21:15:19.157] 1310.00,-22.00,-680.00
[21:15:19.195] 1396.00,-157.00,-530.00
[21:15:19.236] 1425.00,-297.00,-388.00
[21:15:19.278] 1425.00,-400.00,-238.00
[21:15:19.318] 1398.00,-468.00,-110.00
[21:15:19.357] 1350.00,-535.00,10.00
[21:15:19.397] 1268.00,-561.00,117.00
[21:15:19.437] 1148.00,-561.00,247.00
[21:15:19.475] 971.00,-487.00,381.00
[21:15:19.518] 818.00,-447.00,466.00
[21:15:19.558] 587.00,-423.00,538.00
[21:15:19.592] 262.00,-423.00,621.00
[21:15:19.637] 17.00,-352.00,612.00
[21:15:19.673] -168.00,-231.00,568.00
[21:15:19.718] -406.00,-62.00,456.00
[21:15:19.757] -575.00,36.00,330.00
[21:15:19.796] -716.00,65.00,208.00
[21:15:19.837] -880.00,57.00,85.00
[21:15:19.878] -971.00,43.00,-17.00
[21:15:19.918] -1053.00,62.00,-148.00
[21:15:19.957] -1073.00,81.00,-228.00
[21:15:19.994] -1105.00,112.00,-337.00
[21:15:20.035] -1068.00,141.00,-386.00
[21:15:20.078] -1002.00,236.00,-515.00
[21:15:20.116] -956.00,307.00,-568.00
[21:15:20.157] -843.00,383.00,-796.00
[21:15:20.194] -777.00,376.00,-1082.00
[21:15:20.238] -726.00,286.00,-1337.00
[21:15:20.278] -672.00,155.00,-1580.00
[21:15:20.318] -611.00,-93.00,-1847.00
[21:15:20.357] -541.00,-266.00,-1968.00
[21:15:20.391] -426.00,-537.00,-2100.00
[21:15:20.432] -352.00,-745.00,-2172.00
[21:15:20.478] -242.00,-988.00,-2182.00
[21:15:20.516] -203.00,-1115.00,-2191.00
[21:15:20.558] -58.00,-1452.00,-2126.00
[21:15:20.592] 20.00,-1605.00,-2075.00
[21:15:20.638] 152.00,-1871.00,-1891.00
[21:15:20.678] 213.00,-2032.00,-1747.00
[21:15:20.717] 225.00,-2196.00,-1553.00
[21:15:20.758] 203.00,-2303.00,-1320.00
[21:15:20.831] 112.00,-2393.00,-1063.00
[21:15:20.831] 22.00,-2420.00,-755.00
[21:15:20.878] -78.00,-2341.00,-355.00
[21:15:20.918] -93.00,-2198.00,-20.00
[21:15:21.035] -42.00,-1980.00,265.00
[21:15:21.039] 42.00,-1768.00,437.00
[21:15:21.039] 245.00,-1436.00,612.00
[21:15:21.078] 418.00,-1170.00,667.00
[21:15:21.117] 575.00,-908.00,665.00
[21:15:21.157] 697.00,-651.00,615.00
[21:15:21.188] 743.00,-445.00,546.00
[21:15:21.231] 753.00,-290.00,473.00
[21:15:21.277] 731.00,-157.00,422.00
[21:15:21.358] 685.00,28.00,330.00
[21:15:21.382] 692.00,233.00,136.00
[21:15:21.398] 692.00,390.00,-37.00
[21:15:21.436] 662.00,487.00,-228.00
[21:15:21.473] 633.00,540.00,-432.00
[21:15:21.513] 626.00,556.00,-538.00
[21:15:21.557] 623.00,563.00,-633.00
[21:15:21.595] 621.00,573.00,-703.00
[21:15:21.635] 606.00,563.00,-755.00
[21:15:21.676] 648.00,545.00,-821.00
[21:15:21.717] 695.00,506.00,-835.00
[21:15:21.757] 733.00,482.00,-871.00
[21:15:21.796] 785.00,445.00,-881.00
[21:15:21.837] 868.00,395.00,-837.00
[21:15:21.878] 971.00,326.00,-770.00
[21:15:21.917] 1035.00,290.00,-687.00
[21:15:21.957] 1066.00,255.00,-638.00
[21:15:21.997] 1102.00,197.00,-543.00
[21:15:22.038] 1115.00,160.00,-476.00
[21:15:22.078] 1146.00,155.00,-417.00
[21:15:22.118] 1132.00,150.00,-376.00
[21:15:22.157] 1097.00,157.00,-303.00
[21:15:22.192] 1038.00,186.00,-216.00
[21:15:22.224] 890.00,260.00,-131.00
[21:15:22.276] 746.00,328.00,-71.00
[21:15:22.318] 565.00,413.00,-56.00
[21:15:22.357] 440.00,461.00,-41.00
[21:15:22.397] 225.00,473.00,-41.00
[21:15:22.433] 160.00,506.00,-35.00
[21:15:22.477] -103.00,447.00,7.00
[21:15:22.515] -265.00,431.00,53.00
[21:15:22.557] -391.00,392.00,17.00
[21:15:22.594] -513.00,392.00,-25.00
[21:15:22.638] -618.00,383.00,-107.00
[21:15:22.678] -705.00,333.00,-165.00
[21:15:22.715] -792.00,323.00,-190.00
[21:15:22.756] -807.00,305.00,-241.00
[21:15:22.796] -836.00,323.00,-293.00
[21:15:22.835] -843.00,360.00,-383.00
[21:15:22.878] -795.00,418.00,-510.00
[21:15:22.916] -772.00,435.00,-587.00
[21:15:22.957] -713.00,485.00,-777.00
[21:15:22.993] -638.00,492.00,-968.00
[21:15:23.035] -552.00,485.00,-1123.00
[21:15:23.076] -487.00,431.00,-1303.00
[21:15:23.118] -433.00,337.00,-1520.00
[21:15:23.156] -321.00,88.00,-1808.00
[21:15:23.192] -237.00,-131.00,-1997.00
[21:15:23.234] -173.00,-387.00,-2118.00
[21:15:23.275] -88.00,-585.00,-2172.00
[21:15:23.316] -17.00,-827.00,-2201.00
[21:15:23.357] 98.00,-1048.00,-2208.00
[21:15:23.396] 196.00,-1257.00,-2191.00
[21:15:23.436] 383.00,-1560.00,-2056.00
[21:15:23.476] 511.00,-1755.00,-1902.00
[21:15:23.517] 613.00,-1947.00,-1723.00
[21:15:23.557] 682.00,-2122.00,-1471.00
[21:15:23.609] 690.00,-2251.00,-1170.00
[21:15:23.753] 633.00,-2308.00,-945.00
[21:15:23.756] 603.00,-2341.00,-783.00
[21:15:23.764] 575.00,-2315.00,-453.00
[21:15:23.764] 567.00,-2222.00,-200.00
[21:15:23.792] 618.00,-2071.00,17.00
[21:15:23.834] 697.00,-1858.00,197.00
[21:15:23.876] 723.00,-1821.00,241.00
[21:15:23.917] 848.00,-1505.00,376.00
[21:15:23.956] 973.00,-1217.00,422.00
[21:15:23.996] 1068.00,-943.00,403.00
[21:15:24.037] 1142.00,-713.00,352.00
[21:15:24.078] 1171.00,-545.00,282.00
[21:15:24.115] 1168.00,-376.00,216.00
[21:15:24.156] 1156.00,-197.00,112.00
[21:15:24.197] 1191.00,-93.00,0.00
[21:15:24.223] 1235.00,-43.00,-102.00
[21:15:24.279] 1263.00,-20.00,-216.00
[21:15:24.342] 1278.00,2.00,-282.00
[21:15:24.342] 1288.00,41.00,-350.00
[21:15:24.397] 1198.00,126.00,-391.00
[21:15:24.434] 1146.00,188.00,-396.00
[21:15:24.476] 1083.00,250.00,-365.00
[21:15:24.518] 1061.00,262.00,-330.00
[21:15:24.564] 1063.00,215.00,-250.00
[21:15:24.592] 1063.00,160.00,-182.00
[21:15:24.636] 1081.00,65.00,-76.00
[21:15:24.677] 1097.00,-31.00,30.00
[21:15:24.718] 1076.00,-147.00,141.00
[21:15:24.758] 1061.00,-212.00,243.00
[21:15:24.793] 997.00,-368.00,347.00
[21:15:24.838] 963.00,-421.00,393.00
[21:15:24.878] 802.00,-521.00,502.00
[21:15:24.914] 682.00,-566.00,563.00
[21:15:24.957] 518.00,-600.00,621.00
[21:15:24.996] 278.00,-585.00,672.00
[21:15:25.037] 171.00,-528.00,667.00
[21:15:25.063] 22.00,-411.00,651.00
[21:15:25.113] -37.00,-257.00,605.00
[21:15:25.157] -40.00,-131.00,532.00
[21:15:25.196] -15.00,-20.00,473.00
[21:15:25.236] 15.00,46.00,417.00
[21:15:25.276] 0.00,102.00,398.00
[21:15:25.318] -35.00,97.00,383.00
[21:15:25.358] -186.00,123.00,345.00
[21:15:25.393] -327.00,218.00,236.00
[21:15:25.434] -460.00,297.00,68.00
[21:15:25.476] -582.00,371.00,-97.00
[21:15:25.518] -665.00,407.00,-330.00
[21:15:25.557] -707.00,440.00,-491.00
[21:15:25.597] -728.00,445.00,-621.00
[21:15:25.633] -716.00,461.00,-733.00
[21:15:25.676] -685.00,476.00,-830.00
[21:15:25.717] -655.00,490.00,-925.00
[21:15:25.853] -567.00,508.00,-1041.00
[21:15:25.858] -523.00,511.00,-1080.00
[21:15:25.863] -423.00,500.00,-1206.00
[21:15:25.867] -347.00,463.00,-1352.00
[21:15:25.978] -286.00,360.00,-1538.00
[21:15:25.979] -250.00,145.00,-1801.00
[21:15:25.994] -196.00,-15.00,-1941.00
[21:15:26.038] -132.00,-405.00,-2160.00
[21:15:26.064] -47.00,-766.00,-2235.00
[21:15:26.118] 45.00,-1080.00,-2235.00
[21:15:26.152] 201.00,-1328.00,-2193.00
[21:15:26.192] 337.00,-1545.00,-2092.00
[21:15:26.233] 547.00,-1850.00,-1897.00
[21:15:26.274] 660.00,-2003.00,-1726.00
[21:15:26.323] 795.00,-2118.00,-1485.00
[21:15:26.351] 895.00,-2193.00,-1221.00
[21:15:26.398] 1002.00,-2163.00,-922.00
[21:15:26.432] 1088.00,-2116.00,-651.00
[21:15:26.478] 1135.00,-1977.00,-326.00
[21:15:26.515] 1125.00,-1808.00,-76.00
[21:15:26.555] 1115.00,-1647.00,105.00
[21:15:26.596] 1053.00,-1423.00,275.00
[21:15:26.637] 995.00,-1170.00,420.00
[21:15:26.673] 938.00,-893.00,500.00
[21:15:26.717] 915.00,-671.00,495.00
[21:15:26.756] 910.00,-558.00,468.00
[21:15:26.796] 912.00,-102.00,238.00
[21:15:26.836] 948.00,131.00,5.00
[21:15:26.876] 1012.00,255.00,-285.00
[21:15:26.918] 1038.00,337.00,-541.00
[21:15:27.002] 1041.00,337.00,-723.00
[21:15:27.002] 1048.00,347.00,-757.00
[21:15:27.065] 997.00,373.00,-796.00
[21:15:27.068] 966.00,381.00,-835.00
[21:15:27.249] 995.00,357.00,-871.00
[21:15:27.251] 1015.00,355.00,-847.00
[21:15:27.251] 1041.00,368.00,-830.00
[21:15:27.251] 1032.00,350.00,-855.00
[21:15:27.266] 1056.00,323.00,-840.00
[21:15:27.317] 1081.00,316.00,-821.00
[21:15:27.351] 1117.00,292.00,-808.00
[21:15:27.405] 1156.00,255.00,-747.00
[21:15:27.437] 1222.00,210.00,-646.00
[21:15:27.512] 1258.00,128.00,-515.00
[21:15:27.512] 1310.00,20.00,-386.00
[21:15:27.565] 1327.00,-65.00,-301.00
[21:15:27.597] 1322.00,-131.00,-192.00
[21:15:27.634] 1293.00,-155.00,-128.00
[21:15:27.678] 1210.00,-133.00,-20.00
[21:15:27.718] 1188.00,-145.00,7.00
[21:15:27.757] 1015.00,-138.00,172.00
[21:15:27.795] 843.00,-138.00,306.00
[21:15:27.836] 601.00,-162.00,430.00
[21:15:27.878] 403.00,-173.00,497.00
[21:15:27.918] 230.00,-138.00,527.00
[21:15:27.957] 30.00,-100.00,495.00
[21:15:27.997] -127.00,-57.00,450.00
[21:15:28.036] -288.00,0.00,362.00
[21:15:28.108] -440.00,70.00,255.00
[21:15:28.111] -643.00,133.00,68.00
[21:15:28.152] -767.00,186.00,-131.00
[21:15:28.193] -843.00,210.00,-238.00
[21:15:28.236] -948.00,218.00,-491.00
[21:15:28.277] -987.00,207.00,-660.00
[21:15:28.318] -997.00,228.00,-803.00
[21:15:28.354] -953.00,238.00,-937.00
[21:15:28.392] -905.00,276.00,-1005.00
[21:15:28.437] -841.00,302.00,-1107.00
[21:15:28.474] -765.00,337.00,-1198.00
[21:15:28.518] -662.00,360.00,-1270.00
[21:15:28.557] -547.00,383.00,-1340.00
[21:15:28.597] -482.00,395.00,-1402.00
[21:15:28.621] -375.00,383.00,-1485.00
[21:15:28.684] -313.00,352.00,-1561.00
[21:15:28.708] -281.00,278.00,-1672.00
[21:15:28.765] -230.00,141.00,-1835.00
[21:15:28.802] -176.00,-152.00,-2053.00
[21:15:28.836] -160.00,-383.00,-2177.00
[21:15:28.876] -86.00,-595.00,-2213.00
[21:15:28.902] -12.00,-827.00,-2276.00
[21:15:28.958] 66.00,-1067.00,-2271.00
[21:15:28.996] 178.00,-1378.00,-2211.00
[21:15:29.037] 276.00,-1633.00,-2100.00
[21:15:29.077] 467.00,-1930.00,-1907.00
[21:15:29.159] 567.00,-2061.00,-1755.00
[21:15:29.162] 567.00,-2061.00,-1755.00
[21:15:29.231] 851.00,-2222.00,-1357.00
[21:15:29.232] 995.00,-2222.00,-1155.00
[21:15:29.290] 1151.00,-2187.00,-945.00
[21:15:29.305] 1266.00,-2087.00,-675.00
[21:15:29.355] 1347.00,-1923.00,-476.00
[21:15:29.395] 1420.00,-1733.00,-303.00
[21:15:29.435] 1467.00,-1541.00,-165.00
[21:15:29.476] 1483.00,-1322.00,-46.00
[21:15:29.516] 1437.00,-1103.00,68.00
[21:15:29.558] 1322.00,-890.00,221.00
[21:15:29.598] 1252.00,-732.00,255.00
[21:15:29.637] 1217.00,-668.00,267.00
[21:15:29.677] 1146.00,-255.00,123.00
[21:15:29.716] 1210.00,10.00,-151.00
[21:15:29.772] 1240.00,123.00,-408.00
[21:15:29.788] 1268.00,155.00,-706.00
[21:15:29.837] 1286.00,141.00,-925.00
[21:15:29.872] 1288.00,123.00,-1100.00
[21:15:29.915] 1286.00,110.00,-1160.00
[21:15:29.958] 1303.00,117.00,-1175.00
[21:15:29.997] 1283.00,78.00,-1242.00
[21:15:30.036] 1266.00,52.00,-1311.00
[21:15:30.075] 1276.00,10.00,-1393.00
[21:15:30.148] 1278.00,-2.00,-1407.00
[21:15:30.148] 1301.00,-78.00,-1440.00
[21:15:30.195] 1368.00,-145.00,-1407.00
[21:15:30.228] 1430.00,-188.00,-1361.00
[21:15:30.282] 1521.00,-260.00,-1223.00
[21:15:30.318] 1603.00,-363.00,-1075.00
[21:15:30.378] 1667.00,-463.00,-871.00
[21:15:30.396] 1713.00,-658.00,-488.00
[21:15:30.449] 1613.00,-843.00,-126.00
[21:15:30.466] 1360.00,-991.00,211.00
[21:15:30.545] 1032.00,-1120.00,450.00
[21:15:30.547] 792.00,-1181.00,585.00
[21:15:30.596] 501.00,-1212.00,636.00
[21:15:30.649] 68.00,-1181.00,656.00
[21:15:30.667] -201.00,-1098.00,607.00
[21:15:30.716] -393.00,-972.00,538.00
[21:15:30.808] -521.00,-748.00,466.00
[21:15:30.810] -648.00,-516.00,362.00
[21:15:30.822] -705.00,-342.00,260.00
[21:15:30.875] -751.00,-181.00,115.00
[21:15:30.918] -782.00,-70.00,-5.00
[21:15:30.958] -818.00,7.00,-146.00
[21:15:30.998] -882.00,65.00,-330.00
[21:15:31.038] -915.00,110.00,-515.00
[21:15:31.078] -946.00,123.00,-760.00
[21:15:31.115] -938.00,112.00,-990.00
[21:15:31.158] -863.00,107.00,-1250.00
[21:15:31.198] -802.00,97.00,-1373.00
[21:15:31.238] -655.00,110.00,-1531.00
[21:15:31.277] -531.00,112.00,-1636.00
[21:15:31.315] -393.00,126.00,-1711.00
[21:15:31.358] -252.00,112.00,-1798.00
[21:15:31.396] -176.00,105.00,-1842.00
[21:15:31.436] -63.00,28.00,-1920.00
[21:15:31.475] 30.00,-36.00,-1987.00
[21:15:31.528] 81.00,-110.00,-2051.00
[21:15:31.556] 81.00,-110.00,-2051.00
[21:15:31.598] 186.00,-431.00,-2211.00
[21:15:31.637] 191.00,-753.00,-2283.00
[21:15:31.706] 157.00,-1193.00,-2303.00
[21:15:31.718] 103.00,-1523.00,-2213.00
[21:15:31.789] 81.00,-1826.00,-2075.00
[21:15:31.789] 106.00,-2101.00,-1827.00
[21:15:31.832] 181.00,-2391.00,-1376.00
[21:15:31.886] 293.00,-2498.00,-1005.00
[21:15:31.928] 437.00,-2512.00,-780.00
[21:15:31.944] 646.00,-2453.00,-638.00
[21:15:31.998] 800.00,-2385.00,-538.00
[21:15:32.037] 848.00,-2343.00,-505.00
[21:15:32.077] 1240.00,-1897.00,-165.00
[21:15:32.115] 1342.00,-1690.00,-56.00
[21:15:32.156] 1432.00,-1317.00,41.00
[21:15:32.194] 1478.00,-993.00,53.00
[21:15:32.234] 1473.00,-671.00,12.00
[21:15:32.277] 1445.00,-368.00,-95.00
[21:15:32.316] 1345.00,-57.00,-291.00
[21:15:32.355] 1298.00,81.00,-420.00
[21:15:32.392] 1173.00,252.00,-660.00
[21:15:32.437] 1105.00,310.00,-818.00
[21:15:32.474] 1056.00,323.00,-1066.00
[21:15:32.515] 1020.00,310.00,-1175.00
[21:15:32.557] 946.00,247.00,-1396.00
[21:15:32.598] 956.00,168.00,-1522.00
[21:15:32.637] 1010.00,38.00,-1633.00
[21:15:32.677] 1071.00,-67.00,-1696.00
[21:15:32.715] 1127.00,-226.00,-1767.00
[21:15:32.756] 1176.00,-326.00,-1808.00
[21:15:32.798] 1171.00,-373.00,-1835.00
[21:15:32.832] 1146.00,-355.00,-1845.00
[21:15:32.875] 1095.00,-355.00,-1902.00
[21:15:32.915] 1081.00,-400.00,-1915.00
[21:15:32.953] 1115.00,-452.00,-1922.00
[21:15:32.998] 1186.00,-511.00,-1912.00
[21:15:33.037] 1355.00,-585.00,-1765.00
[21:15:33.076] 1503.00,-635.00,-1567.00
[21:15:33.121] 1677.00,-695.00,-1211.00
[21:15:33.157] 1738.00,-766.00,-868.00
[21:15:33.202] 1718.00,-840.00,-512.00
[21:15:33.268] 1586.00,-943.00,-97.00
[21:15:33.268] 1440.00,-993.00,123.00
[21:15:33.331] 1161.00,-991.00,388.00
[21:15:33.431] 931.00,-958.00,532.00
[21:15:33.431] 677.00,-925.00,615.00
[21:15:33.434] 506.00,-853.00,662.00
[21:15:33.478] 242.00,-725.00,675.00
[21:15:33.517] 42.00,-568.00,646.00
[21:15:33.551] -150.00,-366.00,551.00
[21:15:33.595] -252.00,-205.00,450.00
[21:15:33.637] -357.00,-102.00,360.00
[21:15:33.676] -477.00,-20.00,247.00
[21:15:33.716] -633.00,-10.00,105.00
[21:15:33.812] -787.00,-26.00,-15.00
[21:15:33.812] -931.00,-76.00,-138.00
[21:15:33.829] -1068.00,-188.00,-270.00
[21:15:33.877] -1202.00,-316.00,-456.00
[21:15:33.912] -1268.00,-381.00,-615.00
[21:15:33.950] -1303.00,-482.00,-922.00
[21:15:34.008] -1286.00,-521.00,-1148.00
[21:15:34.038] -1207.00,-526.00,-1402.00
[21:15:34.069] -1063.00,-545.00,-1605.00
[21:15:34.101] -925.00,-542.00,-1791.00
[21:15:34.155] -733.00,-590.00,-1992.00
[21:15:34.195] -575.00,-653.00,-2092.00
[21:15:34.233] -383.00,-801.00,-2211.00
[21:15:34.273] -232.00,-977.00,-2255.00
[21:15:34.317] -127.00,-1198.00,-2283.00
[21:15:34.350] -7.00,-1518.00,-2193.00
[21:15:34.388] 81.00,-1876.00,-2041.00
[21:15:34.465] 155.00,-2177.00,-1770.00
[21:15:34.468] 203.00,-2372.00,-1456.00
[21:15:34.517] 283.00,-2475.00,-1105.00
[21:15:34.555] 367.00,-2510.00,-775.00
[21:15:34.588] 513.00,-2432.00,-463.00
[21:15:34.636] 721.00,-2227.00,-115.00
[21:15:34.662] 818.00,-2066.00,43.00
[21:15:34.716] 963.00,-1773.00,221.00
[21:15:34.755] 1020.00,-1523.00,330.00
[21:15:34.796] 1005.00,-1220.00,435.00
[21:15:34.835] 1000.00,-965.00,486.00
[21:15:34.863] 941.00,-606.00,473.00
[21:15:34.917] 843.00,-210.00,360.00
[21:15:34.956] 772.00,81.00,190.00
[21:15:34.993] 738.00,316.00,-58.00
[21:15:35.034] 692.00,468.00,-378.00
[21:15:35.076] 667.00,526.00,-670.00
[21:15:35.117] 631.00,521.00,-953.00
[21:15:35.154] 577.00,492.00,-1211.00
[21:15:35.197] 518.00,371.00,-1495.00
[21:15:35.233] 426.00,276.00,-1665.00
[21:15:35.278] 360.00,181.00,-1815.00
[21:15:35.316] 335.00,83.00,-1876.00
[21:15:35.357] 365.00,41.00,-1938.00
[21:15:35.392] 455.00,-33.00,-1987.00
[21:15:35.451] 560.00,-76.00,-1990.00
[21:15:35.472] 702.00,-152.00,-1985.00
[21:15:35.517] 861.00,-228.00,-1971.00
[21:15:35.557] 1000.00,-352.00,-1925.00
[21:15:35.597] 1252.00,-523.00,-1815.00
[21:15:35.631] 1373.00,-661.00,-1740.00
[21:15:35.668] 1542.00,-922.00,-1517.00
[21:15:35.718] 1633.00,-1231.00,-1288.00
[21:15:35.755] 1626.00,-1500.00,-1012.00
[21:15:35.851] 1565.00,-1678.00,-752.00
[21:15:35.851] 1491.00,-1745.00,-553.00
[21:15:35.872] 1366.00,-1792.00,-272.00
[21:15:35.921] 1161.00,-1790.00,27.00
[21:15:35.950] 912.00,-1757.00,252.00
[21:15:36.055] 611.00,-1692.00,422.00
[21:15:36.056] 298.00,-1592.00,556.00
[21:15:36.072] 0.00,-1497.00,573.00
[21:15:36.116] -360.00,-1322.00,551.00
[21:15:36.156] -616.00,-1143.00,450.00
[21:15:36.192] -802.00,-996.00,337.00
[21:15:36.401] -961.00,
[21:15:36.458] -863.00,190.00
[21:15:36.463] -1135.00,-798.00,-25.00
[21:15:36.481] -1193.00,-772.00,-131.00
[21:15:36.481] -1193.00,-772.00,-131.00
[21:15:36.486] -1345.00,-695.00,-667.00
[21:15:36.487] -1350.00,-642.00,-910.00
[21:15:36.488] -1310.00,-608.00,-1162.00
[21:15:36.563] -1186.00,-597.00,-1425.00
[21:15:36.568] -1120.00,-552.00,-1561.00
[21:15:36.627] -1007.00,-482.00,-1682.00
[21:15:36.628] -833.00,-373.00,-1793.00
[21:15:36.758] -728.00,-381.00,-1897.00
[21:15:36.758] -626.00,-413.00,-1992.00
[21:15:36.761] -528.00,-497.00,-2080.00
[21:15:36.811] -501.00,-600.00,-2128.00
[21:15:36.832] -472.00,-713.00,-2170.00
[21:15:36.875] -460.00,-887.00,-2198.00
[21:15:36.917] -396.00,-1103.00,-2223.00
[21:15:36.952] -323.00,-1396.00,-2196.00
[21:15:37.004] -117.00,-1771.00,-2082.00
[21:15:37.087] 2.00,-2008.00,-1935.00
[21:15:37.088] 225.00,-2315.00,-1553.00
[21:15:37.114] 383.00,-2456.00,-1180.00
[21:15:37.156] 513.00,-2456.00,-796.00
[21:15:37.193] 608.00,-2380.00,-378.00
[21:15:37.236] 697.00,-2113.00,30.00
[21:15:37.275] 718.00,-2061.00,90.00
[21:15:37.316] 815.00,-1716.00,345.00
[21:15:37.352] 838.00,-1410.00,471.00
[21:15:37.393] 805.00,-1122.00,571.00
[21:15:37.436] 692.00,-811.00,610.00
[21:15:37.477] 541.00,-442.00,585.00
[21:15:37.516] 482.00,-221.00,502.00
[21:15:37.556] 423.00,97.00,313.00
[21:15:37.597] 431.00,268.00,126.00
[21:15:37.637] 440.00,428.00,-102.00
[21:15:37.676] 426.00,545.00,-378.00
[21:15:37.711] 401.00,585.00,-538.00
[21:15:37.768] 372.00,606.00,-670.00
[21:15:37.798] 303.00,580.00,-1046.00
[21:15:37.836] 260.00,518.00,-1296.00
[21:15:37.876] 273.00,411.00,-1522.00
[21:15:37.928] 267.00,231.00,-1767.00
[21:15:37.958] 240.00,121.00,-1873.00
[21:15:37.991] 135.00,-81.00,-2053.00
[21:15:38.071] 56.00,-247.00,-2136.00
[21:15:38.071] -12.00,-411.00,-2203.00
[21:15:38.105] -27.00,-556.00,-2250.00
[21:15:38.157] 56.00,-692.00,-2298.00
[21:15:38.191] 291.00,-917.00,-2317.00
[21:15:38.235] 347.00,-988.00,-2317.00
[21:15:38.301] 695.00,-1203.00,-2206.00
[21:15:38.318] 936.00,-1346.00,-2070.00
[21:15:38.456] 1100.00,-1471.00,-1907.00
[21:15:38.459] 1268.00,-1592.00,-1696.00
[21:15:38.459] 1398.00,-1723.00,-1363.00
[21:15:38.475] 1435.00,-1832.00,-1043.00
[21:15:38.506] 1396.00,-1902.00,-690.00
[21:15:38.558] 1261.00,-1961.00,-362.00
[21:15:38.597] 1035.00,-2021.00,-131.00
[21:15:38.636] 660.00,-2122.00,35.00
[21:15:38.701] 360.00,-2170.00,87.00
[21:15:38.701] 227.00,-2163.00,102.00
[21:15:38.801] -58.00,-2103.00,143.00
[21:15:38.876] -270.00,-2032.00,165.00
[21:15:38.882] -442.00,-1916.00,153.00
[21:15:38.882] -638.00,-1837.00,117.00
[21:15:38.917] -777.00,-1742.00,46.00
[21:15:38.956] -976.00,-1621.00,-85.00
[21:15:38.982] -1122.00,-1538.00,-223.00
[21:15:39.068] -1215.00,-1447.00,-388.00
[21:15:39.070] -1296.00,-1350.00,-577.00
[21:15:39.114] -1366.00,-1212.00,-840.00
[21:15:39.157] -1352.00,-1125.00,-1077.00
[21:15:39.209] -1322.00,-1046.00,-1250.00
[21:15:39.227] -1237.00,-991.00,-1473.00
[21:15:39.306] -1095.00,-925.00,-1696.00
[21:15:39.308] -963.00,-906.00,-1878.00
[21:15:39.357] -743.00,-837.00,-2036.00
[21:15:39.396] -651.00,-840.00,-2097.00
[21:15:39.459] -513.00,-896.00,-2177.00
[21:15:39.501] -452.00,-977.00,-2208.00
[21:15:39.506] -416.00,-1096.00,-2208.00
[21:15:39.568] -388.00,-1333.00,-2191.00
[21:15:39.597] -388.00,-1545.00,-2128.00
[21:15:39.629] -350.00,-1911.00,-1891.00
[21:15:39.673] -350.00,-1911.00,-1891.00
[21:15:39.712] -283.00,-2306.00,-1393.00
[21:15:39.758] -191.00,-2422.00,-1015.00
[21:15:39.794] -68.00,-2448.00,-615.00
[21:15:39.835] 78.00,-2372.00,-298.00
[21:15:39.878] 257.00,-2253.00,-25.00
[21:15:39.918] 431.00,-2047.00,185.00
[21:15:39.957] 582.00,-1805.00,362.00
[21:15:39.996] 692.00,-1538.00,481.00
[21:15:40.035] 792.00,-1227.00,538.00
[21:15:40.077] 818.00,-956.00,561.00
[21:15:40.115] 823.00,-748.00,556.00
[21:15:40.156] 805.00,-685.00,548.00
[21:15:40.196] 662.00,-210.00,442.00
[21:15:40.237] 528.00,0.00,335.00
[21:15:40.277] 332.00,221.00,185.00
[21:15:40.316] 225.00,340.00,66.00
[21:15:40.356] 117.00,476.00,-170.00
[21:15:40.384] -20.00,566.00,-476.00
[21:15:40.433] -63.00,600.00,-701.00
[21:15:40.475] -88.00,590.00,-915.00
[21:15:40.518] -127.00,545.00,-1170.00
[21:15:40.609] -163.00,495.00,-1288.00
[21:15:40.609] -191.00,413.00,-1463.00
[21:15:40.628] -216.00,345.00,-1558.00
[21:15:40.673] -298.00,133.00,-1767.00
[21:15:40.733] -337.00,0.00,-1893.00
[21:15:40.819] -340.00,-155.00,-2002.00
[21:15:40.826] -298.00,-350.00,-2113.00
[21:15:40.828] -193.00,-585.00,-2235.00
[21:15:40.869] -37.00,-748.00,-2286.00
[21:15:40.914] 178.00,-893.00,-2315.00
[21:15:40.959] 440.00,-1038.00,-2291.00
[21:15:41.032] 677.00,-1186.00,-2211.00
[21:15:41.049] 961.00,-1402.00,-2038.00
[21:15:41.088] 1107.00,-1500.00,-1912.00
[21:15:41.151] 1210.00,-1631.00,-1737.00
[21:15:41.188] 1325.00,-1808.00,-1417.00
[21:15:41.189] 1320.00,-1953.00,-1131.00
[21:15:41.237] 1256.00,-2071.00,-796.00
[21:15:41.302] 1146.00,-2142.00,-561.00
[21:15:41.304] 976.00,-2187.00,-345.00
[21:15:41.365] 726.00,-2206.00,-148.00
[21:15:41.390] 496.00,-2170.00,46.00
[21:15:41.547] 281.00,-2061.00,216
[21:15:41.553] .00
[21:15:41.554] 63.00,-1945.00,323.00
[21:15:41.559] -110.00,-1750.00,442.00
[21:15:41.663] -193.00,-1692.00,463.00
[21:15:41.664] -370.00,-1531.00,481.00
[21:15:41.664] -531.00,-1415.00,445.00
[21:15:41.668] -751.00,-1346.00,340.00
[21:15:41.826] -941.00,-1343.00,180.00
[21:15:41.828] -1058.00,-1315.00,25.00
[21:15:41.828] -1230.00,-1305.00,-262.00
[21:15:41.828] -1317.00,-1278.00,-507.00
[21:15:41.877] -1350.00,-1278.00,-780.00
[21:15:41.913] -1317.00,-1288.00,-1121.00
[21:15:41.988] -1237.00,-1288.00,-1366.00
[21:15:41.989] -1135.00,-1281.00,-1590.00
[21:15:42.077] -1027.00,-1267.00,-1752.00
[21:15:42.079] -892.00,-1243.00,-1900.00
[21:15:42.117] -761.00,-1281.00,-2002.00
[21:15:42.151] -631.00,-1262.00,-2072.00
[21:15:42.213] -526.00,-1326.00,-2113.00
[21:15:42.235] -508.00,-1391.00,-2113.00
[21:15:42.278] -523.00,-1552.00,-2046.00
[21:15:42.369] -547.00,-1761.00,-1910.00
[21:15:42.369] -606.00,-1930.00,-1737.00
[21:15:42.390] -590.00,-2040.00,-1546.00
[21:15:42.435] -582.00,-2122.00,-1446.00
[21:15:42.476] -531.00,-2235.00,-1213.00
[21:15:42.517] -536.00,-2296.00,-1123.00
[21:15:42.557] -521.00,-2303.00,-798.00
[21:15:42.596] -506.00,-2270.00,-563.00
[21:15:42.636] -487.00,-2198.00,-303.00
[21:15:42.676] -467.00,-2032.00,-15.00
[21:15:42.716] -472.00,-1828.00,192.00
[21:15:42.756] -491.00,-1568.00,360.00
[21:15:42.796] -498.00,-1270.00,476.00
[21:15:42.837] -521.00,-996.00,517.00
[21:15:42.872] -572.00,-653.00,486.00
[21:15:42.914] -597.00,-363.00,391.00
[21:15:42.956] -626.00,-183.00,288.00
[21:15:43.070] -646.00,-76.00,197.00
[21:15:43.071] -675.00,173.00,-112.00
[21:15:43.071] -675.00,300.00,-347.00
[21:15:43.130] -660.00,357.00,-610.00
[21:15:43.146] -665.00,383.00,-801.00
[21:15:43.196] -657.00,376.00,-942.00
[21:15:43.236] -638.00,360.00,-1082.00
[21:15:43.274] -613.00,340.00,-1223.00
[21:15:43.314] -555.00,276.00,-1425.00
[21:15:43.356] -506.00,207.00,-1585.00
[21:15:43.405] -475.00,145.00,-1691.00
[21:15:43.469] -406.00,57.00,-1815.00
[21:15:43.469] -383.00,17.00,-1852.00
[21:15:43.530] -230.00,-157.00,-2036.00
[21:15:43.551] -27.00,-350.00,-2170.00
[21:15:43.596] 120.00,-492.00,-2240.00
[21:15:43.635] 347.00,-711.00,-2273.00
[21:15:43.670] 498.00,-913.00,-2265.00
[21:15:43.712] 608.00,-1120.00,-2240.00
[21:15:43.754] 711.00,-1338.00,-2175.00
[21:15:43.796] 775.00,-1578.00,-2065.00
[21:15:43.836] 828.00,-1747.00,-1953.00
[21:15:43.875] 880.00,-1932.00,-1765.00
[21:15:43.916] 910.00,-2118.00,-1543.00
[21:15:43.953] 877.00,-2198.00,-1446.00
[21:15:43.996] 802.00,-2338.00,-1216.00
[21:15:44.037] 700.00,-2417.00,-986.00
[21:15:44.077] 582.00,-2451.00,-791.00
[21:15:44.118] 401.00,-2488.00,-643.00
[21:15:44.157] 186.00,-2483.00,-520.00
[21:15:44.215] -35.00,-2441.00,-430.00
[21:15:44.230] -237.00,-2358.00,-335.00
[21:15:44.276] -383.00,-2256.00,-226.00
[21:15:44.453] -491.00,-2156.00,-138.00
[21:15:44.453] -606.00,-2011.00,-37.00
[21:15:44.453] -690.00,-1892.00,2.00
[21:15:44.453] -780.00,-1805.00,30.00
[21:15:44.473] -875.00,-1687.00,12.00
[21:15:44.509] -1022.00,-1562.00,-76.00
[21:15:44.556] -1137.00,-1476.00,-158.00
[21:15:44.597] -1205.00,-1417.00,-293.00
[21:15:44.634] -1276.00,-1352.00,-408.00
[21:15:44.674] -1310.00,-1331.00,-507.00
[21:15:44.718] -1325.00,-1286.00,-590.00
[21:15:44.755] -1337.00,-1255.00,-667.00
[21:15:44.796] -1350.00,-1251.00,-747.00
[21:15:44.837] -1335.00,-1286.00,-896.00
[21:15:44.877] -1296.00,-1360.00,-1031.00
[21:15:44.910] -1296.00,-1360.00,-1031.00
[21:15:44.951] -1193.00,-1607.00,-1187.00
[21:15:45.059] -1105.00,-1750.00,-1170.00
[21:15:45.068] -1056.00,-1826.00,-1107.00
[21:15:45.068] -987.00,-1906.00,-940.00
[21:15:45.116] -943.00,-1987.00,-783.00
[21:15:45.154] -887.00,-2018.00,-585.00
[21:15:45.191] -823.00,-1982.00,-332.00
[21:15:45.233] -746.00,-1828.00,-12.00
[21:15:45.274] -670.00,-1655.00,208.00
[21:15:45.316] -631.00,-1460.00,337.00
[21:15:45.356] -611.00,-1346.00,401.00
[21:15:45.397] -580.00,-1302.00,422.00
[21:15:45.433] -496.00,-1051.00,530.00
[21:15:45.472] -431.00,-872.00,566.00
[21:15:45.516] -372.00,-585.00,566.00
[21:15:45.557] -377.00,-387.00,495.00
[21:15:45.596] -372.00,-195.00,417.00
[21:15:45.634] -396.00,-26.00,293.00
[21:15:45.668] -388.00,176.00,100.00
[21:15:45.716] -403.00,276.00,-46.00
[21:15:45.753] -445.00,368.00,-296.00
[21:15:45.791] -491.00,397.00,-420.00
[21:15:45.835] -531.00,421.00,-563.00
[21:15:45.876] -587.00,392.00,-636.00
[21:15:45.917] -675.00,355.00,-762.00
[21:15:45.951] -770.00,297.00,-857.00
[21:15:46.023] -800.00,252.00,-963.00
[21:15:46.023] -818.00,205.00,-1072.00
[21:15:46.078] -812.00,183.00,-1208.00
[21:15:46.116] -746.00,160.00,-1355.00
[21:15:46.155] -660.00,123.00,-1517.00
[21:15:46.195] -565.00,86.00,-1655.00
[21:15:46.237] -465.00,46.00,-1767.00
[21:15:46.275] -391.00,0.00,-1822.00
[21:15:46.316] -357.00,-41.00,-1902.00
[21:15:46.352] -237.00,-123.00,-1997.00
[21:15:46.393] -78.00,-245.00,-2103.00
[21:15:46.437] 76.00,-295.00,-2147.00
[21:15:46.477] 286.00,-413.00,-2198.00
[21:15:46.516] 485.00,-535.00,-2196.00
[21:15:46.556] 731.00,-695.00,-2172.00
[21:15:46.596] 963.00,-853.00,-2097.00
[21:15:46.642] 1306.00,-1022.00,-1850.00
[21:15:46.677] 1460.00,-1148.00,-1657.00
[21:15:46.718] 1642.00,-1355.00,-1245.00
[21:15:46.757] 1628.00,-1568.00,-910.00
[21:15:46.793] 1598.00,-1671.00,-757.00
[21:15:46.836] 1393.00,-1900.00,-437.00
[21:15:46.876] 1148.00,-2025.00,-190.00
[21:15:46.916] 971.00,-2051.00,-37.00
[21:15:46.954] 802.00,-2025.00,117.00
[21:15:46.995] 638.00,-1930.00,277.00
[21:15:47.037] 503.00,-1795.00,425.00
[21:15:47.075] 308.00,-1583.00,571.00
[21:15:47.116] 171.00,-1465.00,626.00
[21:15:47.153] -40.00,-1333.00,651.00
[21:15:47.216] -321.00,-1215.00,597.00
[21:15:47.241] -570.00,-1165.00,515.00
[21:15:47.277] -748.00,-1138.00,401.00
[21:15:47.316] -1007.00,-1072.00,170.00
[21:15:47.356] -1137.00,-1017.00,35.00
[21:15:47.397] -1283.00,-943.00,-241.00
[21:15:47.433] -1345.00,-917.00,-466.00
[21:15:47.473] -1386.00,-932.00,-667.00
[21:15:47.516] -1388.00,-943.00,-850.00
[21:15:47.557] -1386.00,-975.00,-990.00
[21:15:47.598] -1352.00,-1020.00,-1092.00
[21:15:47.634] -1322.00,-1062.00,-1160.00
[21:15:47.688] -1310.00,-1120.00,-1218.00
[21:15:47.734] -1293.00,-1172.00,-1237.00
[21:15:47.759] -1286.00,-1210.00,-1242.00
[21:15:47.797] -1245.00,-1278.00,-1257.00
[21:15:47.835] -1227.00,-1391.00,-1240.00
[21:15:47.871] -1186.00,-1507.00,-1180.00
[21:15:47.916] -1140.00,-1628.00,-1097.00
[21:15:47.956] -1100.00,-1747.00,-997.00
[21:15:47.996] -1051.00,-1816.00,-876.00
[21:15:48.034] -1010.00,-1835.00,-703.00
[21:15:48.074] -1017.00,-1802.00,-566.00
[21:15:48.116] -1041.00,-1740.00,-425.00
[21:15:48.144] -1066.00,-1621.00,-288.00
[21:15:48.199] -1081.00,-1515.00,-213.00
[21:15:48.236] -1095.00,-1438.00,-182.00
[21:15:48.278] -1130.00,-1188.00,-66.00
[21:15:48.316] -1132.00,-1043.00,-53.00
[21:15:48.360] -1137.00,-913.00,-73.00
[21:15:48.396] -1166.00,-808.00,-100.00
[21:15:48.456] -1176.00,-703.00,-158.00
[21:15:48.469] -1198.00,-568.00,-241.00
[21:15:48.516] -1196.00,-416.00,-323.00
[21:15:48.557] -1158.00,-250.00,-381.00
[21:15:48.597] -1100.00,-110.00,-432.00
[21:15:48.636] -1048.00,0.00,-481.00
[21:15:48.676] -931.00,162.00,-628.00
[21:15:48.717] -900.00,178.00,-662.00
[21:15:48.757] -751.00,310.00,-948.00
[21:15:48.795] -682.00,318.00,-1105.00
[21:15:48.863] -621.00,257.00,-1335.00
[21:15:48.863] -606.00,181.00,-1478.00
[21:15:48.916] -618.00,107.00,-1577.00
[21:15:48.992] -633.00,31.00,-1652.00
[21:15:48.992] -606.00,-78.00,-1765.00
[21:15:49.037] -575.00,-215.00,-1886.00
[21:15:49.076] -480.00,-395.00,-2033.00
[21:15:49.116] -345.00,-571.00,-2145.00
[21:15:49.149] -166.00,-782.00,-2247.00
[21:15:49.197] -50.00,-890.00,-2281.00
[21:15:49.237] 370.00,-1177.00,-2260.00
[21:15:49.276] 616.00,-1305.00,-2196.00
[21:15:49.316] 1010.00,-1450.00,-1968.00
[21:15:49.356] 1232.00,-1552.00,-1757.00
[21:15:49.397] 1393.00,-1668.00,-1461.00
[21:15:49.436] 1452.00,-1795.00,-1177.00
[21:15:49.476] 1401.00,-1947.00,-850.00
[21:15:49.516] 1268.00,-2068.00,-590.00
[21:15:49.555] 1053.00,-2172.00,-330.00
[21:15:49.596] 882.00,-2193.00,-190.00
[21:15:49.636] 748.00,-2177.00,-53.00
[21:15:49.676] 636.00,-2130.00,48.00
[21:15:49.716] 460.00,-1982.00,272.00
[21:15:49.756] 283.00,-1840.00,406.00
[21:15:49.796] 81.00,-1733.00,483.00
[21:15:49.836] -193.00,-1636.00,488.00
[21:15:49.877] -482.00,-1538.00,427.00
[21:15:49.946] -836.00,-1423.00,221.00
[21:15:49.946] -1086.00,-1288.00,5.00
[21:15:50.072] -1242.00,-1201.00,-236.00
[21:15:50.078] -1350.00,-1143.00,-525.00
[21:15:50.086] -1398.00,-1077.00,-813.00
[21:15:50.116] -1366.00,-1046.00,-1090.00
[21:15:50.145] -1310.00,-988.00,-1327.00
[21:15:50.188] -1212.00,-927.00,-1502.00
[21:15:50.239] -1146.00,-903.00,-1628.00
[21:15:50.273] -1078.00,-917.00,-1718.00
[21:15:50.331] -1038.00,-965.00,-1755.00
[21:15:50.353] -1046.00,-1082.00,-1740.00
[21:15:50.409] -1063.00,-1188.00,-1675.00
[21:15:50.438] -1132.00,-1283.00,-1517.00
[21:15:50.479] -1183.00,-1336.00,-1373.00
[21:15:50.516] -1215.00,-1428.00,-1228.00
[21:15:50.557] -1193.00,-1578.00,-1015.00
[21:15:50.592] -1146.00,-1671.00,-713.00
[21:15:50.635] -1146.00,-1671.00,-713.00
[21:15:50.677] -1043.00,-1681.00,-335.00
[21:15:50.716] -997.00,-1657.00,-213.00
[21:15:50.756] -1000.00,-1663.00,-221.00
[21:15:50.797] -990.00,-1678.00,-236.00
[21:15:50.835] -982.00,-1673.00,-192.00
[21:15:50.877] -978.00,-1602.00,-102.00
[21:15:50.916] -985.00,-1486.00,-20.00
[21:15:50.983] -968.00,-1350.00,76.00
[21:15:51.010] -943.00,-1207.00,165.00
[21:15:51.024] -910.00,-1082.00,243.00
[21:15:51.081] -826.00,-872.00,318.00
[21:15:51.117] -780.00,-763.00,365.00
[21:15:51.156] -565.00,-447.00,463.00
[21:15:51.193] -273.00,-245.00,491.00
[21:15:51.235] -68.00,-112.00,478.00
[21:15:51.263] 83.00,12.00,427.00
[21:15:51.316] 117.00,173.00,293.00
[21:15:51.357] 30.00,368.00,68.00
[21:15:51.395] -81.00,458.00,-126.00
[21:15:51.433] -201.00,526.00,-365.00
[21:15:51.476] -283.00,545.00,-672.00
[21:15:51.517] -313.00,518.00,-986.00
[21:15:51.555] -267.00,471.00,-1240.00
[21:15:51.596] -188.00,378.00,-1466.00
[21:15:51.637] 22.00,178.00,-1770.00
[21:15:51.673] 208.00,-15.00,-1958.00
[21:15:51.716] 421.00,-207.00,-2041.00
[21:15:51.754] 670.00,-402.00,-2095.00
[21:15:51.796] 936.00,-573.00,-2021.00
[21:15:51.836] 1247.00,-711.00,-1827.00
[21:15:51.876] 1488.00,-801.00,-1582.00
[21:15:51.916] 1657.00,-911.00,-1281.00
[21:15:51.957] 1726.00,-1022.00,-942.00
[21:15:51.996] 1728.00,-1101.00,-631.00
[21:15:52.034] 1690.00,-1138.00,-432.00
[21:15:52.075] 1596.00,-1162.00,-172.00
[21:15:52.116] 1496.00,-1136.00,20.00
[21:15:52.157] 1371.00,-1062.00,165.00
[21:15:52.196] 1242.00,-927.00,340.00
[21:15:52.233] 1048.00,-753.00,461.00
[21:15:52.275] 743.00,-471.00,566.00
[21:15:52.316] 493.00,-286.00,573.00
[21:15:52.356] 260.00,-155.00,538.00
[21:15:52.396] 61.00,-102.00,505.00
[21:15:52.435] -117.00,-107.00,488.00
[21:15:52.477] -342.00,-171.00,453.00
[21:15:52.516] -411.00,-186.00,432.00
[21:15:52.555] -411.00,-186.00,432.00
[21:15:52.597] -753.00,-226.00,241.00
[21:15:52.636] -880.00,-210.00,110.00
[21:15:52.676] -982.00,-200.00,-25.00
[21:15:52.716] -1100.00,-207.00,-202.00
[21:15:52.758] -1148.00,-188.00,-357.00
[21:15:52.794] -1212.00,-212.00,-543.00
[21:15:52.826] -1247.00,-255.00,-723.00
[21:15:52.877] -1278.00,-331.00,-873.00
[21:15:52.917] -1268.00,-411.00,-1000.00
[21:15:52.956] -1283.00,-547.00,-1155.00
[21:15:52.997] -1273.00,-582.00,-1177.00
[21:15:53.033] -1276.00,-846.00,-1281.00
[21:15:53.091] -1261.00,-1041.00,-1303.00
[21:15:53.105] -1215.00,-1225.00,-1311.00
[21:15:53.157] -1166.00,-1415.00,-1313.00
[21:15:53.194] -1083.00,-1581.00,-1301.00
[21:15:53.236] -1010.00,-1726.00,-1291.00
[21:15:53.274] -902.00,-1892.00,-1221.00
[21:15:53.316] -828.00,-1985.00,-1146.00
[21:15:53.368] -753.00,-2103.00,-1066.00
[21:15:53.388] -692.00,-2156.00,-940.00
[21:15:53.434] -655.00,-2198.00,-796.00
[21:15:53.476] -646.00,-2211.00,-772.00
[21:15:53.517] -660.00,-2190.00,-543.00
[21:15:53.553] -660.00,-2125.00,-425.00
[21:15:53.599] -700.00,-2056.00,-275.00
[21:15:53.636] -736.00,-1930.00,-120.00
[21:15:53.679] -761.00,-1766.00,48.00
[21:15:53.716] -792.00,-1565.00,165.00
[21:15:53.751] -787.00,-1283.00,303.00
[21:15:53.814] -785.00,-1043.00,378.00
[21:15:53.831] -751.00,-803.00,412.00
[21:15:53.867] -680.00,-571.00,425.00
[21:15:53.922] -538.00,-205.00,373.00
[21:15:53.958] -462.00,-65.00,316.00
[21:15:54.020] -237.00,321.00,56.00
[21:15:54.068] -68.00,497.00,-177.00
[21:15:54.069] 25.00,587.00,-383.00
[21:15:54.116] 61.00,623.00,-568.00
[21:15:54.157] 40.00,618.00,-818.00
[21:15:54.196] 2.00,597.00,-968.00
[21:15:54.232] -56.00,537.00,-1198.00
[21:15:54.269] -71.00,452.00,-1361.00
[21:15:54.317] 2.00,376.00,-1522.00
[21:15:54.353] 130.00,276.00,-1672.00
[21:15:54.396] 342.00,110.00,-1817.00
[21:15:54.436] 408.00,86.00,-1837.00
[21:15:54.476] 705.00,22.00,-1765.00
[21:15:54.517] 953.00,10.00,-1650.00
[21:15:54.557] 1168.00,-22.00,-1476.00
[21:15:54.597] 1342.00,-81.00,-1218.00
[21:15:54.636] 1483.00,-147.00,-883.00
[21:15:54.675] 1506.00,-160.00,-648.00
[21:15:54.717] 1452.00,-186.00,-340.00
[21:15:54.756] 1381.00,-181.00,-170.00
[21:15:54.797] 1286.00,-155.00,-61.00
[21:15:54.835] 1112.00,-31.00,30.00
[21:15:54.873] 995.00,65.00,85.00
[21:15:54.901] 863.00,145.00,87.00
[21:15:54.943] 628.00,233.00,138.00
[21:15:54.997] 428.00,278.00,172.00
[21:15:55.036] 250.00,273.00,192.00
[21:15:55.080] 37.00,257.00,233.00
[21:15:55.116] -112.00,212.00,250.00
[21:15:55.156] -293.00,168.00,221.00
[21:15:55.197] -431.00,133.00,182.00
[21:15:55.236] -562.00,102.00,146.00
[21:15:55.275] -655.00,100.00,61.00
[21:15:55.360] -728.00,105.00,-10.00
[21:15:55.364] -782.00,155.00,-146.00
[21:15:55.409] -790.00,207.00,-270.00
[21:15:55.431] -807.00,262.00,-458.00
[21:15:55.476] -818.00,271.00,-618.00
[21:15:55.516] -848.00,283.00,-770.00
[21:15:55.553] -866.00,242.00,-910.00
[21:15:55.598] -902.00,152.00,-1126.00
[21:15:55.633] -941.00,-81.00,-1420.00
[21:15:55.675] -948.00,-328.00,-1616.00
[21:15:55.718] -946.00,-632.00,-1747.00
[21:15:55.752] -912.00,-917.00,-1830.00
[21:15:55.791] -848.00,-1255.00,-1817.00
[21:15:55.833] -795.00,-1518.00,-1755.00
[21:15:55.878] -795.00,-1518.00,-1755.00
[21:15:55.916] -726.00,-1852.00,-1558.00
[21:15:55.957] -677.00,-1982.00,-1437.00
[21:15:55.994] -603.00,-2077.00,-1345.00
[21:15:56.069] -498.00,-2193.00,-1245.00
[21:15:56.072] -380.00,-2296.00,-1136.00
[21:15:56.119] -262.00,-2388.00,-937.00
[21:15:56.155] -142.00,-2415.00,-747.00
[21:15:56.199] -78.00,-2417.00,-556.00
[21:15:56.238] -22.00,-2372.00,-337.00
[21:15:56.277] -15.00,-2296.00,-156.00
[21:15:56.316] -10.00,-2211.00,-15.00
[21:15:56.356] -10.00,-2196.00,15.00
[21:15:56.407] -10.00,-2008.00,260.00
[21:15:56.499] 50.00,-1811.00,408.00
[21:15:56.500] 163.00,-1576.00,551.00
[21:15:56.514] 323.00,-1293.00,646.00
[21:15:56.581] 536.00,-866.00,672.00
[21:15:56.584] 718.00,-518.00,590.00
[21:15:56.649] 890.00,-278.00,403.00
[21:15:56.666] 1053.00,-100.00,208.00
[21:15:56.730] 1146.00,12.00,-7.00
[21:15:56.740] 1191.00,138.00,-223.00
[21:15:56.862] 1151.00,255.00,-481.00
[21:15:56.863] 1137.00,278.00,-538.00
[21:15:56.869] 1005.00,392.00,-733.00
[21:15:56.917] 885.00,455.00,-840.00
[21:15:56.955] 785.00,485.00,-932.00
[21:15:56.995] 765.00,490.00,-1033.00
[21:15:57.033] 792.00,421.00,-1136.00
[21:15:57.074] 880.00,352.00,-1218.00
[21:15:57.116] 990.00,236.00,-1283.00
[21:15:57.157] 1110.00,157.00,-1247.00
[21:15:57.194] 1215.00,105.00,-1123.00
[21:15:57.237] 1310.00,65.00,-873.00
[21:15:57.276] 1330.00,17.00,-621.00
[21:15:57.316] 1315.00,-7.00,-466.00
[21:15:57.354] 1207.00,-76.00,-85.00
[21:15:57.397] 1041.00,-105.00,143.00
[21:15:57.437] 810.00,-112.00,311.00
[21:15:57.476] 641.00,-62.00,347.00
[21:15:57.516] 518.00,-15.00,386.00
[21:15:57.542] 408.00,62.00,345.00
[21:15:57.597] 345.00,141.00,272.00
[21:15:57.637] 283.00,223.00,211.00
[21:15:57.678] 198.00,337.00,115.00
[21:15:57.716] 127.00,378.00,48.00
[21:15:57.754] 68.00,405.00,12.00
[21:15:57.797] -15.00,426.00,-58.00
[21:15:57.836] -73.00,447.00,-123.00
[21:15:57.877] -166.00,455.00,-175.00
[21:15:57.916] -237.00,466.00,-216.00
[21:15:57.954] -327.00,487.00,-288.00
[21:15:57.997] -445.00,473.00,-445.00
[21:15:58.034] -508.00,473.00,-595.00
[21:15:58.075] -550.00,452.00,-767.00
[21:15:58.117] -572.00,423.00,-951.00
[21:15:58.153] -550.00,376.00,-1151.00
[21:15:58.195] -526.00,290.00,-1363.00
[21:15:58.236] -437.00,195.00,-1600.00
[21:15:58.277] -437.00,195.00,-1600.00
[21:15:58.316] -183.00,-257.00,-2070.00
[21:15:58.351] 61.00,-701.00,-2245.00
[21:15:58.392] 262.00,-1022.00,-2268.00
[21:15:58.438] 452.00,-1362.00,-2208.00
[21:15:58.476] 623.00,-1660.00,-2058.00
[21:15:58.517] 765.00,-1892.00,-1856.00
[21:15:58.554] 853.00,-2090.00,-1605.00
[21:15:58.595] 982.00,-2235.00,-1226.00
[21:15:58.642] 1035.00,-2282.00,-937.00
[21:15:58.673] 1032.00,-2203.00,-442.00
[21:15:58.716] 982.00,-2113.00,-172.00
[21:15:58.755] 958.00,-2075.00,-78.00
[21:15:58.797] 782.00,-1681.00,403.00
[21:15:58.835] 695.00,-1333.00,561.00
[21:15:58.877] 657.00,-953.00,648.00
[21:15:58.917] 711.00,-473.00,577.00
[21:15:58.956] 818.00,-162.00,396.00
[21:15:58.996] 902.00,38.00,165.00
[21:15:59.034] 990.00,186.00,-41.00
[21:15:59.074] 1027.00,257.00,-257.00
[21:15:59.150] 1068.00,295.00,-403.00
[21:15:59.152] 1076.00,340.00,-541.00
[21:15:59.289] 1063.00,360.00,-695.00
[21:15:59.289] 1061.00,366.00,-755.00
[21:15:59.289] 985.00,400.00,-855.00
[21:15:59.308] 973.00,411.00,-896.00
[21:15:59.365] 1005.00,387.00,-945.00
[21:15:59.422] 1071.00,323.00,-963.00
[21:15:59.428] 1198.00,242.00,-942.00
[21:15:59.531] 1330.00,110.00,-901.00
[21:15:59.535] 1445.00,5.00,-770.00
[21:15:59.549] 1526.00,-168.00,-573.00
[21:15:59.593] 1530.00,-228.00,-427.00
[21:15:59.632] 1460.00,-321.00,-170.00
[21:15:59.673] 1403.00,-318.00,-41.00
[21:15:59.716] 1291.00,-292.00,51.00
[21:15:59.754] 1153.00,-197.00,115.00
[21:15:59.796] 1086.00,-141.00,107.00
[21:15:59.835] 1032.00,-88.00,112.00
[21:15:59.869] 885.00,31.00,107.00
[21:15:59.902] 731.00,138.00,97.00
[21:15:59.953] 538.00,231.00,37.00
[21:15:59.996] 298.00,378.00,-51.00
[21:16:00.036] 112.00,450.00,-197.00
[21:16:00.179] 0.00,506.00,-318.00
[21:16:00.183] -166.00,552.00,-605.00
[21:16:00.189] -225.00,540.00,-755.00
[21:16:00.189] -311.00,492.00,-1043.00
[21:16:00.236] -313.00,445.00,-1252.00
[21:16:00.288] -237.00,395.00,-1420.00
[21:16:00.300] -145.00,421.00,-1437.00
[21:16:00.370] -30.00,476.00,-1366.00
[21:16:00.416] 93.00,556.00,-1255.00
[21:16:00.432] 220.00,571.00,-1121.00
[21:16:00.475] 332.00,592.00,-1022.00
[21:16:00.526] 403.00,580.00,-1012.00
[21:16:00.655] 437.00,552.00,-1107.00
[21:16:00.658] 450.00,508.00,-1247.00
[21:16:00.659] 462.00,447.00,-1391.00
[21:16:00.678] 462.00,447.00,-1391.00
[21:16:00.713] 442.00,141.00,-1840.00
[21:16:00.756] 445.00,-165.00,-2062.00
[21:16:00.828] 433.00,-526.00,-2235.00
[21:16:00.829] 450.00,-930.00,-2301.00
[21:16:00.871] 485.00,-1298.00,-2268.00
[21:16:00.915] 608.00,-1588.00,-2126.00
[21:16:00.956] 818.00,-1918.00,-1852.00
[21:16:00.998] 973.00,-2032.00,-1602.00
[21:16:01.036] 1156.00,-2130.00,-1170.00
[21:16:01.076] 1237.00,-2116.00,-811.00
[21:16:01.110] 1266.00,-2085.00,-631.00
[21:16:01.155] 1237.00,-2030.00,-417.00
[21:16:01.194] 1063.00,-1631.00,218.00
[21:16:01.230] 982.00,-1381.00,398.00
[21:16:01.271] 821.00,-941.00,563.00
[21:16:01.315] 736.00,-585.00,546.00
[21:16:01.355] 723.00,-257.00,447.00
[21:16:01.395] 787.00,5.00,243.00
[21:16:01.436] 910.00,186.00,-17.00
[21:16:01.475] 1092.00,215.00,-352.00
[21:16:01.517] 1250.00,162.00,-566.00
[21:16:01.555] 1332.00,102.00,-697.00
[21:16:01.581] 1352.00,65.00,-816.00
[21:16:01.635] 1357.00,86.00,-940.00
[21:16:01.676] 1278.00,121.00,-1058.00
[21:16:01.715] 1215.00,115.00,-1247.00
[21:16:01.790] 1191.00,76.00,-1381.00
[21:16:01.791] 1168.00,41.00,-1430.00
[21:16:01.832] 1188.00,17.00,-1453.00
[21:16:01.874] 1237.00,-36.00,-1440.00
[21:16:01.915] 1312.00,-93.00,-1378.00
[21:16:01.979] 1413.00,-128.00,-1270.00
[21:16:02.002] 1481.00,-181.00,-1155.00
[21:16:02.076] 1575.00,-313.00,-930.00
[21:16:02.076] 1593.00,-337.00,-873.00
[21:16:02.116] 1580.00,-600.00,-408.00
[21:16:02.164] 1521.00,-740.00,-128.00
[21:16:02.246] 1207.00,-972.00,293.00
[21:16:02.248] 812.00,-1096.00,530.00
[21:16:02.278] 377.00,-1188.00,660.00
[21:16:02.316] -91.00,-1170.00,660.00
[21:16:02.360] -455.00,-1075.00,561.00
[21:16:02.393] -707.00,-953.00,437.00
[21:16:02.433] -828.00,-742.00,332.00
[21:16:02.473] -821.00,-542.00,288.00
[21:16:02.516] -812.00,-328.00,216.00
[21:16:02.556] -810.00,-228.00,148.00
[21:16:02.597] -790.00,36.00,-48.00
[21:16:02.629] -787.00,183.00,-247.00
[21:16:02.671] -782.00,273.00,-502.00
[21:16:02.716] -792.00,323.00,-721.00
[21:16:02.777] -818.00,321.00,-912.00
[21:16:02.792] -802.00,290.00,-1092.00
[21:16:02.831] -741.00,245.00,-1327.00
[21:16:02.900] -682.00,231.00,-1446.00
[21:16:02.906] -550.00,202.00,-1602.00
[21:16:02.944] -398.00,226.00,-1667.00
[21:16:03.138] -291.00,2
[21:16:03.151] 47.00,-1708.00
[21:16:03.155] -186.00,242.00,-1745.00
[21:16:03.200] -63.00,231.00,-1796.00
[21:16:03.200] 83.00,145.00,-1876.00
[21:16:03.203] 203.00,50.00,-1941.00
[21:16:03.307] 281.00,-7
[21:16:03.310] 0.00,-2051.00
[21:16:03.314] 327.00,-260.00,-2145.00
[21:16:03.314] 337.00,-537.00,-2255.00
[21:16:03.315] 345.00,-843.00,-2306.00
[21:16:03.355] 345.00,-1077.00,-2303.00
[21:16:03.422] 365.00,-1538.00,-2196.00
[21:16:03.422] 423.00,-1832.00,-2031.00
[21:16:03.478] 518.00,-2077.00,-1806.00
[21:16:03.516] 675.00,-2253.00,-1481.00
[21:16:03.555] 785.00,-2322.00,-1206.00
[21:16:03.596] 912.00,-2296.00,-821.00
[21:16:03.634] 1081.00,-2111.00,-420.00
[21:16:03.673] 1146.00,-1913.00,-148.00
[21:16:03.715] 1191.00,-1642.00,48.00
[21:16:03.757] 1163.00,-1393.00,185.00
[21:16:03.796] 1112.00,-1067.00,350.00
[21:16:03.830] 956.00,-675.00,435.00
[21:16:03.872] 826.00,-307.00,386.00
[21:16:03.913] 738.00,36.00,216.00
[21:16:03.956] 731.00,247.00,25.00
[21:16:03.996] 723.00,333.00,-123.00
[21:16:04.035] 692.00,506.00,-685.00
[21:16:04.072] 655.00,518.00,-912.00
[21:16:04.112] 523.00,506.00,-1265.00
[21:16:04.157] 445.00,397.00,-1515.00
[21:16:04.198] 388.00,242.00,-1723.00
[21:16:04.235] 421.00,57.00,-1922.00
[21:16:04.296] 491.00,-83.00,-2017.00
[21:16:04.313] 560.00,-238.00,-2108.00
[21:16:04.359] 623.00,-458.00,-2162.00
[21:16:04.394] 655.00,-608.00,-2191.00
[21:16:04.435] 756.00,-813.00,-2196.00
[21:16:04.472] 785.00,-858.00,-2193.00
[21:16:04.515] 1022.00,-1103.00,-2067.00
[21:16:04.555] 1220.00,-1220.00,-1900.00
[21:16:04.597] 1427.00,-1293.00,-1633.00
[21:16:04.637] 1565.00,-1388.00,-1320.00
[21:16:04.675] 1633.00,-1457.00,-948.00
[21:16:04.716] 1540.00,-1560.00,-463.00
[21:16:04.757] 1310.00,-1631.00,-58.00
[21:16:04.796] 971.00,-1633.00,272.00
[21:16:04.862] 592.00,-1586.00,483.00
[21:16:04.888] 213.00,-1581.00,561.00
[21:16:04.901] -132.00,-1600.00,522.00
[21:16:04.955] -327.00,-1576.00,486.00
[21:16:04.995] -711.00,-1417.00,350.00
[21:16:05.035] -982.00,-1172.00,202.00
[21:16:05.075] -1092.00,-993.00,117.00
[21:16:05.117] -1132.00,-822.00,46.00
[21:16:05.165] -1163.00,-677.00,-22.00
[21:16:05.196] -1186.00,-552.00,-120.00
[21:16:05.322] -1227.00,-492.00,-243.00
[21:16:05.328] -1310.00,-495.00,-398.00
[21:16:05.328] -1357.00,-552.00,-595.00
[21:16:05.342] -1403.00,-640.00,-801.00
[21:16:05.405] -1393.00,-721.00,-1085.00
[21:16:05.437] -1345.00,-792.00,-1303.00
[21:16:05.478] -1198.00,-856.00,-1628.00
[21:16:05.514] -1048.00,-887.00,-1822.00
[21:16:05.540] -866.00,-908.00,-1982.00
[21:16:05.592] -705.00,-898.00,-2090.00
[21:16:05.661] -541.00,-911.00,-2196.00
[21:16:05.665] -440.00,-935.00,-2237.00
[21:16:05.714] -296.00,-1056.00,-2276.00
[21:16:05.756] -176.00,-1241.00,-2296.00
[21:16:05.781] -52.00,-1502.00,-2230.00
[21:16:05.833] 68.00,-1773.00,-2103.00
[21:16:05.889] 206.00,-1992.00,-1953.00
[21:16:05.906] 340.00,-2187.00,-1752.00
[21:16:05.958] 482.00,-2291.00,-1551.00
[21:16:05.995] 606.00,-2375.00,-1237.00
[21:16:06.032] 713.00,-2391.00,-801.00
[21:16:06.073] 751.00,-2282.00,-321.00
[21:16:06.116] 677.00,-2071.00,61.00
[21:16:06.155] 541.00,-1840.00,340.00
[21:16:06.195] 313.00,-1457.00,585.00
[21:16:06.237] 130.00,-1115.00,682.00
[21:16:06.274] -71.00,-751.00,670.00
[21:16:06.316] -232.00,-442.00,580.00
[21:16:06.356] -332.00,-218.00,481.00
[21:16:06.393] -367.00,-168.00,415.00
[21:16:06.423] -485.00,231.00,0.00
[21:16:06.476] -498.00,360.00,-195.00
[21:16:06.516] -450.00,458.00,-367.00
[21:16:06.555] -393.00,537.00,-600.00
[21:16:06.594] -335.00,556.00,-912.00
[21:16:06.681] -296.00,513.00,-1177.00
[21:16:06.685] -296.00,395.00,-1456.00
[21:16:06.731] -321.00,221.00,-1701.00
[21:16:06.748] -391.00,33.00,-1873.00
[21:16:06.788] -447.00,-70.00,-1941.00
[21:16:06.849] -491.00,-260.00,-2036.00
[21:16:06.968] -496.00,-310.00,-2058.00
[21:16:07.099] -372.00,-595.00,-2208.00
[21:16:07.122] -206.00,-840.00,-2278.00
[21:16:07.126] 15.00,-1098.00,-2310.00
[21:16:07.126] 323.00,-1396.00,-2262.00
[21:16:07.126] 491.00,-1545.00,-2170.00
[21:16:07.129] 772.00,-1687.00,-1980.00
[21:16:07.142] 982.00,-1795.00,-1796.00
[21:16:07.193] 1146.00,-1913.00,-1533.00
[21:16:07.234] 1205.00,-2027.00,-1190.00
[21:16:07.276] 1178.00,-2113.00,-830.00
[21:16:07.317] 1078.00,-2158.00,-473.00
[21:16:07.351] 971.00,-2161.00,-330.00
[21:16:07.395] 623.00,-2193.00,-22.00
[21:16:07.434] 308.00,-2208.00,41.00
[21:16:07.465] -7.00,-2203.00,48.00
[21:16:07.509] -396.00,-2137.00,0.00
[21:16:07.559] -621.00,-2037.00,-58.00
[21:16:07.626] -818.00,-1956.00,-153.00
[21:16:07.626] -966.00,-1856.00,-241.00
[21:16:07.675] -1110.00,-1742.00,-316.00
[21:16:07.716] -1227.00,-1623.00,-401.00
[21:16:07.763] -1281.00,-1521.00,-522.00
[21:16:07.794] -1327.00,-1486.00,-653.00
[21:16:08.008] -1357.00,-1417.00,-847.00
[21:16:08.010] -1352.00,-1350.00,-1092.00
[21:16:08.010] -1330.00,-1293.00,-1298.00
[21:16:08.010] -1250.00,-1207.00,-1487.00
[21:16:08.010] -1163.00,-1167.00,-1672.00
[21:16:08.053] -1027.00,-1130.00,-1840.00
[21:16:08.112] -851.00,-1133.00,-1995.00
[21:16:08.119] -702.00,-1193.00,-2087.00
[21:16:08.153] -565.00,-1328.00,-2145.00
[21:16:08.195] -467.00,-1488.00,-2131.00
[21:16:08.235] -365.00,-1692.00,-2072.00
[21:16:08.307] -276.00,-1892.00,-1980.00
[21:16:08.308] -160.00,-2220.00,-1665.00
[21:16:08.342] -103.00,-2396.00,-1288.00
[21:16:08.392] -61.00,-2467.00,-883.00
[21:16:08.435] -42.00,-2443.00,-602.00
[21:16:08.478] -40.00,-2408.00,-378.00
[21:16:08.511] -47.00,-2303.00,-161.00
[21:16:08.554] -86.00,-2075.00,143.00
[21:16:08.593] -188.00,-1805.00,340.00
[21:16:08.635] -362.00,-1518.00,456.00
[21:16:08.674] -570.00,-1233.00,483.00
[21:16:08.717] -836.00,-858.00,357.00
[21:16:08.756] -961.00,-666.00,221.00
[21:16:08.789] -1081.00,-413.00,5.00
[21:16:08.836] -1115.00,-183.00,-236.00
[21:16:08.893] -1092.00,-20.00,-486.00
[21:16:08.911] -1035.00,107.00,-770.00
[21:16:08.954] -985.00,141.00,-922.00
[21:16:08.996] -978.00,147.00,-1020.00
[21:16:09.035] -982.00,131.00,-1056.00
[21:16:09.073] -1012.00,100.00,-1100.00
[21:16:09.115] -1012.00,73.00,-1138.00
[21:16:09.146] -1022.00,65.00,-1203.00
[21:16:09.193] -1005.00,55.00,-1240.00
[21:16:09.224] -1005.00,-10.00,-1316.00
[21:16:09.276] -1051.00,-76.00,-1415.00
[21:16:09.327] -1010.00,-178.00,-1558.00
[21:16:09.355] -890.00,-318.00,-1791.00
[21:16:09.390] -646.00,-550.00,-2058.00
[21:16:09.435] -457.00,-690.00,-2191.00
[21:16:09.473] -66.00,-908.00,-2303.00
[21:16:09.515] 255.00,-1035.00,-2322.00
[21:16:09.557] 587.00,-1193.00,-2240.00
[21:16:09.596] 890.00,-1376.00,-2067.00
[21:16:09.635] 1120.00,-1592.00,-1817.00
[21:16:09.673] 1232.00,-1802.00,-1502.00
[21:16:09.702] 1261.00,-1892.00,-1340.00
[21:16:09.901] 1193.00,-2125.00,-898.00
[21:16:09.903] 1051.00,-2187.00,-623.00
[21:16:09.904] 875.00,-2248.00,-383.00
[21:16:09.909] 662.00,-2261.00,-192.00
[21:16:09.909] 347.00,-2232.00,0.00
[21:16:09.955] 93.00,-2177.00,90.00
[21:16:09.996] -83.00,-2077.00,170.00
[21:16:10.034] -281.00,-1985.00,216.00
[21:16:10.076] -437.00,-1856.00,260.00
[21:16:10.116] -616.00,-1728.00,252.00
[21:16:10.155] -797.00,-1571.00,211.00
[21:16:10.196] -851.00,-1545.00,182.00
[21:16:10.233] -1097.00,-1381.00,20.00
[21:16:10.277] -1245.00,-1293.00,-146.00
[21:16:10.317] -1345.00,-1267.00,-391.00
[21:16:10.356] -1422.00,-1267.00,-711.00
[21:16:10.394] -1406.00,-1305.00,-917.00
[21:16:10.431] -1340.00,-1307.00,-1223.00
[21:16:10.474] -1273.00,-1320.00,-1402.00
[21:16:10.515] -1205.00,-1315.00,-1543.00
[21:16:10.558] -1142.00,-1346.00,-1628.00
[21:16:10.629] -1105.00,-1412.00,-1662.00
[21:16:10.629] -1088.00,-1545.00,-1613.00
[21:16:10.674] -1056.00,-1666.00,-1531.00
[21:16:10.714] -1035.00,-1826.00,-1332.00
[21:16:10.784] -1025.00,-1913.00,-1148.00
[21:16:10.788] -982.00,-2003.00,-922.00
[21:16:10.834] -933.00,-2037.00,-762.00
[21:16:10.874] -868.00,-2068.00,-660.00
[21:16:10.910] -815.00,-2063.00,-435.00
[21:16:10.955] -800.00,-1977.00,-241.00
[21:16:10.995] -782.00,-1863.00,-61.00
[21:16:11.036] -818.00,-1668.00,92.00
[21:16:11.077] -880.00,-1507.00,141.00
[21:16:11.117] -948.00,-1331.00,158.00
[21:16:11.156] -1012.00,-1191.00,115.00
[21:16:11.196] -1102.00,-1053.00,32.00
[21:16:11.234] -1176.00,-872.00,-15.00
[21:16:11.305] -1196.00,-671.00,-105.00
[21:16:11.308] -1202.00,-540.00,-143.00
[21:16:11.357] -1181.00,-397.00,-143.00
[21:16:11.442] -1112.00,-281.00,-136.00
[21:16:11.442] -1056.00,-128.00,-148.00
[21:16:11.461] -973.00,0.00,-213.00
[21:16:11.595] -905.00,150.00,-316.00
[21:16:11.595] -846.00,231.00,-403.00
[21:16:11.598] -812.00,302.00,-507.00
[21:16:11.635] -815.00,302.00,-541.00
[21:16:11.672] -790.00,333.00,-695.00
[21:16:11.713] -818.00,326.00,-855.00
[21:16:11.754] -877.00,221.00,-1121.00
[21:16:11.793] -920.00,78.00,-1347.00
[21:16:11.834] -905.00,-78.00,-1577.00
[21:16:11.876] -792.00,-242.00,-1817.00
[21:16:11.917] -557.00,-383.00,-2051.00
[21:16:11.955] -203.00,-518.00,-2206.00
[21:16:11.996] 332.00,-690.00,-2271.00
[21:16:12.032] 570.00,-748.00,-2227.00
[21:16:12.073] 1112.00,-946.00,-1966.00
[21:16:12.115] 1261.00,-1048.00,-1817.00
[21:16:12.156] 1526.00,-1523.00,-1211.00
[21:16:12.196] 1465.00,-1742.00,-750.00
[21:16:12.234] 1227.00,-1913.00,-298.00
[21:16:12.274] 933.00,-2021.00,-51.00
[21:16:12.316] 655.00,-2058.00,87.00
[21:16:12.356] 408.00,-2051.00,185.00
[21:16:12.396] 188.00,-2003.00,265.00
[21:16:12.435] 45.00,-1873.00,367.00
[21:16:12.475] -52.00,-1742.00,471.00
[21:16:12.517] -140.00,-1586.00,515.00
[21:16:12.571] -355.00,-1262.00,600.00
[21:16:12.609] -416.00,-1188.00,585.00
[21:16:12.625] -700.00,-798.00,476.00
[21:16:12.678] -920.00,-535.00,303.00
[21:16:12.714] -1025.00,-442.00,165.00
[21:16:12.755] -1137.00,-316.00,-71.00
[21:16:12.795] -1178.00,-236.00,-236.00
[21:16:12.834] -1205.00,-157.00,-406.00
[21:16:12.865] -1220.00,-93.00,-573.00
[21:16:12.916] -1191.00,-26.00,-750.00
[21:16:12.955] -1158.00,5.00,-898.00
[21:16:12.994] -1095.00,55.00,-1027.00
[21:16:13.034] -1017.00,76.00,-1180.00
[21:16:13.075] -995.00,83.00,-1247.00
[21:16:13.116] -933.00,60.00,-1386.00
[21:16:13.156] -902.00,-15.00,-1515.00
[21:16:13.196] -941.00,-292.00,-1716.00
[21:16:13.234] -990.00,-563.00,-1773.00
[21:16:13.275] -1078.00,-953.00,-1716.00
[21:16:13.315] -1151.00,-1170.00,-1605.00
[21:16:13.355] -1188.00,-1362.00,-1427.00
