# Serial Log - 2026-04-16T21:16:29.797439
# Port: COM14 @ 115200bps
#============================================================
[21:16:29.946] -790.00,283.00,-453.00
[21:16:29.947] -887.00,183.00,-502.00
[21:16:29.948] -976.00,100.00,-551.00
[21:16:29.949] -1073.00,-17.00,-607.00
[21:16:29.949] -1097.00,-62.00,-633.00
[21:16:29.949] -1178.00,-210.00,-641.00
[21:16:29.949] -1225.00,-286.00,-618.00
[21:16:29.995] -1240.00,-355.00,-618.00
[21:16:30.032] -1245.00,-387.00,-670.00
[21:16:30.074] -1258.00,-366.00,-760.00
[21:16:30.114] -1261.00,-392.00,-816.00
[21:16:30.279] -1263.00,-411.00
[21:16:30.323] ,-857.00
[21:16:30.347] -1271.00,-431.00,-927.00
[21:16:30.397] -1273.00,-485.00,-983.00
[21:16:30.398] -1266.00,-542.00,-1033.00
[21:16:30.400] -1288.00,-595.00,-1041.00
[21:16:30.402] -1296.00,-580.00,-1036.00
[21:16:30.402] -1350.00,-618.00,-1025.00
[21:16:30.435] -1342.00,-656.00,-1090.00
[21:16:30.474] -1320.00,-708.00,-1182.00
[21:16:30.517] -1322.00,-820.00,-1267.00
[21:16:30.568] -1298.00,-951.00,-1301.00
[21:16:30.584] -1266.00,-1082.00,-1322.00
[21:16:30.638] -1232.00,-1225.00,-1405.00
[21:16:30.710] -1081.00,-1400.00,-1512.00
[21:16:30.711] -928.00,-1576.00,-1611.00
[21:16:30.753] -733.00,-1713.00,-1672.00
[21:16:30.797] -575.00,-1866.00,-1682.00
[21:16:30.831] -528.00,-1895.00,-1677.00
[21:16:30.873] -528.00,-1911.00,-1660.00
[21:16:30.917] -555.00,-1866.00,-1655.00
[21:16:30.954] -597.00,-1842.00,-1675.00
[21:16:30.997] -646.00,-1757.00,-1716.00
[21:16:31.038] -687.00,-1621.00,-1798.00
[21:16:31.084] -713.00,-1465.00,-1852.00
[21:16:31.116] -718.00,-1255.00,-1961.00
[21:16:31.156] -646.00,-1012.00,-2048.00
[21:16:31.191] -513.00,-727.00,-2133.00
[21:16:31.247] -323.00,-473.00,-2162.00
[21:16:31.261] 7.00,-138.00,-2100.00
[21:16:31.314] 98.00,-70.00,-2056.00
[21:16:31.356] 491.00,266.00,-1735.00
[21:16:31.395] 705.00,440.00,-1398.00
[21:16:31.428] 807.00,518.00,-1087.00
[21:16:31.474] 818.00,556.00,-803.00
[21:16:31.512] 692.00,561.00,-497.00
[21:16:31.555] 562.00,547.00,-285.00
[21:16:31.596] 398.00,508.00,-71.00
[21:16:31.628] 183.00,371.00,146.00
[21:16:31.675] -20.00,152.00,357.00
[21:16:31.711] -230.00,-212.00,543.00
[21:16:31.757] -327.00,-558.00,610.00
[21:16:31.791] -337.00,-653.00,597.00
[21:16:31.835] -308.00,-1138.00,573.00
[21:16:31.874] -196.00,-1417.00,522.00
[21:16:31.915] -52.00,-1687.00,388.00
[21:16:31.956] 103.00,-1918.00,241.00
[21:16:32.004] 230.00,-2092.00,58.00
[21:16:32.081] 360.00,-2220.00,-146.00
[21:16:32.082] 393.00,-2275.00,-262.00
[21:16:32.105] 372.00,-2315.00,-362.00
[21:16:32.148] 330.00,-2335.00,-432.00
[21:16:32.245] 321.00,-2332.00,-417.00
[21:16:32.245] 308.00,-2298.00,-308.00
[21:16:32.276] 316.00,-2261.00,-255.00
[21:16:32.348] 350.00,-2077.00,53.00
[21:16:32.348] 396.00,-1863.00,313.00
[21:16:32.430] 447.00,-1568.00,488.00
[21:16:32.430] 372.00,-1203.00,648.00
[21:16:32.494] 225.00,-996.00,680.00
[21:16:32.508] -37.00,-820.00,670.00
[21:16:32.555] -332.00,-703.00,563.00
[21:16:32.609] -575.00,-608.00,442.00
[21:16:32.677] -802.00,-568.00,282.00
[21:16:32.692] -948.00,-566.00,117.00
[21:16:32.708] -1092.00,-621.00,-58.00
[21:16:32.753] -1127.00,-637.00,-102.00
[21:16:32.794] -1198.00,-761.00,-236.00
[21:16:32.825] -1261.00,-890.00,-301.00
[21:16:32.887] -1268.00,-982.00,-318.00
[21:16:32.898] -1281.00,-1086.00,-417.00
[21:16:32.956] -1278.00,-1317.00,-532.00
[21:16:32.994] -1210.00,-1455.00,-573.00
[21:16:33.033] -1146.00,-1571.00,-558.00
[21:16:33.074] -1076.00,-1700.00,-517.00
[21:16:33.111] -990.00,-1781.00,-445.00
[21:16:33.156] -931.00,-1858.00,-401.00
[21:16:33.194] -866.00,-1918.00,-362.00
[21:16:33.234] -821.00,-1940.00,-347.00
[21:16:33.273] -726.00,-2011.00,-313.00
[21:16:33.315] -613.00,-2080.00,-277.00
[21:16:33.357] -503.00,-2132.00,-262.00
[21:16:33.396] -345.00,-2222.00,-313.00
[21:16:33.429] -250.00,-2306.00,-461.00
[21:16:33.474] -188.00,-2380.00,-675.00
[21:16:33.504] -106.00,-2385.00,-948.00
[21:16:33.553] -56.00,-2338.00,-1255.00
[21:16:33.623] 0.00,-2148.00,-1655.00
[21:16:33.627] 17.00,-1890.00,-1948.00
[21:16:33.675] 71.00,-1521.00,-2155.00
[21:16:33.714] 42.00,-1207.00,-2281.00
[21:16:33.742] 42.00,-1207.00,-2281.00
[21:16:33.791] 35.00,-297.00,-2188.00
[21:16:33.833] 0.00,131.00,-1912.00
[21:16:33.875] 27.00,326.00,-1703.00
[21:16:33.914] 132.00,568.00,-1322.00
[21:16:33.954] 262.00,656.00,-990.00
[21:16:33.995] 398.00,663.00,-701.00
[21:16:34.032] 518.00,590.00,-393.00
[21:16:34.075] 655.00,418.00,-85.00
[21:16:34.114] 723.00,165.00,190.00
[21:16:34.156] 782.00,-60.00,360.00
[21:16:34.191] 828.00,-247.00,427.00
[21:16:34.234] 831.00,-318.00,450.00
[21:16:34.273] 866.00,-748.00,548.00
[21:16:34.315] 761.00,-1032.00,582.00
[21:16:34.355] 651.00,-1251.00,582.00
[21:16:34.428] 506.00,-1471.00,522.00
[21:16:34.428] 367.00,-1710.00,422.00
[21:16:34.474] 250.00,-1887.00,272.00
[21:16:34.515] 140.00,-1987.00,175.00
[21:16:34.557] -30.00,-2042.00,105.00
[21:16:34.596] -178.00,-2021.00,71.00
[21:16:34.634] -276.00,-1982.00,71.00
[21:16:34.675] -408.00,-1918.00,73.00
[21:16:34.699] -470.00,-1882.00,76.00
[21:16:34.751] -590.00,-1797.00,85.00
[21:16:34.795] -616.00,-1757.00,82.00
[21:16:34.873] -606.00,-1752.00,97.00
[21:16:34.875] -493.00,-1740.00,175.00
[21:16:34.915] -383.00,-1757.00,221.00
[21:16:34.964] -286.00,-1773.00,285.00
[21:16:34.991] -208.00,-1768.00,318.00
[21:16:35.033] -125.00,-1745.00,340.00
[21:16:35.074] -98.00,-1663.00,396.00
[21:16:35.115] -56.00,-1507.00,491.00
[21:16:35.157] -68.00,-1405.00,527.00
[21:16:35.276] -103.00,-1291.00,558.00
[21:16:35.281] -201.00,-1151.00,571.00
[21:16:35.281] -350.00,-1030.00,536.00
[21:16:35.314] -428.00,-991.00,517.00
[21:16:35.353] -577.00,-946.00,425.00
[21:16:35.395] -705.00,-970.00,371.00
[21:16:35.435] -787.00,-996.00,298.00
[21:16:35.476] -851.00,-1003.00,236.00
[21:16:35.513] -941.00,-1056.00,165.00
[21:16:35.554] -1012.00,-1151.00,95.00
[21:16:35.596] -1030.00,-1233.00,0.00
[21:16:35.635] -1046.00,-1286.00,-46.00
[21:16:35.675] -1046.00,-1393.00,-107.00
[21:16:35.715] -1025.00,-1476.00,-148.00
[21:16:35.752] -982.00,-1588.00,-170.00
[21:16:35.788] -948.00,-1690.00,-223.00
[21:16:35.835] -925.00,-1757.00,-296.00
[21:16:35.876] -895.00,-1823.00,-383.00
[21:16:35.914] -875.00,-1902.00,-483.00
[21:16:35.953] -841.00,-1971.00,-626.00
[21:16:35.995] -785.00,-2018.00,-811.00
[21:16:36.036] -721.00,-2071.00,-1038.00
[21:16:36.109] -577.00,-2063.00,-1325.00
[21:16:36.109] -437.00,-2066.00,-1536.00
[21:16:36.154] -437.00,-2066.00,-1536.00
[21:16:36.194] 267.00,-1930.00,-1925.00
[21:16:36.238] 665.00,-1808.00,-1930.00
[21:16:36.276] 1063.00,-1616.00,-1830.00
[21:16:36.315] 1430.00,-1370.00,-1585.00
[21:16:36.355] 1682.00,-1065.00,-1270.00
[21:16:36.396] 1747.00,-742.00,-956.00
[21:16:36.459] 1665.00,-333.00,-602.00
[21:16:36.465] 1513.00,-121.00,-442.00
[21:16:36.513] 1196.00,178.00,-270.00
[21:16:36.553] 958.00,350.00,-182.00
[21:16:36.594] 770.00,437.00,-165.00
[21:16:36.635] 491.00,506.00,-161.00
[21:16:36.676] 257.00,571.00,-153.00
[21:16:36.714] 78.00,590.00,-213.00
[21:16:36.755] -78.00,590.00,-267.00
[21:16:36.796] -252.00,573.00,-321.00
[21:16:36.879] -423.00,511.00,-355.00
[21:16:36.883] -631.00,411.00,-388.00
[21:16:36.915] -810.00,281.00,-337.00
[21:16:36.953] -963.00,110.00,-296.00
[21:16:36.992] -1088.00,-110.00,-275.00
[21:16:37.035] -1161.00,-252.00,-255.00
[21:16:37.075] -1232.00,-447.00,-255.00
[21:16:37.113] -1266.00,-682.00,-213.00
[21:16:37.155] -1247.00,-851.00,-141.00
[21:16:37.194] -1215.00,-930.00,-78.00
[21:16:37.235] -1142.00,-1032.00,-12.00
[21:16:37.275] -1120.00,-1088.00,30.00
[21:16:37.341] -1112.00,-1096.00,27.00
[21:16:37.341] -1115.00,-1146.00,-2.00
[21:16:37.396] -1140.00,-1227.00,-63.00
[21:16:37.434] -1127.00,-1305.00,-126.00
[21:16:37.557] -1110.00,-1423.00,-197.00
[21:16:37.558] -1073.00,-1518.00,-241.00
[21:16:37.559] -1027.00,-1610.00,-255.00
[21:16:37.594] -968.00,-1678.00,-223.00
[21:16:37.636] -713.00,-1773.00,-17.00
[21:16:37.691] -491.00,-1776.00,148.00
[21:16:37.713] -273.00,-1681.00,330.00
[21:16:37.755] -50.00,-1595.00,450.00
[21:16:37.795] 112.00,-1481.00,495.00
[21:16:37.835] 208.00,-1367.00,561.00
[21:16:37.877] 220.00,-1225.00,587.00
[21:16:37.912] 166.00,-1101.00,631.00
[21:16:37.988] 50.00,-1012.00,638.00
[21:16:38.030] -76.00,-870.00,628.00
[21:16:38.032] -155.00,-775.00,628.00
[21:16:38.076] -265.00,-721.00,600.00
[21:16:38.114] -347.00,-748.00,605.00
[21:16:38.160] -423.00,-796.00,577.00
[21:16:38.196] -503.00,-822.00,543.00
[21:16:38.294] -606.00,-827.00,497.00
[21:16:38.297] -775.00,-853.00,383.00
[21:16:38.309] -920.00,-896.00,267.00
[21:16:38.355] -1068.00,-935.00,100.00
[21:16:38.394] -1225.00,-996.00,-143.00
[21:16:38.435] -1315.00,-1062.00,-383.00
[21:16:38.476] -1342.00,-1120.00,-602.00
[21:16:38.513] -1342.00,-1188.00,-772.00
[21:16:38.555] -1342.00,-1188.00,-772.00
[21:16:38.595] -1261.00,-1441.00,-1012.00
[21:16:38.626] -1173.00,-1571.00,-1090.00
[21:16:38.698] -1056.00,-1690.00,-1187.00
[21:16:38.703] -936.00,-1800.00,-1388.00
[21:16:38.753] -685.00,-1828.00,-1657.00
[21:16:38.794] -276.00,-1821.00,-1922.00
[21:16:38.834] -15.00,-1785.00,-2021.00
[21:16:38.876] 442.00,-1645.00,-2118.00
[21:16:38.914] 746.00,-1447.00,-2133.00
[21:16:38.955] 973.00,-1148.00,-2092.00
[21:16:38.994] 1088.00,-832.00,-2041.00
[21:16:39.035] 1105.00,-526.00,-1980.00
[21:16:39.073] 1032.00,-231.00,-1886.00
[21:16:39.115] 931.00,38.00,-1735.00
[21:16:39.157] 866.00,257.00,-1553.00
[21:16:39.192] 787.00,390.00,-1386.00
[21:16:39.234] 751.00,495.00,-1203.00
[21:16:39.327] 670.00,576.00,-1031.00
[21:16:39.332] 531.00,621.00,-940.00
[21:16:39.348] 401.00,661.00,-973.00
[21:16:39.387] 193.00,663.00,-992.00
[21:16:39.422] 47.00,656.00,-1031.00
[21:16:39.473] -86.00,645.00,-1046.00
[21:16:39.514] -267.00,597.00,-1051.00
[21:16:39.555] -616.00,466.00,-935.00
[21:16:39.595] -797.00,347.00,-796.00
[21:16:39.636] -978.00,186.00,-677.00
[21:16:39.675] -1130.00,-10.00,-551.00
[21:16:39.712] -1242.00,-233.00,-471.00
[21:16:39.755] -1310.00,-550.00,-393.00
[21:16:39.795] -1340.00,-792.00,-391.00
[21:16:39.832] -1347.00,-993.00,-450.00
[21:16:39.874] -1335.00,-1125.00,-507.00
[21:16:39.914] -1303.00,-1346.00,-631.00
[21:16:39.955] -1288.00,-1407.00,-685.00
[21:16:39.997] -1212.00,-1578.00,-803.00
[21:16:40.035] -1066.00,-1805.00,-835.00
[21:16:40.074] -933.00,-1956.00,-793.00
[21:16:40.114] -792.00,-2051.00,-660.00
[21:16:40.155] -618.00,-2103.00,-453.00
[21:16:40.187] -516.00,-2101.00,-298.00
[21:16:40.229] -286.00,-2025.00,-5.00
[21:16:40.274] -52.00,-1878.00,233.00
[21:16:40.315] 137.00,-1702.00,391.00
[21:16:40.358] 303.00,-1497.00,507.00
[21:16:40.392] 416.00,-1241.00,597.00
[21:16:40.543] 452.00,-1098.00,623.00
[21:16:40.546] 447.00,-695.00,648.00
[21:16:40.547] 370.00,-468.00,628.00
[21:16:40.547] 286.00,-257.00,587.00
[21:16:40.595] 191.00,-128.00,536.00
[21:16:40.624] 42.00,-38.00,495.00
[21:16:40.674] -96.00,-60.00,481.00
[21:16:40.714] -250.00,-128.00,500.00
[21:16:40.754] -426.00,-262.00,481.00
[21:16:40.794] -585.00,-387.00,447.00
[21:16:40.834] -753.00,-497.00,378.00
[21:16:40.876] -958.00,-653.00,238.00
[21:16:40.915] -1020.00,-727.00,161.00
[21:16:40.954] -1173.00,-877.00,-37.00
[21:16:40.994] -1276.00,-1012.00,-257.00
[21:16:41.036] -1327.00,-1153.00,-517.00
[21:16:41.074] -1310.00,-1283.00,-791.00
[21:16:41.116] -1210.00,-1450.00,-1113.00
[21:16:41.156] -1100.00,-1560.00,-1345.00
[21:16:41.193] -961.00,-1628.00,-1543.00
[21:16:41.231] -800.00,-1660.00,-1716.00
[21:16:41.275] -631.00,-1650.00,-1861.00
[21:16:41.313] -457.00,-1612.00,-1987.00
[21:16:41.355] -213.00,-1443.00,-2155.00
[21:16:41.425] -42.00,-1283.00,-2257.00
[21:16:41.462] 163.00,-1082.00,-2310.00
[21:16:41.462] 426.00,-846.00,-2293.00
[21:16:41.512] 613.00,-600.00,-2223.00
[21:16:41.549] 733.00,-392.00,-2133.00
[21:16:41.594] 738.00,-160.00,-2007.00
[21:16:41.634] 677.00,-5.00,-1927.00
[21:16:41.674] 552.00,242.00,-1747.00
[21:16:41.713] 452.00,407.00,-1546.00
[21:16:41.752] 360.00,523.00,-1363.00
[21:16:41.793] 262.00,587.00,-1262.00
[21:16:41.832] 163.00,606.00,-1237.00
[21:16:41.874] 112.00,597.00,-1240.00
[21:16:41.915] -191.00,563.00,-1208.00
[21:16:41.954] -350.00,508.00,-1231.00
[21:16:41.985] -523.00,435.00,-1242.00
[21:16:42.052] -723.00,333.00,-1198.00
[21:16:42.094] -871.00,228.00,-1146.00
[21:16:42.110] -997.00,115.00,-1095.00
[21:16:42.153] -1105.00,-31.00,-1061.00
[21:16:42.194] -1207.00,-186.00,-1092.00
[21:16:42.235] -1266.00,-376.00,-1128.00
[21:16:42.276] -1327.00,-635.00,-1185.00
[21:16:42.313] -1335.00,-808.00,-1250.00
[21:16:42.428] -1332.00,-887.00,-1245.00
[21:16:42.428] -1258.00,-1336.00,-1301.00
[21:16:42.428] -1151.00,-1592.00,-1278.00
[21:16:42.496] -1005.00,-1813.00,-1223.00
[21:16:42.511] -823.00,-2025.00,-1136.00
[21:16:42.550] -718.00,-2095.00,-1082.00
[21:16:42.591] -562.00,-2211.00,-1010.00
[21:16:42.712] -406.00,-2308.00,-907.00
[21:16:42.713] -296.00,-2335.00,-745.00
[21:16:42.713] -168.00,-2327.00,-543.00
[21:16:42.755] -78.00,-2270.00,-296.00
[21:16:42.801] -20.00,-2190.00,-107.00
[21:16:42.836] 73.00,-2006.00,131.00
[21:16:42.875] 213.00,-1633.00,445.00
[21:16:42.911] 311.00,-1315.00,571.00
[21:16:42.982] 370.00,-1003.00,638.00
[21:16:42.982] 423.00,-663.00,628.00
[21:16:43.032] 460.00,-307.00,573.00
[21:16:43.075] 450.00,-86.00,463.00
[21:16:43.115] 408.00,110.00,352.00
[21:16:43.152] 327.00,250.00,250.00
[21:16:43.194] 227.00,337.00,170.00
[21:16:43.232] 73.00,418.00,87.00
[21:16:43.274] 15.00,442.00,46.00
[21:16:43.313] -112.00,431.00,2.00
[21:16:43.354] -242.00,366.00,53.00
[21:16:43.395] -352.00,268.00,143.00
[21:16:43.422] -477.00,157.00,187.00
[21:16:43.474] -603.00,33.00,192.00
[21:16:43.513] -805.00,-126.00,182.00
[21:16:43.552] -958.00,-257.00,92.00
[21:16:43.594] -1100.00,-390.00,-41.00
[21:16:43.633] -1198.00,-490.00,-161.00
[21:16:43.675] -1310.00,-685.00,-360.00
[21:16:43.712] -1373.00,-925.00,-577.00
[21:16:43.752] -1376.00,-1020.00,-672.00
[21:16:43.793] -1340.00,-1220.00,-912.00
[21:16:43.836] -1283.00,-1326.00,-1113.00
[21:16:43.892] -1196.00,-1357.00,-1337.00
[21:16:43.908] -1025.00,-1336.00,-1646.00
[21:16:43.956] -887.00,-1315.00,-1832.00
[21:16:44.022] -743.00,-1296.00,-1958.00
[21:16:44.022] -646.00,-1257.00,-2033.00
[21:16:44.080] -623.00,-1157.00,-2070.00
[21:16:44.109] -662.00,-1046.00,-2067.00
[21:16:44.154] -690.00,-927.00,-2036.00
[21:16:44.248] -751.00,-806.00,-2000.00
[21:16:44.252] -797.00,-671.00,-1948.00
[21:16:44.346] -863.00,-587.00,-1878.00
[21:16:44.350] -922.00,-476.00,-1765.00
[21:16:44.352] -985.00,-376.00,-1646.00
[21:16:44.452] -1038.00,-276.00,-1497.00
[21:16:44.455] -1078.00,-176.00,-1342.00
[21:16:44.499] -1083.00,-65.00,-1213.00
[21:16:44.513] -1073.00,0.00,-1143.00
[21:16:44.552] -1068.00,0.00,-1128.00
[21:16:44.593] -1083.00,-12.00,-1155.00
[21:16:44.634] -1112.00,-83.00,-1198.00
[21:16:44.675] -1122.00,-131.00,-1221.00
[21:16:44.865] -1166.00,-207.00,-1237.00
[21:16:44.869] -1252.00,-392.00,-1221.00
[21:16:44.869] -1303.00,-556.00,-1187.00
[21:16:44.869] -1332.00,-708.00,-1151.00
[21:16:44.872] -1362.00,-932.00,-1092.00
[21:16:44.916] -1347.00,-1067.00,-1068.00
[21:16:44.952] -1317.00,-1293.00,-1002.00
[21:16:44.994] -1232.00,-1478.00,-981.00
[21:16:45.034] -1148.00,-1676.00,-1010.00
[21:16:45.074] -1017.00,-1850.00,-1051.00
[21:16:45.102] -797.00,-2027.00,-1141.00
[21:16:45.182] -618.00,-2137.00,-1218.00
[21:16:45.191] -480.00,-2198.00,-1257.00
[21:16:45.237] -78.00,-2330.00,-1267.00
[21:16:45.276] 155.00,-2385.00,-1148.00
[21:16:45.312] 388.00,-2391.00,-997.00
[21:16:45.383] 616.00,-2351.00,-716.00
[21:16:45.384] 753.00,-2261.00,-520.00
[21:16:45.435] 978.00,-2027.00,-208.00
[21:16:45.475] 1112.00,-1750.00,-10.00
[21:16:45.516] 1227.00,-1447.00,136.00
[21:16:45.552] 1286.00,-991.00,223.00
[21:16:45.658] 1276.00,-695.00,221.00
[21:16:45.658] 1222.00,-387.00,200.00
[21:16:45.676] 1156.00,-231.00,165.00
[21:16:45.702] 946.00,160.00,25.00
[21:16:45.753] 700.00,383.00,-85.00
[21:16:45.795] 455.00,528.00,-213.00
[21:16:45.835] 216.00,597.00,-301.00
[21:16:45.875] -76.00,597.00,-365.00
[21:16:45.920] -257.00,563.00,-360.00
[21:16:45.956] -450.00,495.00,-335.00
[21:16:46.002] -587.00,405.00,-316.00
[21:16:46.035] -746.00,316.00,-355.00
[21:16:46.132] -853.00,266.00,-435.00
[21:16:46.133] -936.00,197.00,-543.00
[21:16:46.152] -987.00,176.00,-597.00
[21:16:46.202] -1073.00,93.00,-731.00
[21:16:46.235] -1135.00,2.00,-825.00
[21:16:46.262] -1186.00,-57.00,-886.00
[21:16:46.336] -1235.00,-168.00,-932.00
[21:16:46.392] -1271.00,-278.00,-963.00
[21:16:46.392] -1322.00,-413.00,-1020.00
[21:16:46.434] -1337.00,-535.00,-1077.00
[21:16:46.475] -1345.00,-668.00,-1138.00
[21:16:46.512] -1332.00,-758.00,-1228.00
[21:16:46.554] -1293.00,-808.00,-1327.00
[21:16:46.593] -1232.00,-737.00,-1430.00
[21:16:46.633] -1245.00,-675.00,-1440.00
[21:16:46.675] -1235.00,-585.00,-1427.00
[21:16:46.712] -1237.00,-506.00,-1355.00
[21:16:46.755] -1261.00,-397.00,-1237.00
[21:16:46.784] -1268.00,-302.00,-1126.00
[21:16:46.826] -1245.00,-212.00,-1002.00
[21:16:46.888] -1235.00,-136.00,-881.00
[21:16:46.904] -1193.00,-91.00,-767.00
[21:16:46.952] -1191.00,-91.00,-660.00
[21:16:46.995] -1176.00,-107.00,-587.00
[21:16:47.032] -1220.00,-212.00,-520.00
[21:16:47.062] -1237.00,-286.00,-525.00
[21:16:47.115] -1237.00,-286.00,-525.00
[21:16:47.156] -1322.00,-482.00,-651.00
[21:16:47.195] -1345.00,-566.00,-742.00
[21:16:47.232] -1347.00,-675.00,-876.00
[21:16:47.275] -1360.00,-775.00,-973.00
[21:16:47.315] -1347.00,-911.00,-1090.00
[21:16:47.355] -1325.00,-991.00,-1185.00
[21:16:47.395] -1283.00,-1035.00,-1316.00
[21:16:47.432] -1188.00,-1098.00,-1507.00
[21:16:47.472] -1056.00,-1138.00,-1691.00
[21:16:47.512] -925.00,-1175.00,-1837.00
[21:16:47.553] -675.00,-1317.00,-2010.00
[21:16:47.594] -611.00,-1341.00,-2033.00
[21:16:47.633] -178.00,-1640.00,-2097.00
[21:16:47.688] 181.00,-1840.00,-1997.00
[21:16:47.705] 350.00,-1947.00,-1925.00
[21:16:47.752] 503.00,-2021.00,-1815.00
[21:16:47.793] 536.00,-2080.00,-1732.00
[21:16:47.834] 498.00,-2090.00,-1762.00
[21:16:47.874] 440.00,-2003.00,-1852.00
[21:16:47.914] 352.00,-1781.00,-2058.00
[21:16:47.956] 327.00,-1396.00,-2232.00
[21:16:47.995] 318.00,-1130.00,-2301.00
[21:16:48.035] 340.00,-811.00,-2312.00
[21:16:48.075] 355.00,-508.00,-2265.00
[21:16:48.112] 406.00,-38.00,-2056.00
[21:16:48.259] 380.00,318.00,-1765.00
[21:16:48.259] 332.00,535.00,-1437.00
[21:16:48.262] 267.00,651.00,-1116.00
[21:16:48.262] 147.00,703.00,-780.00
[21:16:48.314] 5.00,651.00,-468.00
[21:16:48.358] -137.00,563.00,-200.00
[21:16:48.398] -98.00,400.00,85.00
[21:16:48.435] 42.00,392.00,138.00
[21:16:48.475] 398.00,495.00,0.00
[21:16:48.512] 508.00,523.00,-165.00
[21:16:48.556] 533.00,661.00,-612.00
[21:16:48.593] 340.00,685.00,-942.00
[21:16:48.635] 27.00,640.00,-1213.00
[21:16:48.673] -203.00,540.00,-1355.00
[21:16:48.715] -411.00,395.00,-1500.00
[21:16:48.753] -572.00,207.00,-1643.00
[21:16:48.796] -680.00,15.00,-1737.00
[21:16:48.868] -743.00,-155.00,-1815.00
[21:16:48.872] -761.00,-352.00,-1912.00
[21:16:48.915] -721.00,-495.00,-1980.00
[21:16:48.957] -655.00,-597.00,-2041.00
[21:16:48.993] -626.00,-635.00,-2097.00
[21:16:49.033] -531.00,-635.00,-2133.00
[21:16:49.075] -475.00,-597.00,-2155.00
[21:16:49.114] -396.00,-461.00,-2141.00
[21:16:49.181] -370.00,-271.00,-2080.00
[21:16:49.181] -360.00,-36.00,-1973.00
[21:16:49.231] -362.00,168.00,-1803.00
[21:16:49.274] -380.00,331.00,-1605.00
[21:16:49.314] -347.00,523.00,-1291.00
[21:16:49.355] -267.00,623.00,-1007.00
[21:16:49.395] -150.00,680.00,-665.00
[21:16:49.434] -58.00,623.00,-288.00
[21:16:49.475] -35.00,485.00,-20.00
[21:16:49.514] -76.00,242.00,247.00
[21:16:49.555] -193.00,-81.00,473.00
[21:16:49.586] -311.00,-407.00,546.00
[21:16:49.693] -437.00,-725.00,538.00
[21:16:49.698] -570.00,-996.00,476.00
[21:16:49.713] -692.00,-1248.00,337.00
[21:16:49.753] -770.00,-1502.00,175.00
[21:16:49.794] -767.00,-1813.00,-120.00
[21:16:49.835] -692.00,-2021.00,-352.00
[21:16:49.872] -638.00,-2148.00,-563.00
[21:16:49.912] -536.00,-2227.00,-780.00
[21:16:49.952] -533.00,-2240.00,-830.00
[21:16:49.993] -431.00,-2282.00,-1085.00
[21:16:50.035] -360.00,-2275.00,-1252.00
[21:16:50.075] -321.00,-2248.00,-1368.00
[21:16:50.112] -327.00,-2198.00,-1427.00
[21:16:50.152] -347.00,-2170.00,-1520.00
[21:16:50.192] -330.00,-2108.00,-1605.00
[21:16:50.233] -352.00,-2051.00,-1693.00
[21:16:50.276] -347.00,-1913.00,-1852.00
[21:16:50.314] -327.00,-1828.00,-1943.00
[21:16:50.355] -232.00,-1757.00,-2015.00
[21:16:50.394] -155.00,-1778.00,-2017.00
[21:16:50.434] -117.00,-1802.00,-2031.00
[21:16:50.474] 147.00,-2035.00,-1861.00
[21:16:50.515] 408.00,-2261.00,-1533.00
[21:16:50.567] 616.00,-2335.00,-1208.00
[21:16:50.645] 877.00,-2322.00,-803.00
[21:16:50.650] 1107.00,-2156.00,-412.00
[21:16:50.668] 1276.00,-1802.00,-95.00
[21:16:50.714] 1357.00,-1396.00,133.00
[21:16:50.754] 1386.00,-893.00,247.00
[21:16:50.795] 1317.00,-476.00,221.00
[21:16:50.835] 1227.00,-178.00,136.00
[21:16:50.875] 1030.00,233.00,-76.00
[21:16:50.914] 968.00,300.00,-146.00
[21:16:50.953] 655.00,571.00,-488.00
[21:16:50.995] 413.00,642.00,-706.00
[21:16:51.034] 145.00,647.00,-932.00
[21:16:51.075] -76.00,603.00,-1090.00
[21:16:51.115] -270.00,513.00,-1223.00
[21:16:51.152] -465.00,378.00,-1345.00
[21:16:51.193] -611.00,171.00,-1526.00
[21:16:51.232] -651.00,-12.00,-1701.00
[21:16:51.263] -623.00,-186.00,-1852.00
[21:16:51.323] -508.00,-323.00,-2010.00
[21:16:51.355] -342.00,-463.00,-2131.00
[21:16:51.395] -255.00,-511.00,-2180.00
[21:16:51.432] 22.00,-585.00,-2252.00
[21:16:51.472] 140.00,-587.00,-2260.00
[21:16:51.513] 257.00,-585.00,-2268.00
[21:16:51.554] 323.00,-595.00,-2262.00
[21:16:51.594] 377.00,-563.00,-2252.00
[21:16:51.633] 426.00,-500.00,-2223.00
[21:16:51.675] 503.00,-331.00,-2165.00
[21:16:51.715] 562.00,-186.00,-2092.00
[21:16:51.765] 595.00,0.00,-1961.00
[21:16:51.795] 611.00,276.00,-1706.00
[21:16:51.835] 538.00,471.00,-1485.00
[21:16:51.876] 440.00,558.00,-1298.00
[21:16:51.913] 240.00,663.00,-1010.00
[21:16:51.953] 73.00,685.00,-852.00
[21:16:51.982] -98.00,677.00,-791.00
[21:16:52.052] -276.00,616.00,-801.00
[21:16:52.067] -440.00,556.00,-876.00
[21:16:52.105] -616.00,440.00,-1000.00
[21:16:52.240] -765.00,316.00,-1141.00
[21:16:52.248] -823.00,168.00,-1325.00
[21:16:52.250] -812.00,-17.00,-1567.00
[21:16:52.261] -738.00,-157.00,-1765.00
[21:16:52.304] -631.00,-245.00,-1925.00
[21:16:52.354] -631.00,-245.00,-1925.00
[21:16:52.424] -267.00,-576.00,-2232.00
[21:16:52.426] -42.00,-685.00,-2281.00
[21:16:52.474] 203.00,-880.00,-2330.00
[21:16:52.515] 475.00,-1082.00,-2298.00
[21:16:52.554] 728.00,-1281.00,-2201.00
[21:16:52.582] 885.00,-1483.00,-2072.00
[21:16:52.635] 943.00,-1692.00,-1946.00
[21:16:52.673] 882.00,-1856.00,-1850.00
[21:16:52.715] 655.00,-2035.00,-1737.00
[21:16:52.754] 503.00,-2132.00,-1677.00
[21:16:52.794] 421.00,-2166.00,-1675.00
[21:16:52.834] 383.00,-2161.00,-1682.00
[21:16:52.875] 208.00,-2125.00,-1752.00
[21:16:52.915] 132.00,-1961.00,-1915.00
[21:16:52.954] 63.00,-1778.00,-2053.00
[21:16:52.995] -17.00,-1550.00,-2177.00
[21:16:53.036] -88.00,-1238.00,-2257.00
[21:16:53.095] -98.00,-901.00,-2303.00
[21:16:53.112] -40.00,-518.00,-2255.00
[21:16:53.164] 22.00,-115.00,-2106.00
[21:16:53.204] 78.00,331.00,-1737.00
[21:16:53.235] 45.00,495.00,-1487.00
[21:16:53.275] -98.00,600.00,-1190.00
[21:16:53.316] -208.00,608.00,-1041.00
[21:16:53.354] -555.00,476.00,-662.00
[21:16:53.393] -746.00,300.00,-376.00
[21:16:53.422] -792.00,7.00,0.00
[21:16:53.475] -641.00,-188.00,282.00
[21:16:53.514] -273.00,-257.00,491.00
[21:16:53.552] 423.00,-22.00,427.00
[21:16:53.595] 736.00,202.00,126.00
[21:16:53.634] 848.00,478.00,-453.00
[21:16:53.675] 445.00,621.00,-1118.00
[21:16:53.712] -93.00,547.00,-1325.00
[21:16:53.754] -541.00,400.00,-1303.00
[21:16:53.793] -922.00,218.00,-1066.00
[21:16:53.834] -1227.00,-152.00,-563.00
[21:16:53.876] -1288.00,-587.00,-280.00
[21:16:53.914] -1306.00,-911.00,-247.00
[21:16:53.955] -1276.00,-1172.00,-350.00
[21:16:53.995] -1266.00,-1331.00,-558.00
[21:16:54.034] -1276.00,-1412.00,-830.00
[21:16:54.074] -1205.00,-1462.00,-1110.00
[21:16:54.115] -1132.00,-1500.00,-1320.00
[21:16:54.155] -1048.00,-1512.00,-1476.00
[21:16:54.189] -953.00,-1507.00,-1638.00
[21:16:54.262] -875.00,-1486.00,-1770.00
[21:16:54.268] -713.00,-1450.00,-1943.00
[21:16:54.326] -518.00,-1426.00,-2077.00
[21:16:54.342] -257.00,-1431.00,-2172.00
[21:16:54.384] 7.00,-1443.00,-2235.00
[21:16:54.423] 252.00,-1417.00,-2257.00
[21:16:54.488] 452.00,-1305.00,-2276.00
[21:16:54.506] 685.00,-953.00,-2240.00
[21:16:54.555] 866.00,-682.00,-2147.00
[21:16:54.593] 1151.00,-323.00,-1825.00
[21:16:54.634] 1306.00,-97.00,-1485.00
[21:16:54.672] 1360.00,62.00,-1123.00
[21:16:54.713] 1322.00,147.00,-801.00
[21:16:54.759] 1322.00,147.00,-801.00
[21:16:54.795] 828.00,212.00,48.00
[21:16:54.834] 472.00,152.00,296.00
[21:16:54.872] 71.00,60.00,417.00
[21:16:54.912] -306.00,-31.00,367.00
[21:16:54.958] -721.00,-115.00,200.00
[21:16:55.005] -976.00,-233.00,10.00
[21:16:55.122] -1110.00,-340.00,-82.00
[21:16:55.123] -1245.00,-637.00,-192.00
[21:16:55.123] -1276.00,-946.00,-211.00
[21:16:55.200] -1196.00,-1270.00,-177.00
[21:16:55.201] -1086.00,-1505.00,-143.00
[21:16:55.234] -1022.00,-1588.00,-131.00
[21:16:55.274] -616.00,-1973.00,-66.00
[21:16:55.315] -296.00,-2135.00,-71.00
[21:16:55.355] -66.00,-2185.00,-56.00
[21:16:55.394] 150.00,-2213.00,-78.00
[21:16:55.434] 391.00,-2216.00,-117.00
[21:16:55.475] 516.00,-2201.00,-126.00
[21:16:55.513] 692.00,-2148.00,-112.00
[21:16:55.565] 828.00,-2035.00,-37.00
[21:16:55.594] 910.00,-1897.00,61.00
[21:16:55.634] 943.00,-1778.00,156.00
[21:16:55.675] 990.00,-1550.00,270.00
[21:16:55.716] 1005.00,-1500.00,303.00
[21:16:55.752] 1025.00,-1110.00,440.00
[21:16:55.794] 1035.00,-851.00,456.00
[21:16:55.834] 1032.00,-582.00,425.00
[21:16:55.875] 1035.00,-360.00,357.00
[21:16:55.911] 978.00,-83.00,228.00
[21:16:55.952] 912.00,155.00,95.00
[21:16:55.993] 772.00,318.00,-43.00
[21:16:56.034] 567.00,482.00,-211.00
[21:16:56.075] 227.00,608.00,-357.00
[21:16:56.114] -98.00,597.00,-466.00
[21:16:56.154] -375.00,547.00,-510.00
[21:16:56.197] -552.00,478.00,-536.00
[21:16:56.234] -905.00,242.00,-573.00
[21:16:56.273] -1073.00,60.00,-580.00
[21:16:56.315] -1222.00,-162.00,-561.00
[21:16:56.355] -1310.00,-392.00,-573.00
[21:16:56.395] -1366.00,-651.00,-626.00
[21:16:56.434] -1396.00,-787.00,-703.00
[21:16:56.472] -1391.00,-920.00,-813.00
[21:16:56.512] -1373.00,-1080.00,-1007.00
[21:16:56.554] -1301.00,-1238.00,-1216.00
[21:16:56.595] -1176.00,-1378.00,-1407.00
[21:16:56.633] -1010.00,-1526.00,-1582.00
[21:16:56.675] -885.00,-1628.00,-1706.00
[21:16:56.716] -616.00,-1690.00,-1891.00
[21:16:56.754] -360.00,-1710.00,-2023.00
[21:16:56.794] -93.00,-1678.00,-2128.00
[21:16:56.835] 250.00,-1602.00,-2182.00
[21:16:56.872] 433.00,-1550.00,-2191.00
[21:16:56.914] 733.00,-1431.00,-2150.00
[21:16:56.952] 1066.00,-1255.00,-2036.00
[21:16:56.998] 1291.00,-1098.00,-1871.00
[21:16:57.034] 1467.00,-898.00,-1662.00
[21:16:57.074] 1586.00,-558.00,-1405.00
[21:16:57.112] 1575.00,-333.00,-1260.00
[21:16:57.155] 1575.00,-333.00,-1260.00
[21:16:57.192] 1271.00,202.00,-813.00
[21:16:57.234] 1056.00,373.00,-582.00
[21:16:57.273] 797.00,485.00,-381.00
[21:16:57.312] 518.00,523.00,-202.00
[21:16:57.354] 237.00,526.00,-136.00
[21:16:57.396] -50.00,518.00,-128.00
[21:16:57.433] -250.00,500.00,-165.00
[21:16:57.473] -470.00,426.00,-175.00
[21:16:57.515] -655.00,318.00,-148.00
[21:16:57.555] -863.00,202.00,-206.00
[21:16:57.595] -990.00,117.00,-332.00
[21:16:57.634] -990.00,117.00,-332.00
[21:16:57.698] -1198.00,-22.00,-660.00
[21:16:57.784] -1263.00,-138.00,-811.00
[21:16:57.803] -1325.00,-278.00,-917.00
[21:16:57.803] -1383.00,-500.00,-1010.00
[21:16:57.836] -1422.00,-713.00,-1041.00
[21:16:57.872] -1427.00,-965.00,-997.00
[21:16:57.912] -1398.00,-1233.00,-873.00
[21:16:57.957] -1296.00,-1483.00,-677.00
[21:16:58.032] -1086.00,-1721.00,-458.00
[21:16:58.032] -767.00,-1961.00,-211.00
[21:16:58.074] -543.00,-2035.00,-112.00
[21:16:58.115] -472.00,-2061.00,-73.00
[21:16:58.156] 61.00,-2130.00,73.00
[21:16:58.184] 360.00,-2066.00,100.00
[21:16:58.224] 670.00,-1956.00,133.00
[21:16:58.275] 841.00,-1852.00,153.00
[21:16:58.316] 943.00,-1702.00,187.00
[21:16:58.356] 1035.00,-1533.00,252.00
[21:16:58.392] 1081.00,-1281.00,335.00
[21:16:58.434] 1137.00,-1006.00,378.00
[21:16:58.472] 1112.00,-697.00,376.00
[21:16:58.512] 1032.00,-413.00,357.00
[21:16:58.552] 880.00,-115.00,313.00
[21:16:58.593] 772.00,20.00,267.00
[21:16:58.634] 352.00,305.00,138.00
[21:16:58.673] 66.00,402.00,43.00
[21:16:58.712] -240.00,447.00,-117.00
[21:16:58.755] -408.00,413.00,-213.00
[21:16:58.795] -685.00,318.00,-321.00
[21:16:58.834] -900.00,178.00,-391.00
[21:16:58.875] -1071.00,-7.00,-442.00
[21:16:58.913] -1193.00,-181.00,-507.00
[21:16:58.955] -1288.00,-373.00,-561.00
[21:16:58.995] -1337.00,-585.00,-618.00
[21:16:59.034] -1371.00,-713.00,-643.00
[21:16:59.075] -1378.00,-843.00,-643.00
[21:16:59.116] -1366.00,-1030.00,-641.00
[21:16:59.155] -1322.00,-1172.00,-633.00
[21:16:59.195] -1273.00,-1362.00,-646.00
[21:16:59.234] -1225.00,-1533.00,-697.00
[21:16:59.273] -1153.00,-1695.00,-850.00
[21:16:59.314] -1041.00,-1800.00,-1061.00
[21:16:59.355] -892.00,-1876.00,-1342.00
[21:16:59.395] -721.00,-1923.00,-1582.00
[21:16:59.434] -418.00,-1921.00,-1796.00
[21:16:59.473] -222.00,-1906.00,-1927.00
[21:16:59.502] -40.00,-1866.00,-1990.00
[21:16:59.555] 178.00,-1821.00,-2056.00
[21:16:59.594] 391.00,-1731.00,-2103.00
[21:16:59.634] 623.00,-1597.00,-2111.00
[21:16:59.674] 868.00,-1417.00,-2082.00
[21:16:59.713] 1007.00,-1275.00,-2048.00
[21:16:59.756] 1245.00,-1051.00,-1915.00
[21:16:59.795] 1383.00,-848.00,-1776.00
[21:16:59.836] 1481.00,-647.00,-1587.00
[21:16:59.873] 1560.00,-458.00,-1345.00
[21:16:59.914] 1593.00,-271.00,-1038.00
[21:16:59.955] 1518.00,-91.00,-665.00
[21:16:59.997] 1401.00,-17.00,-417.00
[21:17:00.036] 1401.00,-17.00,-417.00
[21:17:00.074] 963.00,67.00,128.00
[21:17:00.115] 690.00,91.00,270.00
[21:17:00.156] 398.00,112.00,360.00
[21:17:00.195] 225.00,93.00,378.00
[21:17:00.234] -32.00,22.00,430.00
[21:17:00.272] -208.00,-76.00,458.00
[21:17:00.313] -367.00,-191.00,473.00
[21:17:00.355] -560.00,-381.00,468.00
[21:17:00.395] -667.00,-566.00,450.00
[21:17:00.434] -748.00,-763.00,427.00
[21:17:00.469] -782.00,-893.00,417.00
[21:17:00.515] -800.00,-937.00,391.00
[21:17:00.604] -848.00,-1210.00,321.00
[21:17:00.605] -838.00,-1412.00,247.00
[21:17:00.636] -805.00,-1505.00,208.00
[21:17:00.672] -690.00,-1663.00,195.00
[21:17:00.715] -587.00,-1766.00,170.00
[21:17:00.755] -460.00,-1863.00,190.00
[21:17:00.795] -323.00,-1911.00,190.00
[21:17:00.834] -188.00,-1916.00,236.00
[21:17:00.875] -135.00,-1906.00,250.00
[21:17:00.995] -78.00,-1878.00,303.00
[21:17:00.995] -32.00,-1818.00,337.00
[21:17:00.995] -12.00,-1755.00,381.00
[21:17:01.035] -37.00,-1583.00,488.00
[21:17:01.074] -93.00,-1402.00,561.00
[21:17:01.114] -201.00,-1201.00,597.00
[21:17:01.155] -398.00,-980.00,595.00
[21:17:01.195] -590.00,-803.00,488.00
[21:17:01.235] -733.00,-623.00,355.00
[21:17:01.273] -866.00,-471.00,218.00
[21:17:01.311] -948.00,-326.00,68.00
[21:17:01.356] -982.00,-195.00,-41.00
[21:17:01.395] -1007.00,-46.00,-250.00
[21:17:01.434] -997.00,2.00,-350.00
[21:17:01.473] -1027.00,46.00,-522.00
[21:17:01.515] -1086.00,31.00,-682.00
[21:17:01.555] -1120.00,-20.00,-835.00
[21:17:01.593] -1135.00,-70.00,-922.00
[21:17:01.635] -1191.00,-200.00,-1063.00
[21:17:01.671] -1242.00,-337.00,-1157.00
[21:17:01.702] -1283.00,-495.00,-1192.00
[21:17:01.755] -1320.00,-668.00,-1167.00
[21:17:01.795] -1376.00,-896.00,-968.00
[21:17:01.834] -1373.00,-1030.00,-806.00
[21:17:01.874] -1283.00,-1286.00,-538.00
[21:17:01.915] -1242.00,-1417.00,-456.00
[21:17:01.955] -1061.00,-1697.00,-415.00
[21:17:01.995] -892.00,-1930.00,-471.00
[21:17:02.033] -795.00,-2053.00,-631.00
[21:17:02.072] -716.00,-2125.00,-808.00
[21:17:02.113] -570.00,-2187.00,-1157.00
[21:17:02.155] -391.00,-2193.00,-1415.00
[21:17:02.196] -168.00,-2187.00,-1616.00
[21:17:02.234] 132.00,-2161.00,-1723.00
[21:17:02.274] 323.00,-2135.00,-1760.00
[21:17:02.315] 528.00,-2047.00,-1767.00
[21:17:02.355] 810.00,-1926.00,-1811.00
[21:17:02.395] 953.00,-1795.00,-1830.00
[21:17:02.448] 1127.00,-1581.00,-1835.00
[21:17:02.462] 1322.00,-1320.00,-1778.00
[21:17:02.511] 1460.00,-1098.00,-1687.00
[21:17:02.555] 1521.00,-858.00,-1611.00
[21:17:02.595] 1535.00,-597.00,-1522.00
[21:17:02.634] 1476.00,-302.00,-1402.00
[21:17:02.674] 1416.00,-50.00,-1223.00
[21:17:02.715] 1306.00,147.00,-995.00
[21:17:02.755] 1207.00,260.00,-793.00
[21:17:02.795] 1122.00,305.00,-532.00
[21:17:02.833] 1015.00,321.00,-308.00
[21:17:02.873] 995.00,313.00,-257.00
[21:17:02.914] 728.00,250.00,87.00
[21:17:02.956] 437.00,117.00,350.00
[21:17:02.994] 240.00,-33.00,491.00
[21:17:03.034] 56.00,-191.00,571.00
[21:17:03.072] -115.00,-323.00,602.00
[21:17:03.114] -232.00,-447.00,621.00
[21:17:03.154] -308.00,-632.00,628.00
[21:17:03.195] -332.00,-787.00,633.00
[21:17:03.234] -313.00,-985.00,633.00
[21:17:03.273] -288.00,-1183.00,605.00
[21:17:03.312] -250.00,-1288.00,590.00
[21:17:03.356] -230.00,-1346.00,563.00
[21:17:03.395] -176.00,-1473.00,520.00
[21:17:03.435] -101.00,-1552.00,505.00
[21:17:03.473] -47.00,-1583.00,505.00
[21:17:03.512] -17.00,-1602.00,491.00
[21:17:03.555] -22.00,-1597.00,488.00
[21:17:03.656] -52.00,-1573.00,502.00
[21:17:03.656] -96.00,-1510.00,520.00
[21:17:03.671] -135.00,-1402.00,553.00
[21:17:03.712] -227.00,-1210.00,605.00
[21:17:03.751] -273.00,-1077.00,612.00
[21:17:03.795] -370.00,-901.00,602.00
[21:17:03.834] -388.00,-866.00,582.00
[21:17:03.873] -516.00,-682.00,500.00
[21:17:03.912] -603.00,-556.00,453.00
[21:17:03.955] -672.00,-476.00,373.00
[21:17:03.995] -751.00,-435.00,298.00
[21:17:04.034] -818.00,-402.00,241.00
[21:17:04.072] -871.00,-426.00,170.00
[21:17:04.113] -971.00,-447.00,87.00
[21:17:04.155] -1025.00,-500.00,27.00
[21:17:04.195] -1083.00,-613.00,0.00
[21:17:04.234] -1100.00,-763.00,-5.00
[21:17:04.271] -1110.00,-911.00,-10.00
[21:17:04.312] -1095.00,-1020.00,-7.00
[21:17:04.355] -1015.00,-1357.00,-20.00
[21:17:04.396] -966.00,-1528.00,-68.00
[21:17:04.435] -828.00,-1752.00,-105.00
[21:17:04.472] -726.00,-1868.00,-148.00
[21:17:04.513] -651.00,-1968.00,-182.00
[21:17:04.555] -590.00,-2085.00,-313.00
[21:17:04.596] -470.00,-2243.00,-515.00
[21:17:04.636] -332.00,-2332.00,-648.00
[21:17:04.673] -211.00,-2382.00,-762.00
[21:17:04.715] -71.00,-2425.00,-876.00
[21:17:04.775] 45.00,-2427.00,-995.00
[21:17:04.794] 140.00,-2427.00,-1133.00
[21:17:04.833] 267.00,-2406.00,-1270.00
[21:17:04.875] 477.00,-2346.00,-1405.00
[21:17:04.916] 662.00,-2251.00,-1473.00
[21:17:04.957] 836.00,-2127.00,-1580.00
[21:17:05.022] 1030.00,-1945.00,-1652.00
[21:17:05.029] 1212.00,-1713.00,-1687.00
[21:17:05.062] 1437.00,-1417.00,-1608.00
[21:17:05.105] 1601.00,-1191.00,-1427.00
[21:17:05.142] 1723.00,-988.00,-1216.00
[21:17:05.196] 1741.00,-753.00,-990.00
[21:17:05.236] 1706.00,-502.00,-788.00
[21:17:05.275] 1667.00,-445.00,-752.00
[21:17:05.302] 1408.00,-31.00,-450.00
[21:17:05.362] 1263.00,107.00,-330.00
[21:17:05.395] 1012.00,266.00,-185.00
[21:17:05.436] 797.00,318.00,-87.00
[21:17:05.475] 580.00,350.00,22.00
[21:17:05.514] 370.00,337.00,120.00
[21:17:05.552] 120.00,302.00,195.00
[21:17:05.594] -35.00,271.00,221.00
[21:17:05.633] -250.00,202.00,228.00
[21:17:05.673] -437.00,183.00,170.00
[21:17:05.715] -565.00,160.00,120.00
[21:17:05.742] -606.00,155.00,71.00
[21:17:05.780] -907.00,52.00,-102.00
[21:17:05.835] -982.00,-5.00,-141.00
[21:17:05.875] -1092.00,-171.00,-200.00
[21:17:05.912] -1161.00,-295.00,-192.00
[21:17:05.954] -1207.00,-407.00,-165.00
[21:17:05.994] -1217.00,-537.00,-158.00
[21:17:06.036] -1227.00,-658.00,-120.00
[21:17:06.076] -1202.00,-761.00,-73.00
[21:17:06.114] -1178.00,-851.00,-17.00
[21:17:06.156] -1137.00,-913.00,25.00
[21:17:06.184] -1071.00,-980.00,90.00
[21:17:06.236] -1053.00,-991.00,112.00
[21:17:06.262] -982.00,-1035.00,197.00
[21:17:06.315] -925.00,-1043.00,221.00
[21:17:06.353] -902.00,-1025.00,262.00
[21:17:06.392] -887.00,-1032.00,262.00
[21:17:06.435] -868.00,-1025.00,282.00
[21:17:06.475] -846.00,-998.00,306.00
[21:17:06.512] -841.00,-972.00,301.00
[21:17:06.553] -868.00,-961.00,272.00
[21:17:06.594] -922.00,-982.00,211.00
[21:17:06.636] -971.00,-996.00,165.00
[21:17:06.675] -997.00,-1012.00,110.00
[21:17:06.714] -1020.00,-1012.00,87.00
[21:17:06.753] -1035.00,-1022.00,71.00
[21:17:06.795] -1027.00,-1025.00,63.00
[21:17:06.834] -1012.00,-1067.00,87.00
[21:17:06.875] -966.00,-1130.00,107.00
[21:17:06.914] -897.00,-1225.00,148.00
[21:17:06.955] -758.00,-1312.00,250.00
[21:17:06.992] -646.00,-1376.00,313.00
[21:17:07.035] -445.00,-1383.00,425.00
[21:17:07.075] -301.00,-1412.00,476.00
[21:17:07.115] -173.00,-1500.00,481.00
[21:17:07.152] -120.00,-1581.00,450.00
[21:17:07.192] -83.00,-1747.00,350.00
[21:17:07.236] -58.00,-1897.00,247.00
[21:17:07.276] -58.00,-1992.00,158.00
[21:17:07.313] -88.00,-2101.00,53.00
[21:17:07.355] -68.00,-2182.00,-85.00
[21:17:07.394] -66.00,-2267.00,-243.00
[21:17:07.434] -35.00,-2338.00,-401.00
[21:17:07.475] 2.00,-2401.00,-636.00
[21:17:07.514] 42.00,-2422.00,-816.00
[21:17:07.554] 150.00,-2430.00,-1017.00
[21:17:07.595] 216.00,-2408.00,-1223.00
[21:17:07.635] 327.00,-2362.00,-1337.00
[21:17:07.675] 327.00,-2362.00,-1337.00
[21:17:07.712] 603.00,-2206.00,-1541.00
[21:17:07.753] 777.00,-2037.00,-1696.00
[21:17:07.788] 928.00,-1842.00,-1806.00
[21:17:07.834] 1081.00,-1605.00,-1881.00
[21:17:07.875] 1242.00,-1298.00,-1863.00
[21:17:07.914] 1396.00,-1030.00,-1767.00
[21:17:07.953] 1542.00,-711.00,-1526.00
[21:17:07.994] 1616.00,-440.00,-1231.00
[21:17:08.035] 1572.00,-212.00,-953.00
[21:17:08.073] 1455.00,0.00,-701.00
[21:17:08.113] 1273.00,176.00,-527.00
[21:17:08.155] 1048.00,307.00,-357.00
[21:17:08.194] 856.00,366.00,-243.00
[21:17:08.234] 550.00,428.00,-61.00
[21:17:08.275] 306.00,423.00,35.00
[21:17:08.315] 37.00,383.00,87.00
[21:17:08.353] -276.00,340.00,53.00
[21:17:08.394] -498.00,318.00,-41.00
[21:17:08.435] -672.00,268.00,-148.00
[21:17:08.475] -818.00,215.00,-255.00
[21:17:08.515] -928.00,160.00,-308.00
[21:17:08.551] -1000.00,97.00,-350.00
[21:17:08.594] -1086.00,0.00,-357.00
[21:17:08.635] -1135.00,-165.00,-267.00
[21:17:08.675] -1115.00,-268.00,-95.00
[21:17:08.715] -1030.00,-392.00,78.00
[21:17:08.754] -895.00,-492.00,280.00
[21:17:08.792] -751.00,-571.00,415.00
[21:17:08.834] -616.00,-666.00,500.00
[21:17:08.875] -513.00,-721.00,551.00
[21:17:08.914] -462.00,-772.00,592.00
[21:17:08.982] -477.00,-825.00,563.00
[21:17:08.982] -560.00,-880.00,517.00
[21:17:09.034] -667.00,-898.00,453.00
[21:17:09.075] -738.00,-898.00,393.00
[21:17:09.115] -885.00,-906.00,291.00
[21:17:09.154] -1053.00,-896.00,133.00
[21:17:09.192] -1110.00,-917.00,22.00
[21:17:09.234] -1148.00,-941.00,-37.00
[21:17:09.275] -1198.00,-961.00,-123.00
[21:17:09.315] -1225.00,-1003.00,-180.00
[21:17:09.354] -1237.00,-1046.00,-226.00
[21:17:09.393] -1247.00,-1041.00,-280.00
[21:17:09.434] -1266.00,-975.00,-285.00
[21:17:09.475] -1261.00,-901.00,-282.00
[21:17:09.513] -1245.00,-832.00,-226.00
[21:17:09.553] -1240.00,-825.00,-211.00
[21:17:09.593] -1207.00,-820.00,-128.00
[21:17:09.635] -1151.00,-820.00,-43.00
[21:17:09.675] -1105.00,-843.00,17.00
[21:17:09.715] -1038.00,-887.00,110.00
[21:17:09.754] -951.00,-1001.00,202.00
[21:17:09.794] -831.00,-1098.00,293.00
[21:17:09.835] -697.00,-1167.00,371.00
[21:17:09.876] -601.00,-1241.00,420.00
[21:17:09.915] -511.00,-1326.00,430.00
[21:17:09.954] -437.00,-1420.00,427.00
[21:17:09.995] -321.00,-1557.00,403.00
[21:17:10.034] -267.00,-1626.00,388.00
[21:17:10.074] -178.00,-1757.00,330.00
[21:17:10.116] -93.00,-1911.00,252.00
[21:17:10.154] -32.00,-2006.00,153.00
[21:17:10.195] 2.00,-2125.00,25.00
[21:17:10.234] 52.00,-2230.00,-123.00
[21:17:10.275] 96.00,-2358.00,-371.00
[21:17:10.306] 163.00,-2420.00,-633.00
[21:17:10.354] 240.00,-2453.00,-852.00
[21:17:10.395] 337.00,-2422.00,-1041.00
[21:17:10.435] 467.00,-2362.00,-1203.00
[21:17:10.474] 623.00,-2280.00,-1386.00
[21:17:10.515] 662.00,-2256.00,-1435.00
[21:17:10.555] 815.00,-2047.00,-1655.00
[21:17:10.595] 948.00,-1873.00,-1747.00
[21:17:10.634] 1092.00,-1652.00,-1840.00
[21:17:10.676] 1196.00,-1420.00,-1871.00
[21:17:10.715] 1342.00,-1101.00,-1815.00
[21:17:10.747] 1420.00,-875.00,-1735.00
[21:17:10.794] 1486.00,-532.00,-1520.00
[21:17:10.833] 1508.00,-292.00,-1286.00
[21:17:10.876] 1473.00,-93.00,-1022.00
[21:17:10.914] 1371.00,70.00,-762.00
[21:17:10.954] 1181.00,236.00,-422.00
[21:17:10.994] 1181.00,236.00,-422.00
[21:17:11.034] 787.00,345.00,-73.00
[21:17:11.060] 538.00,352.00,58.00
[21:17:11.115] 330.00,305.00,175.00
[21:17:11.155] 56.00,231.00,275.00
[21:17:11.195] -147.00,186.00,288.00
[21:17:11.234] -288.00,173.00,267.00
[21:17:11.260] -511.00,38.00,265.00
[21:17:11.315] -675.00,-105.00,260.00
[21:17:11.377] -792.00,-233.00,262.00
[21:17:11.395] -880.00,-400.00,265.00
[21:17:11.434] -905.00,-466.00,255.00
[21:17:11.468] -922.00,-516.00,247.00
[21:17:11.515] -978.00,-600.00,221.00
[21:17:11.555] -1041.00,-627.00,148.00
[21:17:11.595] -1132.00,-711.00,58.00
[21:17:11.634] -1220.00,-816.00,-82.00
[21:17:11.672] -1263.00,-898.00,-161.00
[21:17:11.715] -1296.00,-1022.00,-270.00
[21:17:11.755] -1317.00,-1112.00,-371.00
[21:17:11.794] -1317.00,-1193.00,-425.00
[21:17:11.834] -1306.00,-1251.00,-458.00
[21:17:11.876] -1303.00,-1293.00,-495.00
[21:17:11.915] -1286.00,-1350.00,-536.00
[21:17:11.955] -1278.00,-1357.00,-536.00
[21:17:11.995] -1283.00,-1400.00,-541.00
[21:17:12.036] -1256.00,-1402.00,-502.00
[21:17:12.074] -1232.00,-1412.00,-437.00
[21:17:12.115] -1153.00,-1405.00,-293.00
[21:17:12.155] -1086.00,-1360.00,-131.00
[21:17:12.194] -1015.00,-1248.00,20.00
[21:17:12.233] -973.00,-1146.00,126.00
[21:17:12.274] -941.00,-1027.00,190.00
[21:17:12.315] -905.00,-922.00,226.00
[21:17:12.354] -907.00,-880.00,238.00
[21:17:12.395] -848.00,-858.00,293.00
[21:17:12.434] -805.00,-882.00,330.00
[21:17:12.470] -667.00,-911.00,440.00
[21:17:12.515] -552.00,-927.00,502.00
[21:17:12.555] -445.00,-935.00,546.00
[21:17:12.594] -323.00,-951.00,602.00
[21:17:12.634] -265.00,-1058.00,612.00
[21:17:12.672] -203.00,-1233.00,580.00
[21:17:12.715] -163.00,-1393.00,551.00
[21:17:12.754] -122.00,-1526.00,497.00
[21:17:12.796] -50.00,-1645.00,453.00
[21:17:12.834] 0.00,-1795.00,357.00
[21:17:12.861] 50.00,-1882.00,280.00
[21:17:12.915] 101.00,-2003.00,175.00
[21:17:12.955] 176.00,-2113.00,61.00
[21:17:12.995] 240.00,-2190.00,-53.00
[21:17:13.034] 340.00,-2287.00,-241.00
[21:17:13.075] 401.00,-2346.00,-373.00
[21:17:13.115] 462.00,-2375.00,-530.00
[21:17:13.154] 543.00,-2398.00,-670.00
[21:17:13.205] 616.00,-2391.00,-798.00
[21:17:13.222] 713.00,-2346.00,-945.00
[21:17:13.272] 821.00,-2293.00,-1133.00
[21:17:13.314] 925.00,-2113.00,-1422.00
[21:17:13.355] 961.00,-1985.00,-1641.00
[21:17:13.394] 961.00,-1985.00,-1641.00
[21:17:13.434] 895.00,-1341.00,-2100.00
[21:17:13.474] 800.00,-985.00,-2182.00
[21:17:13.516] 690.00,-621.00,-2201.00
[21:17:13.555] 641.00,-405.00,-2147.00
[21:17:13.593] 667.00,-171.00,-2026.00
[21:17:13.634] 718.00,83.00,-1811.00
[21:17:13.673] 777.00,283.00,-1538.00
[21:17:13.726] 807.00,447.00,-1206.00
[21:17:13.742] 775.00,532.00,-825.00
[21:17:13.794] 616.00,561.00,-386.00
[21:17:13.833] 516.00,535.00,-296.00
[21:17:13.873] 418.00,516.00,-170.00
[21:17:13.901] 73.00,426.00,35.00
[21:17:13.954] -127.00,363.00,95.00
[21:17:13.994] -340.00,278.00,123.00
[21:17:14.034] -565.00,136.00,148.00
[21:17:14.073] -702.00,15.00,151.00
[21:17:14.114] -821.00,-105.00,126.00
[21:17:14.154] -925.00,-197.00,117.00
[21:17:14.195] -1027.00,-310.00,56.00
[21:17:14.234] -1110.00,-435.00,-2.00
[21:17:14.275] -1205.00,-561.00,-61.00
[21:17:14.315] -1217.00,-651.00,-120.00
[21:17:14.355] -1261.00,-737.00,-175.00
[21:17:14.395] -1286.00,-903.00,-241.00
[21:17:14.434] -1283.00,-1041.00,-280.00
[21:17:14.473] -1258.00,-1193.00,-275.00
[21:17:14.515] -1207.00,-1283.00,-250.00
[21:17:14.554] -1151.00,-1360.00,-197.00
[21:17:14.595] -1110.00,-1405.00,-165.00
[21:17:14.634] -1092.00,-1447.00,-151.00
[21:17:14.674] -1086.00,-1462.00,-156.00
[21:17:14.715] -1081.00,-1465.00,-165.00
[21:17:14.755] -1058.00,-1438.00,-131.00
[21:17:14.793] -1058.00,-1431.00,-136.00
[21:17:14.834] -1097.00,-1336.00,-105.00
[21:17:14.874] -1105.00,-1236.00,-82.00
[21:17:14.911] -1117.00,-1188.00,-41.00
[21:17:14.955] -1078.00,-1162.00,-15.00
[21:17:14.994] -1043.00,-1212.00,7.00
[21:17:15.034] -992.00,-1320.00,30.00
[21:17:15.073] -951.00,-1441.00,20.00
[21:17:15.116] -887.00,-1636.00,-51.00
[21:17:15.155] -777.00,-1947.00,-272.00
[21:17:15.194] -675.00,-2092.00,-453.00
[21:17:15.234] -533.00,-2240.00,-706.00
[21:17:15.274] -447.00,-2303.00,-868.00
[21:17:15.315] -380.00,-2322.00,-1033.00
[21:17:15.355] -398.00,-2320.00,-1121.00
[21:17:15.395] -418.00,-2282.00,-1155.00
[21:17:15.435] -501.00,-2232.00,-1167.00
[21:17:15.474] -597.00,-2177.00,-1146.00
[21:17:15.513] -718.00,-2090.00,-1110.00
[21:17:15.555] -851.00,-1992.00,-1100.00
[21:17:15.594] -976.00,-1900.00,-1048.00
[21:17:15.634] -1063.00,-1785.00,-1000.00
[21:17:15.676] -1163.00,-1652.00,-891.00
[21:17:15.710] -1212.00,-1547.00,-775.00
[21:17:15.755] -1250.00,-1455.00,-701.00
[21:17:15.795] -1298.00,-1310.00,-607.00
[21:17:15.834] -1325.00,-1122.00,-530.00
[21:17:15.873] -1337.00,-965.00,-522.00
[21:17:15.916] -1332.00,-803.00,-483.00
[21:17:15.977] -1335.00,-708.00,-442.00
[21:17:15.993] -1332.00,-675.00,-412.00
[21:17:16.034] -1317.00,-692.00,-362.00
[21:17:16.062] -1330.00,-798.00,-301.00
[21:17:16.114] -1298.00,-982.00,-252.00
[21:17:16.155] -1281.00,-1157.00,-285.00
[21:17:16.194] -1242.00,-1350.00,-376.00
[21:17:16.234] -1245.00,-1391.00,-408.00
[21:17:16.274] -1168.00,-1616.00,-571.00
[21:17:16.314] -1125.00,-1733.00,-636.00
[21:17:16.355] -1056.00,-1816.00,-651.00
[21:17:16.395] -1046.00,-1811.00,-605.00
[21:17:16.434] -1078.00,-1723.00,-500.00
[21:17:16.475] -1146.00,-1600.00,-425.00
[21:17:16.509] -1205.00,-1417.00,-362.00
[21:17:16.566] -1276.00,-1188.00,-330.00
[21:17:16.583] -1310.00,-880.00,-326.00
[21:17:16.648] -1330.00,-780.00,-321.00
[21:17:16.664] -1288.00,-590.00,-306.00
[21:17:16.712] -1252.00,-497.00,-291.00
[21:17:16.754] -1156.00,-345.00,-165.00
[21:17:16.795] -1068.00,-273.00,-61.00
[21:17:16.834] -920.00,-223.00,112.00
[21:17:16.865] -758.00,-207.00,228.00
[21:17:16.916] -623.00,-221.00,332.00
[21:17:16.954] -523.00,-266.00,422.00
[21:17:16.995] -433.00,-357.00,495.00
[21:17:17.034] -345.00,-528.00,577.00
[21:17:17.100] -335.00,-658.00,592.00
[21:17:17.116] -352.00,-813.00,607.00
[21:17:17.155] -445.00,-1001.00,561.00
[21:17:17.181] -467.00,-1043.00,543.00
[21:17:17.234] -626.00,-1088.00,456.00
[21:17:17.274] -751.00,-1012.00,393.00
[21:17:17.315] -871.00,-911.00,316.00
[21:17:17.354] -982.00,-813.00,228.00
[21:17:17.394] -1071.00,-706.00,110.00
[21:17:17.435] -1153.00,-590.00,12.00
[21:17:17.472] -1205.00,-500.00,-123.00
[21:17:17.513] -1245.00,-378.00,-250.00
[21:17:17.555] -1250.00,-238.00,-398.00
[21:17:17.594] -1247.00,-162.00,-507.00
[21:17:17.634] -1220.00,-55.00,-607.00
[21:17:17.673] -1202.00,-31.00,-656.00
[21:17:17.715] -1153.00,50.00,-772.00
[21:17:17.755] -1122.00,93.00,-857.00
[21:17:17.795] -1088.00,131.00,-903.00
[21:17:17.833] -1078.00,105.00,-966.00
[21:17:17.874] -1100.00,67.00,-1038.00
[21:17:17.916] -1095.00,41.00,-1080.00
[21:17:17.955] -1086.00,20.00,-1160.00
[21:17:17.995] -1068.00,-20.00,-1298.00
[21:17:18.034] -1000.00,-160.00,-1538.00
[21:17:18.074] -951.00,-350.00,-1735.00
[21:17:18.114] -868.00,-606.00,-1871.00
[21:17:18.155] -823.00,-777.00,-1946.00
[21:17:18.232] -775.00,-1015.00,-1987.00
[21:17:18.232] -687.00,-1310.00,-1971.00
[21:17:18.273] -601.00,-1790.00,-1776.00
[21:17:18.327] -550.00,-2047.00,-1510.00
[21:17:18.336] -498.00,-2211.00,-1180.00
[21:17:18.395] -496.00,-2298.00,-840.00
[21:17:18.435] -491.00,-2246.00,-466.00
[21:17:18.489] -496.00,-2163.00,-241.00
[21:17:18.525] -506.00,-1911.00,102.00
[21:17:18.543] -518.00,-1447.00,440.00
[21:17:18.601] -487.00,-1120.00,548.00
[21:17:18.643] -487.00,-1120.00,548.00
[21:17:18.676] -71.00,-326.00,628.00
[21:17:18.710] 127.00,-178.00,590.00
[21:17:18.754] 452.00,-70.00,486.00
[21:17:18.796] 718.00,-33.00,362.00
[21:17:18.834] 953.00,-15.00,236.00
[21:17:18.874] 1092.00,-52.00,128.00
[21:17:18.959] 1245.00,-110.00,25.00
[21:17:18.977] 1296.00,-141.00,-27.00
[21:17:18.991] 1366.00,-152.00,-100.00
[21:17:19.038] 1430.00,-133.00,-228.00
[21:17:19.074] 1460.00,-93.00,-365.00
[21:17:19.112] 1470.00,-102.00,-403.00
[21:17:19.155] 1496.00,-76.00,-551.00
[21:17:19.195] 1473.00,-55.00,-517.00
[21:17:19.235] 1420.00,-62.00,-386.00
[21:17:19.272] 1362.00,-102.00,-177.00
[21:17:19.302] 1247.00,-168.00,61.00
[21:17:19.355] 1022.00,-278.00,330.00
[21:17:19.395] 655.00,-355.00,527.00
[21:17:19.435] 406.00,-363.00,615.00
[21:17:19.475] 50.00,-381.00,626.00
[21:17:19.521] -98.00,-411.00,615.00
[21:17:19.555] -296.00,-450.00,566.00
[21:17:19.595] -396.00,-492.00,546.00
[21:17:19.633] -672.00,-537.00,437.00
[21:17:19.674] -748.00,-487.00,355.00
[21:17:19.708] -810.00,-268.00,226.00
[21:17:19.755] -828.00,-83.00,76.00
[21:17:19.795] -818.00,62.00,-53.00
[21:17:19.835] -775.00,183.00,-165.00
[21:17:19.874] -741.00,302.00,-260.00
[21:17:19.913] -707.00,328.00,-321.00
[21:17:19.955] -621.00,413.00,-401.00
[21:17:19.994] -552.00,468.00,-478.00
[21:17:20.034] -543.00,490.00,-520.00
[21:17:20.074] -457.00,535.00,-580.00
[21:17:20.114] -318.00,592.00,-670.00
[21:17:20.155] -196.00,632.00,-752.00
[21:17:20.195] -101.00,635.00,-873.00
[21:17:20.234] -2.00,635.00,-1025.00
[21:17:20.274] 81.00,590.00,-1201.00
[21:17:20.313] 160.00,497.00,-1425.00
[21:17:20.355] 225.00,392.00,-1582.00
[21:17:20.395] 335.00,126.00,-1876.00
[21:17:20.434] 467.00,-155.00,-2051.00
[21:17:20.474] 618.00,-450.00,-2152.00
[21:17:20.512] 713.00,-600.00,-2165.00
[21:17:20.554] 997.00,-991.00,-2058.00
[21:17:20.595] 1176.00,-1170.00,-1910.00
[21:17:20.634] 1378.00,-1410.00,-1636.00
[21:17:20.674] 1521.00,-1602.00,-1160.00
[21:17:20.726] 1488.00,-1766.00,-783.00
[21:17:20.756] 1352.00,-1897.00,-435.00
[21:17:20.795] 1048.00,-1966.00,-58.00
[21:17:20.834] 841.00,-1953.00,100.00
[21:17:20.874] 570.00,-1902.00,257.00
[21:17:20.908] 401.00,-1718.00,447.00
[21:17:20.950] 342.00,-1473.00,602.00
[21:17:20.994] 355.00,-1248.00,665.00
[21:17:21.035] 457.00,-1006.00,682.00
[21:17:21.074] 695.00,-651.00,631.00
[21:17:21.114] 971.00,-337.00,445.00
[21:17:21.152] 1178.00,-126.00,128.00
[21:17:21.194] 1371.00,-46.00,-250.00
[21:17:21.235] 1486.00,-22.00,-660.00
[21:17:21.274] 1491.00,-91.00,-1087.00
[21:17:21.312] 1430.00,-168.00,-1352.00
[21:17:21.353] 1376.00,-236.00,-1538.00
[21:17:21.394] 1347.00,-347.00,-1636.00
[21:17:21.524] 1416.00,-455.00,-1633.00
[21:17:21.530] 1445.00,-500.00,-1626.00
[21:17:21.533] 1598.00,-632.00,-1391.00
[21:17:21.665] 1723.00,-687.00,-1090.00
[21:17:21.671] 1752.00,-713.00,-793.00
[21:17:21.671] 1718.00,-721.00,-495.00
[21:17:21.700] 1626.00,-742.00,-187.00
[21:17:21.803] 1476.00,-7
[21:17:21.868] 98.00,71.00
[21:17:21.895] 1235.00,-906.00,347.00
[21:17:21.896] 780.00,-975.00,618.00
[21:17:21.896] 306.00,-937.00,713.00
[21:17:21.896] -101.00,-803.00,692.00
[21:17:21.910] -370.00,-701.00,605.00
[21:17:21.951] -536.00,-653.00,525.00
[21:17:21.994] -848.00,-492.00,262.00
[21:17:22.034] -922.00,-350.00,131.00
[21:17:22.074] -897.00,-157.00,20.00
[21:17:22.115] -846.00,-10.00,-41.00
[21:17:22.154] -758.00,115.00,-87.00
[21:17:22.190] -633.00,271.00,-148.00
[21:17:22.234] -470.00,431.00,-316.00
[21:17:22.275] -350.00,540.00,-510.00
[21:17:22.314] -257.00,585.00,-690.00
[21:17:22.354] -196.00,606.00,-827.00
[21:17:22.394] -122.00,606.00,-1007.00
[21:17:22.435] -96.00,606.00,-1038.00
[21:17:22.475] -17.00,576.00,-1198.00
[21:17:22.516] 42.00,506.00,-1398.00
[21:17:22.555] 98.00,442.00,-1531.00
[21:17:22.589] 137.00,402.00,-1585.00
[21:17:22.634] 176.00,376.00,-1636.00
[21:17:22.674] 193.00,328.00,-1691.00
[21:17:22.714] 201.00,292.00,-1721.00
[21:17:22.754] 196.00,210.00,-1837.00
[21:17:22.782] 152.00,83.00,-1946.00
[21:17:22.835] 96.00,-131.00,-2090.00
[21:17:22.907] 98.00,-497.00,-2245.00
[21:17:22.910] 140.00,-761.00,-2315.00
[21:17:22.954] 321.00,-1462.00,-2240.00
[21:17:23.004] 648.00,-2037.00,-1798.00
[21:17:23.056] 900.00,-2248.00,-1272.00
[21:17:23.063] 1053.00,-2243.00,-687.00
[21:17:23.103] 1086.00,-2042.00,-197.00
[21:17:23.153] 1007.00,-1773.00,187.00
[21:17:23.191] 765.00,-1505.00,495.00
[21:17:23.233] 298.00,-1217.00,680.00
[21:17:23.274] -130.00,-1062.00,672.00
[21:17:23.315] -547.00,-906.00,556.00
[21:17:23.355] -790.00,-766.00,378.00
[21:17:23.388] -992.00,-550.00,172.00
[21:17:23.432] -1012.00,-228.00,-10.00
[21:17:23.475] -880.00,52.00,-115.00
[21:17:23.516] -621.00,345.00,-241.00
[21:17:23.554] -242.00,585.00,-437.00
[21:17:23.593] 166.00,647.00,-736.00
[21:17:23.634] 613.00,528.00,-1151.00
[21:17:23.675] 812.00,316.00,-1471.00
[21:17:23.714] 853.00,62.00,-1742.00
[21:17:23.756] 807.00,-165.00,-1956.00
[21:17:23.793] 713.00,-366.00,-2106.00
[21:17:23.834] 611.00,-473.00,-2180.00
[21:17:23.875] 611.00,-473.00,-2180.00
[21:17:23.917] 431.00,-637.00,-2262.00
[21:17:23.955] 465.00,-745.00,-2276.00
[21:17:23.995] 590.00,-870.00,-2250.00
[21:17:24.040] 828.00,-1041.00,-2170.00
[21:17:24.072] 1135.00,-1222.00,-1963.00
[21:17:24.114] 1383.00,-1452.00,-1608.00
[21:17:24.156] 1483.00,-1785.00,-990.00
[21:17:24.217] 1298.00,-1966.00,-450.00
[21:17:24.232] 925.00,-2090.00,-97.00
[21:17:24.279] 518.00,-2163.00,41.00
[21:17:24.411] 301.00,-2201.00,58.0
[21:17:24.436] 0
[21:17:24.436] 83.00,-2216.00,35.00
[21:17:24.438] -665.00,-2090.00,-190.00
[21:17:24.438] -946.00,-1900.00,-355.00
[21:17:24.539] -1158.00,-1673.00,-517.00
[21:17:24.606] -1293.00,-1457.00,-660.00
[21:17:24.609] -1360.00,-1241.00,-803.00
[21:17:24.609] -1378.00,-1127.00,-901.00
[21:17:24.625] -1368.00,-1032.00,-997.00
[21:17:24.674] -1347.00,-937.00,-1151.00
[21:17:24.748] -1303.00,-872.00,-1291.00
[21:17:24.749] -1266.00,-830.00,-1402.00
[21:17:24.797] -1217.00,-796.00,-1517.00
[21:17:24.828] -1137.00,-697.00,-1633.00
[21:17:24.874] -871.00,-478.00,-1845.00
[21:17:24.967] -705.00,-416.00,-1968.00
[21:17:25.039] -508.00,-376.00,-2056.00
[21:17:25.039] -335.00,-376.00,-2141.00
[21:17:25.151] -1
[21:17:25.198] 37.00,-435.00,-2201.00
[21:17:25.206] -58.00,-490.00,-2250.00
[21:17:25.257] 32.00,-616.00,-2278.00
[21:17:25.257] 35.00,-708.00,-2298.00
[21:17:25.266] -5.00,-837.00,-2312.00
[21:17:25.266] -120.00,-1115.00,-2268.00
[21:17:25.267] -186.00,-1270.00,-2237.00
[21:17:25.319] -433.00,-1821.00,-1948.00
[21:17:25.355] -501.00,-2092.00,-1572.00
[21:17:25.399] -506.00,-2287.00,-1038.00
[21:17:25.433] -482.00,-2282.00,-532.00
[21:17:25.474] -396.00,-2166.00,-128.00
[21:17:25.514] -235.00,-2003.00,170.00
[21:17:25.555] -63.00,-1876.00,330.00
[21:17:25.594] 81.00,-1676.00,502.00
[21:17:25.631] 163.00,-1452.00,618.00
[21:17:25.673] 145.00,-1201.00,685.00
[21:17:25.701] 7.00,-863.00,706.00
[21:17:25.754] -45.00,-803.00,695.00
[21:17:25.795] -352.00,-431.00,551.00
[21:17:25.834] -582.00,-226.00,373.00
[21:17:25.874] -751.00,-86.00,158.00
[21:17:25.900] -877.00,7.00,-56.00
[21:17:25.955] -931.00,105.00,-330.00
[21:17:25.994] -931.00,168.00,-488.00
[21:17:26.021] -885.00,255.00,-736.00
[21:17:26.069] -841.00,292.00,-953.00
[21:17:26.115] -770.00,292.00,-1133.00
[21:17:26.155] -700.00,266.00,-1301.00
[21:17:26.194] -592.00,221.00,-1502.00
[21:17:26.234] -555.00,197.00,-1575.00
[21:17:26.276] -511.00,126.00,-1675.00
[21:17:26.303] -541.00,5.00,-1791.00
[21:17:26.385] -555.00,-110.00,-1868.00
[21:17:26.390] -541.00,-257.00,-1968.00
[21:17:26.455] -421.00,-521.00,-2147.00
[21:17:26.470] -196.00,-706.00,-2230.00
[21:17:26.514] 117.00,-870.00,-2303.00
[21:17:26.575] 531.00,-980.00,-2257.00
[21:17:26.591] 987.00,-1093.00,-2075.00
[21:17:26.635] 1440.00,-1198.00,-1657.00
[21:17:26.674] 1680.00,-1283.00,-1061.00
[21:17:26.704] 1628.00,-1417.00,-420.00
[21:17:26.754] 1360.00,-1545.00,-5.00
[21:17:26.795] 1102.00,-1697.00,197.00
[21:17:26.834] 895.00,-1850.00,223.00
[21:17:26.873] 718.00,-2032.00,141.00
[21:17:26.915] 506.00,-2240.00,-48.00
[21:17:27.020] 316.00,-2351.00,-200.00
[21:17:27.020] 132.00,-2401.00,-303.00
[21:17:27.029] -5.00,-2401.00,-347.00
[21:17:27.069] -98.00,-2358.00,-308.00
[21:17:27.112] -201.00,-2322.00,-255.00
[21:17:27.154] -293.00,-2285.00,-233.00
[21:17:27.182] -330.00,-2267.00,-257.00
[21:17:27.236] -667.00,-2163.00,-450.00
[21:17:27.261] -851.00,-2051.00,-607.00
[21:17:27.339] -1015.00,-1908.00,-775.00
[21:17:27.339] -1153.00,-1723.00,-920.00
[21:17:27.385] -1237.00,-1541.00,-1020.00
[21:17:27.455] -1283.00,-1381.00,-1141.00
[21:17:27.535] -1298.00,-1167.00,-1265.00
[21:17:27.536] -1291.00,-1048.00,-1337.00
[21:17:27.552] -1263.00,-948.00,-1393.00
[21:17:27.594] -1263.00,-893.00,-1437.00
[21:17:27.656] -1242.00,-908.00,-1461.00
[21:17:27.696] -1240.00,-922.00,-1476.00
[21:17:27.716] -1205.00,-1080.00,-1515.00
[21:17:27.745] -1178.00,-1255.00,-1495.00
[21:17:27.785] -1140.00,-1471.00,-1417.00
[21:17:27.834] -1105.00,-1647.00,-1283.00
[21:17:27.874] -1048.00,-1795.00,-1113.00
[21:17:27.911] -987.00,-1908.00,-830.00
[21:17:27.955] -961.00,-1926.00,-651.00
[21:17:27.995] -953.00,-1911.00,-568.00
[21:17:28.034] -948.00,-1921.00,-525.00
[21:17:28.072] -920.00,-1900.00,-473.00
[21:17:28.113] -976.00,-1868.00,-483.00
[21:17:28.155] -995.00,-1842.00,-478.00
[21:17:28.195] -1122.00,-1697.00,-580.00
[21:17:28.234] -1196.00,-1610.00,-791.00
[21:17:28.273] -1256.00,-1521.00,-995.00
[21:17:28.312] -1258.00,-1331.00,-1180.00
[21:17:28.355] -1268.00,-1215.00,-1267.00
[21:17:28.398] -1263.00,-1096.00,-1316.00
[21:17:28.435] -1268.00,-988.00,-1368.00
[21:17:28.491] -1250.00,-890.00,-1410.00
[21:17:28.506] -1222.00,-803.00,-1453.00
[21:17:28.634] -1210.00,-718.00,-1466.00
[21:17:28.635] -1168.00,-656.00,-1495.00
[21:17:28.636] -1161.00,-576.00,-1510.00
[21:17:28.674] -1132.00,-485.00,-1512.00
[21:17:28.714] -1112.00,-421.00,-1505.00
[21:17:28.752] -1088.00,-381.00,-1520.00
[21:17:28.794] -1071.00,-347.00,-1500.00
[21:17:28.834] -1068.00,-318.00,-1487.00
[21:17:28.873] -1066.00,-318.00,-1510.00
[21:17:28.914] -1032.00,-366.00,-1602.00
[21:17:28.955] -928.00,-395.00,-1726.00
[21:17:28.994] -753.00,-458.00,-1910.00
[21:17:29.034] -377.00,-490.00,-2141.00
[21:17:29.074] -147.00,-500.00,-2203.00
[21:17:29.110] 491.00,-478.00,-2182.00
[21:17:29.152] 1017.00,-506.00,-1948.00
[21:17:29.194] 1376.00,-556.00,-1650.00
[21:17:29.234] 1701.00,-748.00,-968.00
[21:17:29.274] 1662.00,-1048.00,-357.00
[21:17:29.311] 1550.00,-1241.00,-100.00
[21:17:29.352] 1261.00,-1512.00,133.00
[21:17:29.394] 1017.00,-1640.00,275.00
[21:17:29.434] 780.00,-1692.00,371.00
[21:17:29.471] 543.00,-1663.00,483.00
[21:17:29.513] 345.00,-1583.00,558.00
[21:17:29.561] 203.00,-1488.00,610.00
[21:17:29.595] 155.00,-1460.00,623.00
[21:17:29.635] -137.00,-1080.00,682.00
[21:17:29.674] -286.00,-858.00,667.00
[21:17:29.714] -388.00,-608.00,623.00
[21:17:29.754] -531.00,-378.00,505.00
[21:17:29.794] -665.00,-155.00,316.00
[21:17:29.835] -785.00,-43.00,165.00
