# Serial Log - 2026-04-11T15:44:11.092532
# Port: COM24 @ 115200bps
#============================================================
[15:44:11.114] 201.00,186.00,-1577.00
[15:44:11.154] 211.00,176.00,-1561.00
[15:44:11.192] 203.00,176.00,-1582.00
[15:44:11.233] 201.00,171.00,-1592.00
[15:44:11.275] 211.00,173.00,-1577.00
[15:44:11.314] 203.00,173.00,-1582.00
[15:44:11.354] 213.00,171.00,-1577.00
[15:44:11.393] 191.00,168.00,-1556.00
[15:44:11.433] 211.00,171.00,-1577.00
[15:44:11.474] 198.00,178.00,-1582.00
[15:44:11.514] 201.00,173.00,-1546.00
[15:44:11.553] 203.00,176.00,-1548.00
[15:44:11.581] 201.00,165.00,-1538.00
[15:44:11.633] 208.00,181.00,-1572.00
[15:44:11.676] 220.00,178.00,-1575.00
[15:44:11.712] 201.00,168.00,-1551.00
[15:44:11.753] 186.00,157.00,-1570.00
[15:44:11.794] 191.00,171.00,-1543.00
[15:44:11.834] 213.00,183.00,-1546.00
[15:44:11.874] 203.00,173.00,-1541.00
[15:44:11.913] 216.00,173.00,-1558.00
[15:44:11.954] 196.00,178.00,-1551.00
[15:44:11.994] 213.00,168.00,-1553.00
[15:44:12.033] 206.00,171.00,-1548.00
[15:44:12.073] 196.00,176.00,-1548.00
[15:44:12.113] 208.00,168.00,-1561.00
[15:44:12.152] 198.00,181.00,-1546.00
[15:44:12.193] 211.00,171.00,-1553.00
[15:44:12.233] 213.00,171.00,-1553.00
[15:44:12.273] 196.00,165.00,-1580.00
[15:44:12.313] 220.00,183.00,-1563.00
[15:44:12.355] 222.00,176.00,-1577.00
[15:44:12.393] 198.00,181.00,-1580.00
[15:44:12.433] 213.00,195.00,-1563.00
[15:44:12.473] 220.00,178.00,-1543.00
[15:44:12.514] 196.00,188.00,-1541.00
[15:44:12.555] 208.00,171.00,-1548.00
[15:44:12.582] 208.00,176.00,-1548.00
[15:44:12.634] 198.00,168.00,-1553.00
[15:44:12.673] 206.00,176.00,-1538.00
[15:44:12.713] 216.00,181.00,-1558.00
[15:44:12.742] 203.00,178.00,-1582.00
[15:44:12.793] 201.00,176.00,-1548.00
[15:44:12.833] 203.00,183.00,-1548.00
[15:44:12.872] 211.00,168.00,-1548.00
[15:44:12.915] 203.00,168.00,-1553.00
[15:44:12.942] 208.00,176.00,-1546.00
[15:44:12.993] 208.00,171.00,-1577.00
[15:44:13.034] 208.00,171.00,-1580.00
[15:44:13.074] 198.00,162.00,-1580.00
[15:44:13.114] 225.00,178.00,-1556.00
[15:44:13.156] 208.00,171.00,-1582.00
[15:44:13.193] 208.00,176.00,-1572.00
[15:44:13.232] 208.00,168.00,-1577.00
[15:44:13.274] 203.00,162.00,-1590.00
[15:44:13.314] 186.00,173.00,-1551.00
[15:44:13.354] 201.00,191.00,-1590.00
[15:44:13.394] 208.00,181.00,-1553.00
[15:44:13.436] 208.00,191.00,-1585.00
[15:44:13.473] 208.00,173.00,-1551.00
[15:44:13.514] 208.00,173.00,-1572.00
[15:44:13.552] 198.00,191.00,-1575.00
[15:44:13.594] 213.00,178.00,-1572.00
[15:44:13.634] 193.00,181.00,-1543.00
[15:44:13.674] 198.00,176.00,-1541.00
[15:44:13.714] 198.00,160.00,-1551.00
[15:44:13.753] 203.00,176.00,-1556.00
[15:44:13.794] 216.00,181.00,-1570.00
[15:44:13.834] 191.00,183.00,-1575.00
[15:44:13.873] 206.00,178.00,-1563.00
[15:44:13.914] 211.00,176.00,-1580.00
[15:44:13.953] 211.00,171.00,-1570.00
[15:44:13.993] 222.00,183.00,-1563.00
[15:44:14.034] 211.00,176.00,-1546.00
[15:44:14.072] 203.00,176.00,-1543.00
[15:44:14.114] 196.00,171.00,-1553.00
[15:44:14.154] 208.00,181.00,-1577.00
[15:44:14.194] 225.00,183.00,-1575.00
[15:44:14.233] 220.00,183.00,-1587.00
[15:44:14.274] 206.00,176.00,-1580.00
[15:44:14.315] 206.00,176.00,-1575.00
[15:44:14.354] 206.00,168.00,-1546.00
[15:44:14.393] 213.00,178.00,-1558.00
[15:44:14.434] 220.00,186.00,-1548.00
[15:44:14.472] 222.00,155.00,-1577.00
[15:44:14.514] 216.00,191.00,-1585.00
[15:44:14.554] 208.00,191.00,-1577.00
[15:44:14.593] 206.00,176.00,-1548.00
[15:44:14.621] 208.00,183.00,-1546.00
[15:44:14.674] 198.00,183.00,-1558.00
[15:44:14.714] 211.00,168.00,-1582.00
[15:44:14.753] 211.00,171.00,-1563.00
[15:44:14.792] 196.00,171.00,-1561.00
[15:44:14.832] 186.00,162.00,-1563.00
[15:44:14.874] 213.00,183.00,-1572.00
[15:44:14.914] 213.00,173.00,-1567.00
[15:44:14.953] 206.00,176.00,-1580.00
[15:44:14.994] 203.00,168.00,-1553.00
[15:44:15.033] 213.00,173.00,-1580.00
[15:44:15.075] 232.00,178.00,-1558.00
[15:44:15.113] 206.00,176.00,-1548.00
[15:44:15.153] 196.00,171.00,-1577.00
[15:44:15.195] 196.00,176.00,-1531.00
[15:44:15.235] 203.00,171.00,-1580.00
[15:44:15.273] 203.00,171.00,-1580.00
[15:44:15.313] 196.00,168.00,-1575.00
[15:44:15.356] 193.00,171.00,-1533.00
[15:44:15.394] 198.00,171.00,-1546.00
[15:44:15.436] 206.00,178.00,-1570.00
[15:44:15.473] 201.00,173.00,-1561.00
[15:44:15.513] 201.00,178.00,-1553.00
[15:44:15.554] 191.00,181.00,-1553.00
[15:44:15.593] 220.00,176.00,-1567.00
[15:44:15.633] 216.00,171.00,-1575.00
[15:44:15.674] 213.00,168.00,-1567.00
[15:44:15.714] 208.00,178.00,-1570.00
[15:44:15.753] 225.00,176.00,-1572.00
[15:44:15.795] 208.00,173.00,-1580.00
[15:44:15.833] 203.00,168.00,-1567.00
[15:44:15.874] 206.00,168.00,-1580.00
[15:44:15.914] 206.00,183.00,-1575.00
[15:44:15.954] 191.00,183.00,-1580.00
[15:44:15.993] 201.00,173.00,-1572.00
[15:44:16.033] 203.00,181.00,-1561.00
[15:44:16.075] 220.00,191.00,-1561.00
[15:44:16.115] 222.00,173.00,-1577.00
[15:44:16.154] 213.00,173.00,-1572.00
[15:44:16.193] 216.00,181.00,-1572.00
[15:44:16.235] 191.00,168.00,-1582.00
[15:44:16.274] 216.00,181.00,-1580.00
[15:44:16.314] 206.00,178.00,-1577.00
[15:44:16.353] 213.00,181.00,-1570.00
[15:44:16.393] 211.00,176.00,-1572.00
[15:44:16.434] 206.00,191.00,-1563.00
[15:44:16.474] 213.00,191.00,-1563.00
[15:44:16.513] 196.00,171.00,-1577.00
[15:44:16.553] 213.00,181.00,-1575.00
[15:44:16.595] 220.00,171.00,-1556.00
[15:44:16.634] 203.00,168.00,-1548.00
[15:44:16.674] 201.00,178.00,-1570.00
[15:44:16.713] 206.00,171.00,-1546.00
[15:44:16.752] 208.00,173.00,-1585.00
[15:44:16.795] 208.00,173.00,-1585.00
[15:44:16.834] 201.00,173.00,-1570.00
[15:44:16.875] 196.00,186.00,-1563.00
[15:44:16.913] 206.00,176.00,-1556.00
[15:44:16.955] 203.00,183.00,-1558.00
[15:44:16.994] 206.00,173.00,-1553.00
[15:44:17.034] 211.00,173.00,-1528.00
[15:44:17.073] 216.00,181.00,-1567.00
[15:44:17.113] 211.00,178.00,-1587.00
[15:44:17.153] 211.00,181.00,-1587.00
[15:44:17.195] 201.00,171.00,-1543.00
[15:44:17.234] 198.00,162.00,-1556.00
[15:44:17.273] 201.00,191.00,-1541.00
[15:44:17.303] 198.00,152.00,-1595.00
[15:44:17.341] 220.00,173.00,-1570.00
[15:44:17.393] 216.00,162.00,-1546.00
[15:44:17.433] 211.00,173.00,-1582.00
[15:44:17.474] 203.00,191.00,-1570.00
[15:44:17.514] 206.00,171.00,-1572.00
[15:44:17.553] 216.00,168.00,-1551.00
[15:44:17.593] 198.00,178.00,-1570.00
[15:44:17.634] 206.00,188.00,-1587.00
[15:44:17.674] 201.00,176.00,-1551.00
[15:44:17.714] 208.00,178.00,-1538.00
[15:44:17.754] 216.00,195.00,-1577.00
[15:44:17.794] 203.00,176.00,-1556.00
[15:44:17.832] 206.00,168.00,-1577.00
[15:44:17.874] 206.00,165.00,-1556.00
[15:44:17.913] 208.00,191.00,-1543.00
[15:44:17.953] 216.00,186.00,-1567.00
[15:44:17.993] 208.00,186.00,-1563.00
[15:44:18.034] 206.00,178.00,-1575.00
[15:44:18.073] 216.00,176.00,-1587.00
[15:44:18.114] 201.00,178.00,-1580.00
[15:44:18.153] 222.00,197.00,-1561.00
[15:44:18.183] 220.00,178.00,-1582.00
[15:44:18.234] 216.00,173.00,-1567.00
[15:44:18.274] 201.00,173.00,-1587.00
[15:44:18.314] 201.00,173.00,-1587.00
[15:44:18.353] 196.00,168.00,-1553.00
[15:44:18.394] 213.00,186.00,-1561.00
[15:44:18.434] 213.00,171.00,-1580.00
[15:44:18.474] 208.00,168.00,-1563.00
[15:44:18.513] 208.00,186.00,-1575.00
[15:44:18.553] 198.00,171.00,-1567.00
[15:44:18.593] 186.00,176.00,-1546.00
[15:44:18.633] 203.00,173.00,-1548.00
[15:44:18.675] 206.00,171.00,-1561.00
[15:44:18.714] 193.00,168.00,-1538.00
[15:44:18.754] 201.00,176.00,-1551.00
[15:44:18.794] 208.00,181.00,-1558.00
[15:44:18.833] 211.00,173.00,-1580.00
[15:44:18.862] 186.00,168.00,-1556.00
[15:44:18.914] 213.00,173.00,-1548.00
[15:44:18.954] 222.00,176.00,-1577.00
[15:44:18.995] 211.00,186.00,-1577.00
[15:44:19.033] 198.00,191.00,-1577.00
[15:44:19.073] 196.00,173.00,-1570.00
[15:44:19.113] 206.00,186.00,-1585.00
[15:44:19.153] 198.00,176.00,-1553.00
[15:44:19.193] 208.00,178.00,-1556.00
[15:44:19.233] 211.00,176.00,-1546.00
[15:44:19.274] 198.00,176.00,-1572.00
[15:44:19.313] 220.00,176.00,-1587.00
[15:44:19.355] 211.00,178.00,-1577.00
[15:44:19.393] 220.00,178.00,-1577.00
[15:44:19.434] 201.00,173.00,-1575.00
[15:44:19.474] 203.00,178.00,-1570.00
[15:44:19.514] 203.00,173.00,-1567.00
[15:44:19.553] 203.00,171.00,-1592.00
[15:44:19.593] 213.00,183.00,-1592.00
[15:44:19.634] 208.00,173.00,-1585.00
[15:44:19.675] 211.00,178.00,-1582.00
[15:44:19.714] 206.00,191.00,-1572.00
[15:44:19.754] 206.00,186.00,-1570.00
[15:44:19.794] 213.00,168.00,-1556.00
[15:44:19.834] 208.00,171.00,-1585.00
[15:44:19.874] 196.00,181.00,-1572.00
[15:44:19.914] 198.00,176.00,-1580.00
[15:44:19.954] 211.00,173.00,-1572.00
[15:44:19.993] 193.00,178.00,-1580.00
[15:44:20.021] 201.00,186.00,-1543.00
[15:44:20.074] 203.00,178.00,-1580.00
[15:44:20.113] 227.00,186.00,-1567.00
[15:44:20.153] 208.00,181.00,-1572.00
[15:44:20.194] 196.00,171.00,-1582.00
[15:44:20.233] 206.00,183.00,-1563.00
[15:44:20.273] 203.00,181.00,-1575.00
[15:44:20.314] 206.00,176.00,-1590.00
[15:44:20.354] 208.00,173.00,-1590.00
[15:44:20.394] 193.00,181.00,-1575.00
[15:44:20.434] 193.00,183.00,-1543.00
[15:44:20.473] 206.00,171.00,-1567.00
[15:44:20.501] 208.00,171.00,-1580.00
[15:44:20.553] 206.00,176.00,-1577.00
[15:44:20.593] 201.00,183.00,-1575.00
[15:44:20.633] 208.00,176.00,-1558.00
[15:44:20.671] 191.00,173.00,-1553.00
[15:44:20.714] 213.00,178.00,-1575.00
[15:44:20.755] 220.00,165.00,-1577.00
[15:44:20.793] 208.00,183.00,-1558.00
[15:44:20.833] 211.00,165.00,-1580.00
[15:44:20.874] 193.00,168.00,-1587.00
[15:44:20.915] 206.00,183.00,-1580.00
[15:44:20.953] 208.00,168.00,-1543.00
[15:44:20.994] 225.00,178.00,-1541.00
[15:44:21.034] 193.00,168.00,-1548.00
[15:44:21.074] 211.00,178.00,-1546.00
[15:44:21.114] 198.00,171.00,-1582.00
[15:44:21.153] 193.00,168.00,-1587.00
[15:44:21.194] 213.00,181.00,-1587.00
[15:44:21.233] 206.00,188.00,-1580.00
[15:44:21.273] 196.00,181.00,-1538.00
[15:44:21.313] 220.00,178.00,-1548.00
[15:44:21.353] 203.00,173.00,-1582.00
[15:44:21.395] 206.00,173.00,-1577.00
[15:44:21.435] 206.00,183.00,-1590.00
[15:44:21.473] 208.00,191.00,-1582.00
[15:44:21.513] 213.00,165.00,-1572.00
[15:44:21.551] 211.00,181.00,-1587.00
[15:44:21.595] 220.00,191.00,-1575.00
[15:44:21.622] 203.00,181.00,-1580.00
[15:44:21.674] 206.00,176.00,-1567.00
[15:44:21.714] 213.00,188.00,-1577.00
[15:44:21.755] 225.00,168.00,-1567.00
[15:44:21.793] 206.00,168.00,-1577.00
[15:44:21.834] 206.00,171.00,-1582.00
[15:44:21.875] 216.00,176.00,-1585.00
[15:44:21.913] 216.00,178.00,-1570.00
[15:44:21.954] 211.00,176.00,-1577.00
[15:44:21.994] 220.00,178.00,-1558.00
[15:44:22.033] 206.00,176.00,-1570.00
[15:44:22.076] 203.00,176.00,-1575.00
[15:44:22.115] 211.00,191.00,-1577.00
[15:44:22.153] 213.00,176.00,-1575.00
[15:44:22.193] 220.00,178.00,-1577.00
[15:44:22.233] 196.00,183.00,-1575.00
[15:44:22.274] 206.00,171.00,-1563.00
[15:44:22.315] 196.00,176.00,-1577.00
[15:44:22.341] 213.00,171.00,-1585.00
[15:44:22.392] 196.00,176.00,-1567.00
[15:44:22.434] 208.00,178.00,-1538.00
[15:44:22.474] 211.00,178.00,-1575.00
[15:44:22.514] 220.00,183.00,-1582.00
[15:44:22.553] 196.00,178.00,-1551.00
[15:44:22.593] 206.00,178.00,-1575.00
[15:44:22.635] 208.00,181.00,-1577.00
[15:44:22.675] 213.00,168.00,-1587.00
[15:44:22.713] 216.00,171.00,-1577.00
[15:44:22.753] 208.00,178.00,-1580.00
[15:44:22.793] 198.00,178.00,-1577.00
[15:44:22.833] 211.00,171.00,-1582.00
[15:44:22.873] 211.00,176.00,-1587.00
[15:44:22.913] 211.00,173.00,-1585.00
[15:44:22.953] 216.00,171.00,-1561.00
[15:44:22.993] 206.00,178.00,-1580.00
[15:44:23.034] 216.00,186.00,-1585.00
[15:44:23.073] 211.00,188.00,-1553.00
[15:44:23.113] 211.00,181.00,-1572.00
[15:44:23.153] 208.00,176.00,-1577.00
[15:44:23.193] 211.00,183.00,-1575.00
[15:44:23.233] 203.00,168.00,-1548.00
[15:44:23.273] 193.00,176.00,-1546.00
[15:44:23.315] 225.00,178.00,-1551.00
[15:44:23.354] 208.00,165.00,-1580.00
[15:44:23.393] 208.00,165.00,-1580.00
[15:44:23.434] 201.00,186.00,-1556.00
[15:44:23.474] 201.00,165.00,-1577.00
[15:44:23.513] 216.00,183.00,-1577.00
[15:44:23.553] 208.00,183.00,-1556.00
[15:44:23.594] 216.00,178.00,-1585.00
[15:44:23.632] 213.00,191.00,-1563.00
[15:44:23.674] 211.00,178.00,-1582.00
[15:44:23.714] 201.00,162.00,-1580.00
[15:44:23.740] 193.00,165.00,-1587.00
[15:44:23.793] 216.00,171.00,-1551.00
[15:44:23.835] 198.00,160.00,-1546.00
[15:44:23.873] 216.00,195.00,-1572.00
[15:44:23.915] 213.00,165.00,-1577.00
[15:44:23.953] 201.00,186.00,-1572.00
[15:44:23.993] 208.00,178.00,-1563.00
[15:44:24.035] 211.00,173.00,-1577.00
[15:44:24.075] 213.00,178.00,-1575.00
[15:44:24.113] 203.00,186.00,-1580.00
[15:44:24.153] 216.00,183.00,-1572.00
[15:44:24.194] 216.00,181.00,-1580.00
[15:44:24.223] 216.00,178.00,-1580.00
[15:44:24.273] 198.00,178.00,-1556.00
[15:44:24.312] 213.00,183.00,-1543.00
[15:44:24.352] 211.00,186.00,-1558.00
[15:44:24.394] 208.00,176.00,-1590.00
[15:44:24.435] 193.00,155.00,-1567.00
[15:44:24.474] 203.00,171.00,-1553.00
[15:44:24.513] 206.00,181.00,-1546.00
[15:44:24.553] 206.00,191.00,-1570.00
[15:44:24.594] 198.00,173.00,-1556.00
[15:44:24.633] 216.00,168.00,-1582.00
[15:44:24.673] 203.00,176.00,-1575.00
[15:44:24.701] 213.00,181.00,-1580.00
[15:44:24.754] 196.00,191.00,-1577.00
[15:44:24.794] 211.00,160.00,-1580.00
[15:44:24.832] 208.00,157.00,-1587.00
[15:44:24.875] 201.00,171.00,-1563.00
[15:44:24.914] 198.00,168.00,-1558.00
[15:44:24.954] 203.00,176.00,-1533.00
[15:44:24.996] 216.00,155.00,-1553.00
[15:44:25.033] 201.00,176.00,-1551.00
[15:44:25.074] 211.00,178.00,-1577.00
[15:44:25.113] 211.00,171.00,-1553.00
[15:44:25.153] 213.00,178.00,-1577.00
[15:44:25.193] 208.00,178.00,-1587.00
[15:44:25.234] 196.00,173.00,-1551.00
[15:44:25.276] 211.00,181.00,-1572.00
[15:44:25.314] 193.00,178.00,-1570.00
[15:44:25.353] 201.00,176.00,-1567.00
[15:44:25.392] 225.00,178.00,-1575.00
[15:44:25.434] 198.00,168.00,-1587.00
[15:44:25.473] 206.00,173.00,-1546.00
[15:44:25.513] 213.00,171.00,-1553.00
[15:44:25.554] 203.00,171.00,-1553.00
[15:44:25.593] 201.00,160.00,-1558.00
[15:44:25.635] 203.00,173.00,-1546.00
[15:44:25.673] 193.00,178.00,-1553.00
[15:44:25.714] 208.00,173.00,-1572.00
[15:44:25.741] 222.00,176.00,-1551.00
[15:44:25.794] 216.00,168.00,-1551.00
[15:44:25.835] 208.00,178.00,-1548.00
[15:44:25.873] 198.00,171.00,-1541.00
[15:44:25.913] 206.00,171.00,-1558.00
[15:44:25.953] 220.00,173.00,-1585.00
[15:44:25.993] 208.00,168.00,-1548.00
[15:44:26.033] 211.00,178.00,-1548.00
[15:44:26.073] 203.00,165.00,-1556.00
[15:44:26.113] 211.00,176.00,-1580.00
[15:44:26.153] 201.00,176.00,-1546.00
[15:44:26.193] 216.00,181.00,-1548.00
[15:44:26.233] 211.00,176.00,-1575.00
[15:44:26.272] 216.00,168.00,-1567.00
[15:44:26.315] 198.00,171.00,-1561.00
[15:44:26.354] 208.00,200.00,-1563.00
[15:44:26.393] 208.00,181.00,-1556.00
[15:44:26.434] 203.00,178.00,-1580.00
[15:44:26.473] 208.00,160.00,-1575.00
[15:44:26.515] 196.00,178.00,-1572.00
[15:44:26.555] 213.00,176.00,-1551.00
[15:44:26.593] 222.00,183.00,-1582.00
[15:44:26.633] 198.00,162.00,-1551.00
[15:44:26.674] 211.00,178.00,-1577.00
[15:44:26.714] 216.00,173.00,-1577.00
[15:44:26.753] 188.00,165.00,-1553.00
[15:44:26.793] 211.00,173.00,-1577.00
[15:44:26.834] 186.00,173.00,-1577.00
[15:44:26.873] 220.00,171.00,-1548.00
[15:44:26.913] 203.00,171.00,-1551.00
[15:44:26.954] 201.00,165.00,-1551.00
[15:44:26.993] 206.00,173.00,-1580.00
[15:44:27.033] 206.00,173.00,-1570.00
[15:44:27.074] 198.00,191.00,-1575.00
[15:44:27.114] 216.00,181.00,-1572.00
[15:44:27.153] 222.00,188.00,-1582.00
[15:44:27.194] 213.00,178.00,-1558.00
[15:44:27.222] 198.00,178.00,-1561.00
[15:44:27.273] 206.00,178.00,-1575.00
[15:44:27.313] 208.00,195.00,-1580.00
[15:44:27.353] 206.00,183.00,-1570.00
[15:44:27.395] 203.00,168.00,-1556.00
[15:44:27.434] 216.00,183.00,-1590.00
[15:44:27.474] 203.00,176.00,-1582.00
[15:44:27.513] 203.00,173.00,-1556.00
[15:44:27.553] 213.00,183.00,-1580.00
[15:44:27.594] 213.00,173.00,-1580.00
[15:44:27.621] 222.00,173.00,-1575.00
[15:44:27.673] 213.00,181.00,-1572.00
[15:44:27.715] 216.00,178.00,-1541.00
[15:44:27.754] 191.00,168.00,-1563.00
[15:44:27.793] 193.00,171.00,-1613.00
[15:44:27.834] 145.00,186.00,-1680.00
[15:44:27.859] 125.00,228.00,-1701.00
[15:44:27.914] 120.00,242.00,-1755.00
[15:44:27.953] 117.00,255.00,-1767.00
[15:44:27.993] 98.00,276.00,-1757.00
[15:44:28.034] 71.00,292.00,-1752.00
[15:44:28.071] 73.00,300.00,-1762.00
[15:44:28.113] 76.00,316.00,-1776.00
[15:44:28.141] 91.00,331.00,-1793.00
[15:44:28.195] 110.00,323.00,-1801.00
[15:44:28.233] 110.00,337.00,-1798.00
[15:44:28.274] 120.00,331.00,-1817.00
[15:44:28.315] 106.00,323.00,-1811.00
[15:44:28.353] 137.00,321.00,-1796.00
[15:44:28.393] 137.00,337.00,-1820.00
[15:44:28.434] 132.00,331.00,-1827.00
[15:44:28.474] 135.00,323.00,-1832.00
[15:44:28.514] 132.00,318.00,-1808.00
[15:44:28.553] 115.00,328.00,-1798.00
[15:44:28.594] 115.00,323.00,-1791.00
[15:44:28.634] 91.00,337.00,-1755.00
[15:44:28.673] 86.00,326.00,-1750.00
[15:44:28.713] 63.00,342.00,-1770.00
[15:44:28.753] 68.00,318.00,-1726.00
[15:44:28.794] 68.00,337.00,-1718.00
[15:44:28.833] 56.00,342.00,-1762.00
[15:44:28.874] 42.00,342.00,-1762.00
[15:44:28.914] 42.00,355.00,-1762.00
[15:44:28.952] 45.00,345.00,-1776.00
[15:44:28.993] 30.00,333.00,-1776.00
[15:44:29.034] 27.00,333.00,-1752.00
[15:44:29.073] 40.00,355.00,-1788.00
[15:44:29.100] 50.00,360.00,-1801.00
[15:44:29.153] 50.00,368.00,-1801.00
[15:44:29.195] 61.00,347.00,-1806.00
[15:44:29.234] 73.00,357.00,-1815.00
[15:44:29.273] 61.00,363.00,-1820.00
[15:44:29.315] 63.00,350.00,-1806.00
[15:44:29.354] 37.00,366.00,-1781.00
[15:44:29.393] 37.00,345.00,-1801.00
[15:44:29.432] 35.00,342.00,-1788.00
[15:44:29.474] 56.00,355.00,-1825.00
[15:44:29.514] 88.00,340.00,-1861.00
[15:44:29.553] 110.00,321.00,-1873.00
[15:44:29.594] 147.00,323.00,-1917.00
[15:44:29.632] 178.00,316.00,-1951.00
[15:44:29.673] 196.00,321.00,-2005.00
[15:44:29.713] 240.00,321.00,-2051.00
[15:44:29.753] 296.00,313.00,-2072.00
[15:44:29.793] 357.00,281.00,-2095.00
[15:44:29.835] 421.00,268.00,-2138.00
[15:44:29.873] 472.00,228.00,-2175.00
[15:44:29.915] 496.00,218.00,-2172.00
[15:44:29.953] 518.00,191.00,-2180.00
[15:44:29.994] 518.00,191.00,-2180.00
[15:44:30.033] 511.00,168.00,-2172.00
[15:44:30.075] 523.00,162.00,-2177.00
[15:44:30.114] 516.00,141.00,-2160.00
[15:44:30.154] 511.00,117.00,-2170.00
[15:44:30.194] 482.00,100.00,-2152.00
[15:44:30.234] 440.00,86.00,-2133.00
[15:44:30.273] 372.00,83.00,-2077.00
[15:44:30.313] 352.00,107.00,-2046.00
[15:44:30.340] 293.00,117.00,-2012.00
[15:44:30.394] 255.00,107.00,-1992.00
[15:44:30.433] 208.00,91.00,-1987.00
[15:44:30.474] 186.00,123.00,-1982.00
[15:44:30.515] 145.00,157.00,-1920.00
[15:44:30.553] 120.00,181.00,-1891.00
[15:44:30.595] 137.00,168.00,-1881.00
[15:44:30.633] 125.00,152.00,-1893.00
[15:44:30.673] 145.00,136.00,-1886.00
[15:44:30.715] 173.00,147.00,-1881.00
[15:44:30.753] 181.00,152.00,-1861.00
[15:44:30.793] 211.00,205.00,-1803.00
[15:44:30.832] 255.00,250.00,-1742.00
[15:44:30.859] 257.00,328.00,-1670.00
[15:44:30.914] 283.00,392.00,-1561.00
[15:44:30.954] 265.00,437.00,-1502.00
[15:44:30.993] 288.00,426.00,-1500.00
[15:44:31.033] 293.00,378.00,-1563.00
[15:44:31.075] 288.00,300.00,-1626.00
[15:44:31.113] 286.00,233.00,-1655.00
[15:44:31.153] 321.00,250.00,-1687.00
[15:44:31.194] 323.00,278.00,-1628.00
[15:44:31.233] 318.00,278.00,-1621.00
[15:44:31.273] 298.00,281.00,-1608.00
[15:44:31.314] 283.00,271.00,-1643.00
[15:44:31.341] 281.00,276.00,-1650.00
[15:44:31.392] 273.00,276.00,-1618.00
[15:44:31.434] 308.00,273.00,-1605.00
[15:44:31.473] 298.00,273.00,-1590.00
[15:44:31.513] 308.00,255.00,-1595.00
[15:44:31.554] 286.00,238.00,-1616.00
[15:44:31.595] 278.00,247.00,-1646.00
[15:44:31.633] 255.00,247.00,-1626.00
[15:44:31.673] 178.00,281.00,-1628.00
[15:44:31.714] 135.00,297.00,-1561.00
[15:44:31.739] 66.00,328.00,-1575.00
[15:44:31.795] 32.00,297.00,-1582.00
[15:44:31.833] 0.00,271.00,-1590.00
[15:44:31.874] -45.00,238.00,-1662.00
[15:44:31.913] -110.00,171.00,-1708.00
[15:44:31.955] -130.00,145.00,-1752.00
[15:44:31.994] -147.00,88.00,-1786.00
[15:44:32.033] -181.00,28.00,-1822.00
[15:44:32.073] -173.00,22.00,-1817.00
[15:44:32.114] -168.00,78.00,-1793.00
[15:44:32.155] -163.00,117.00,-1752.00
[15:44:32.181] -188.00,128.00,-1728.00
[15:44:32.233] -232.00,105.00,-1745.00
[15:44:32.273] -301.00,52.00,-1808.00
[15:44:32.315] -316.00,-33.00,-1845.00
[15:44:32.353] -327.00,-76.00,-1835.00
[15:44:32.393] -342.00,-91.00,-1863.00
[15:44:32.421] -337.00,-107.00,-1868.00
[15:44:32.474] -330.00,-123.00,-1915.00
[15:44:32.501] -330.00,-141.00,-1888.00
[15:44:32.553] -311.00,-150.00,-1902.00
[15:44:32.593] -306.00,-145.00,-1900.00
[15:44:32.634] -267.00,-97.00,-1907.00
[15:44:32.674] -245.00,-83.00,-1891.00
[15:44:32.714] -222.00,-91.00,-1915.00
[15:44:32.754] -230.00,-102.00,-1935.00
[15:44:32.793] -227.00,-147.00,-1997.00
[15:44:32.835] -270.00,-188.00,-1985.00
[15:44:32.873] -316.00,-231.00,-2002.00
[15:44:32.913] -323.00,-233.00,-1980.00
[15:44:32.953] -321.00,-221.00,-1985.00
[15:44:32.995] -308.00,-186.00,-1980.00
[15:44:33.033] -313.00,-171.00,-2017.00
[15:44:33.073] -342.00,-171.00,-2010.00
[15:44:33.100] -380.00,-188.00,-1968.00
[15:44:33.153] -428.00,-221.00,-2012.00
[15:44:33.193] -516.00,-286.00,-2007.00
[15:44:33.234] -570.00,-347.00,-2007.00
[15:44:33.273] -592.00,-371.00,-2007.00
[15:44:33.312] -618.00,-411.00,-2005.00
[15:44:33.354] -662.00,-463.00,-2002.00
[15:44:33.393] -657.00,-506.00,-1985.00
[15:44:33.433] -697.00,-585.00,-2005.00
[15:44:33.474] -716.00,-618.00,-2028.00
[15:44:33.513] -728.00,-666.00,-2041.00
[15:44:33.553] -728.00,-668.00,-1995.00
[15:44:33.594] -731.00,-687.00,-1997.00
[15:44:33.634] -733.00,-716.00,-2043.00
[15:44:33.673] -733.00,-727.00,-1995.00
[15:44:33.714] -751.00,-768.00,-2036.00
[15:44:33.753] -748.00,-808.00,-2046.00
[15:44:33.793] -738.00,-858.00,-2038.00
[15:44:33.833] -726.00,-885.00,-2012.00
[15:44:33.873] -705.00,-906.00,-2012.00
[15:44:33.913] -728.00,-970.00,-2065.00
[15:44:33.954] -723.00,-980.00,-2065.00
[15:44:33.993] -721.00,-972.00,-2023.00
[15:44:34.031] -716.00,-977.00,-2033.00
[15:44:34.074] -721.00,-982.00,-2058.00
[15:44:34.115] -707.00,-953.00,-2033.00
[15:44:34.153] -716.00,-922.00,-2026.00
[15:44:34.194] -713.00,-877.00,-2007.00
[15:44:34.222] -702.00,-832.00,-2015.00
[15:44:34.274] -711.00,-796.00,-2062.00
[15:44:34.313] -682.00,-806.00,-2017.00
[15:44:34.353] -695.00,-890.00,-2015.00
[15:44:34.394] -736.00,-970.00,-2000.00
[15:44:34.434] -785.00,-1022.00,-1958.00
[15:44:34.473] -812.00,-1043.00,-1932.00
[15:44:34.513] -831.00,-1041.00,-1907.00
[15:44:34.552] -843.00,-1046.00,-1900.00
[15:44:34.595] -880.00,-1067.00,-1883.00
[15:44:34.633] -885.00,-1082.00,-1883.00
[15:44:34.673] -880.00,-1127.00,-1886.00
[15:44:34.714] -856.00,-1141.00,-1888.00
[15:44:34.753] -818.00,-1133.00,-1861.00
[15:44:34.793] -792.00,-1125.00,-1927.00
[15:44:34.833] -761.00,-1101.00,-1925.00
[15:44:34.873] -746.00,-1103.00,-1927.00
[15:44:34.913] -753.00,-1101.00,-1966.00
[15:44:34.954] -743.00,-1091.00,-1973.00
[15:44:34.993] -758.00,-1086.00,-1968.00
[15:44:35.034] -761.00,-1070.00,-1980.00
[15:44:35.073] -761.00,-1070.00,-1980.00
[15:44:35.113] -772.00,-1091.00,-1938.00
[15:44:35.155] -770.00,-1103.00,-1938.00
[15:44:35.194] -758.00,-1191.00,-1958.00
[15:44:35.233] -723.00,-1175.00,-1912.00
[15:44:35.272] -713.00,-1207.00,-1915.00
[15:44:35.314] -682.00,-1283.00,-1907.00
[15:44:35.353] -648.00,-1383.00,-1932.00
[15:44:35.393] -601.00,-1473.00,-1883.00
[15:44:35.433] -538.00,-1578.00,-1900.00
[15:44:35.473] -460.00,-1610.00,-1866.00
[15:44:35.515] -401.00,-1612.00,-1886.00
[15:44:35.554] -406.00,-1618.00,-1932.00
[15:44:35.593] -360.00,-1595.00,-1948.00
[15:44:35.633] -321.00,-1581.00,-1963.00
[15:44:35.674] -273.00,-1583.00,-1966.00
[15:44:35.714] -230.00,-1578.00,-1941.00
[15:44:35.753] -188.00,-1605.00,-1915.00
[15:44:35.780] -117.00,-1628.00,-1886.00
[15:44:35.833] -56.00,-1612.00,-1871.00
[15:44:35.874] -2.00,-1571.00,-1863.00
[15:44:35.913] 32.00,-1545.00,-1868.00
[15:44:35.953] 71.00,-1518.00,-1883.00
[15:44:35.994] 73.00,-1510.00,-1868.00
[15:44:36.034] 93.00,-1512.00,-1876.00
[15:44:36.074] 86.00,-1528.00,-1873.00
[15:44:36.113] 98.00,-1538.00,-1856.00
[15:44:36.151] 96.00,-1571.00,-1876.00
[15:44:36.195] 73.00,-1586.00,-1866.00
[15:44:36.235] 45.00,-1552.00,-1858.00
[15:44:36.273] -37.00,-1538.00,-1850.00
[15:44:36.313] -96.00,-1526.00,-1868.00
[15:44:36.355] -168.00,-1521.00,-1912.00
[15:44:36.393] -242.00,-1473.00,-1871.00
[15:44:36.433] -298.00,-1478.00,-1876.00
[15:44:36.473] -345.00,-1497.00,-1852.00
[15:44:36.513] -370.00,-1491.00,-1868.00
[15:44:36.555] -393.00,-1488.00,-1858.00
[15:44:36.594] -393.00,-1488.00,-1858.00
[15:44:36.633] -442.00,-1497.00,-1858.00
[15:44:36.673] -467.00,-1518.00,-1876.00
[15:44:36.715] -533.00,-1486.00,-1788.00
[15:44:36.754] -655.00,-1491.00,-1726.00
[15:44:36.793] -795.00,-1541.00,-1657.00
[15:44:36.833] -902.00,-1552.00,-1541.00
[15:44:36.874] -982.00,-1550.00,-1373.00
[15:44:36.913] -1053.00,-1545.00,-1286.00
[15:44:36.954] -1095.00,-1547.00,-1190.00
[15:44:36.993] -1117.00,-1545.00,-1118.00
[15:44:37.032] -1137.00,-1560.00,-1056.00
[15:44:37.074] -1146.00,-1552.00,-1031.00
[15:44:37.114] -1163.00,-1568.00,-925.00
[15:44:37.153] -1183.00,-1538.00,-862.00
[15:44:37.194] -1173.00,-1536.00,-816.00
[15:44:37.234] -1210.00,-1568.00,-770.00
[15:44:37.273] -1191.00,-1552.00,-745.00
[15:44:37.313] -1193.00,-1526.00,-738.00
[15:44:37.354] -1198.00,-1531.00,-728.00
[15:44:37.392] -1188.00,-1528.00,-738.00
[15:44:37.434] -1171.00,-1533.00,-745.00
[15:44:37.473] -1193.00,-1528.00,-772.00
[15:44:37.513] -1191.00,-1526.00,-796.00
[15:44:37.553] -1217.00,-1547.00,-886.00
[15:44:37.594] -1217.00,-1531.00,-915.00
[15:44:37.634] -1196.00,-1486.00,-1010.00
[15:44:37.673] -1153.00,-1455.00,-1131.00
[15:44:37.713] -1135.00,-1438.00,-1203.00
[15:44:37.753] -1102.00,-1420.00,-1306.00
[15:44:37.793] -1015.00,-1400.00,-1412.00
[15:44:37.834] -982.00,-1447.00,-1538.00
[15:44:37.873] -902.00,-1426.00,-1628.00
[15:44:37.912] -818.00,-1381.00,-1672.00
[15:44:37.954] -767.00,-1350.00,-1732.00
[15:44:37.993] -733.00,-1365.00,-1788.00
[15:44:38.033] -718.00,-1333.00,-1803.00
[15:44:38.075] -705.00,-1326.00,-1808.00
[15:44:38.113] -705.00,-1326.00,-1808.00
[15:44:38.153] -702.00,-1331.00,-1815.00
[15:44:38.193] -675.00,-1355.00,-1803.00
[15:44:38.232] -687.00,-1355.00,-1801.00
[15:44:38.273] -697.00,-1352.00,-1806.00
[15:44:38.314] -682.00,-1350.00,-1801.00
[15:44:38.353] -682.00,-1346.00,-1801.00
[15:44:38.394] -685.00,-1360.00,-1842.00
[15:44:38.433] -670.00,-1365.00,-1827.00
[15:44:38.473] -680.00,-1350.00,-1808.00
[15:44:38.501] -690.00,-1372.00,-1781.00
[15:44:38.554] -743.00,-1393.00,-1773.00
[15:44:38.594] -741.00,-1400.00,-1786.00
[15:44:38.634] -818.00,-1362.00,-1770.00
[15:44:38.674] -863.00,-1288.00,-1755.00
[15:44:38.713] -897.00,-1207.00,-1735.00
[15:44:38.753] -936.00,-1117.00,-1713.00
[15:44:38.793] -951.00,-1006.00,-1691.00
[15:44:38.835] -953.00,-932.00,-1696.00
[15:44:38.873] -963.00,-901.00,-1745.00
[15:44:38.913] -938.00,-830.00,-1716.00
[15:44:38.952] -963.00,-801.00,-1747.00
[15:44:38.994] -951.00,-730.00,-1755.00
[15:44:39.034] -956.00,-706.00,-1750.00
[15:44:39.073] -963.00,-656.00,-1732.00
[15:44:39.113] -956.00,-616.00,-1687.00
[15:44:39.153] -982.00,-535.00,-1652.00
[15:44:39.195] -982.00,-466.00,-1631.00
[15:44:39.233] -995.00,-407.00,-1616.00
[15:44:39.273] -992.00,-345.00,-1597.00
[15:44:39.313] -961.00,-266.00,-1558.00
[15:44:39.354] -946.00,-233.00,-1577.00
[15:44:39.393] -890.00,-168.00,-1548.00
[15:44:39.432] -871.00,-126.00,-1577.00
[15:44:39.473] -836.00,-91.00,-1570.00
[15:44:39.514] -790.00,-83.00,-1595.00
[15:44:39.553] -746.00,-50.00,-1595.00
[15:44:39.593] -738.00,-52.00,-1611.00
[15:44:39.633] -733.00,-38.00,-1638.00
[15:44:39.673] -741.00,-43.00,-1633.00
[15:44:39.715] -748.00,-52.00,-1608.00
[15:44:39.754] -761.00,-62.00,-1631.00
[15:44:39.793] -780.00,-78.00,-1613.00
[15:44:39.832] -826.00,-112.00,-1631.00
[15:44:39.876] -848.00,-145.00,-1592.00
[15:44:39.913] -895.00,-191.00,-1592.00
[15:44:39.953] -922.00,-268.00,-1582.00
[15:44:39.993] -1015.00,-390.00,-1600.00
[15:44:40.033] -1051.00,-516.00,-1608.00
[15:44:40.073] -1068.00,-675.00,-1602.00
[15:44:40.113] -1071.00,-727.00,-1605.00
[15:44:40.153] -1032.00,-953.00,-1623.00
[15:44:40.192] -1017.00,-1022.00,-1655.00
[15:44:40.233] -958.00,-1093.00,-1685.00
[15:44:40.273] -895.00,-1136.00,-1742.00
[15:44:40.313] -858.00,-1175.00,-1796.00
[15:44:40.354] -823.00,-1212.00,-1830.00
[15:44:40.395] -751.00,-1201.00,-1815.00
[15:44:40.433] -748.00,-1220.00,-1842.00
[15:44:40.473] -738.00,-1217.00,-1817.00
[15:44:40.513] -753.00,-1241.00,-1858.00
[15:44:40.554] -746.00,-1238.00,-1863.00
[15:44:40.595] -746.00,-1251.00,-1878.00
[15:44:40.633] -738.00,-1260.00,-1873.00
[15:44:40.674] -702.00,-1331.00,-1878.00
[15:44:40.712] -657.00,-1372.00,-1876.00
[15:44:40.754] -577.00,-1426.00,-1852.00
[15:44:40.793] -493.00,-1518.00,-1856.00
[15:44:40.833] -437.00,-1600.00,-1815.00
[15:44:40.873] -327.00,-1655.00,-1817.00
[15:44:40.914] -267.00,-1707.00,-1852.00
[15:44:40.953] -201.00,-1678.00,-1886.00
[15:44:40.980] -125.00,-1642.00,-1910.00
[15:44:41.033] -73.00,-1650.00,-1907.00
[15:44:41.075] -22.00,-1621.00,-1912.00
[15:44:41.113] 12.00,-1588.00,-1893.00
[15:44:41.153] 40.00,-1610.00,-1876.00
[15:44:41.194] 81.00,-1650.00,-1888.00
[15:44:41.233] 86.00,-1673.00,-1876.00
[15:44:41.274] 86.00,-1657.00,-1825.00
[15:44:41.313] 76.00,-1652.00,-1825.00
[15:44:41.353] 22.00,-1642.00,-1871.00
[15:44:41.393] -37.00,-1607.00,-1863.00
[15:44:41.433] -166.00,-1550.00,-1876.00
[15:44:41.474] -308.00,-1488.00,-1868.00
[15:44:41.513] -431.00,-1415.00,-1873.00
[15:44:41.553] -547.00,-1367.00,-1878.00
[15:44:41.595] -651.00,-1320.00,-1852.00
[15:44:41.634] -687.00,-1272.00,-1820.00
[15:44:41.674] -765.00,-1238.00,-1806.00
[15:44:41.713] -836.00,-1251.00,-1806.00
[15:44:41.753] -890.00,-1231.00,-1773.00
[15:44:41.793] -892.00,-1212.00,-1726.00
[15:44:41.833] -912.00,-1246.00,-1765.00
[15:44:41.873] -912.00,-1236.00,-1773.00
[15:44:41.913] -936.00,-1215.00,-1788.00
[15:44:41.953] -925.00,-1191.00,-1783.00
[15:44:41.995] -892.00,-1162.00,-1767.00
[15:44:42.033] -900.00,-1153.00,-1778.00
[15:44:42.074] -933.00,-1181.00,-1793.00
[15:44:42.112] -925.00,-1167.00,-1798.00
[15:44:42.154] -922.00,-1162.00,-1798.00
[15:44:42.193] -971.00,-1136.00,-1781.00
[15:44:42.234] -1012.00,-1051.00,-1723.00
[15:44:42.271] -1078.00,-1003.00,-1670.00
[15:44:42.314] -1120.00,-861.00,-1590.00
[15:44:42.354] -1135.00,-751.00,-1548.00
[15:44:42.393] -1146.00,-661.00,-1541.00
[15:44:42.433] -1151.00,-573.00,-1558.00
[15:44:42.472] -1125.00,-502.00,-1561.00
[15:44:42.513] -1100.00,-428.00,-1570.00
[15:44:42.553] -1051.00,-395.00,-1590.00
[15:44:42.593] -1005.00,-347.00,-1577.00
[15:44:42.633] -1000.00,-331.00,-1616.00
[15:44:42.675] -982.00,-313.00,-1638.00
[15:44:42.713] -968.00,-283.00,-1600.00
[15:44:42.754] -973.00,-283.00,-1582.00
[15:44:42.793] -990.00,-295.00,-1572.00
[15:44:42.822] -1020.00,-310.00,-1580.00
[15:44:42.873] -1048.00,-350.00,-1577.00
[15:44:42.913] -1095.00,-437.00,-1575.00
[15:44:42.952] -1100.00,-506.00,-1533.00
[15:44:42.993] -1125.00,-566.00,-1515.00
[15:44:43.035] -1166.00,-725.00,-1570.00
[15:44:43.073] -1153.00,-825.00,-1587.00
[15:44:43.114] -1092.00,-890.00,-1631.00
[15:44:43.153] -1056.00,-965.00,-1713.00
[15:44:43.193] -966.00,-991.00,-1820.00
[15:44:43.233] -877.00,-991.00,-1893.00
[15:44:43.274] -767.00,-946.00,-1922.00
[15:44:43.313] -713.00,-943.00,-1958.00
[15:44:43.354] -718.00,-946.00,-2012.00
[15:44:43.393] -680.00,-967.00,-1990.00
[15:44:43.434] -665.00,-1003.00,-1987.00
[15:44:43.473] -677.00,-1038.00,-2026.00
[15:44:43.512] -672.00,-1043.00,-1997.00
[15:44:43.554] -651.00,-1046.00,-2005.00
[15:44:43.593] -655.00,-1035.00,-1995.00
[15:44:43.635] -670.00,-1056.00,-2010.00
[15:44:43.672] -675.00,-1086.00,-2065.00
[15:44:43.714] -675.00,-1103.00,-2012.00
[15:44:43.754] -675.00,-1110.00,-1982.00
[15:44:43.793] -665.00,-1170.00,-2021.00
[15:44:43.833] -641.00,-1212.00,-1971.00
[15:44:43.872] -631.00,-1283.00,-1961.00
[15:44:43.914] -587.00,-1350.00,-1951.00
[15:44:43.942] -462.00,-1465.00,-1973.00
[15:44:43.993] -355.00,-1536.00,-1932.00
[15:44:44.032] -237.00,-1668.00,-1943.00
[15:44:44.074] -93.00,-1690.00,-1873.00
[15:44:44.113] 25.00,-1687.00,-1871.00
[15:44:44.153] 112.00,-1666.00,-1925.00
[15:44:44.194] 196.00,-1588.00,-1917.00
[15:44:44.234] 296.00,-1552.00,-1910.00
[15:44:44.274] 352.00,-1545.00,-1893.00
[15:44:44.313] 360.00,-1518.00,-1905.00
[15:44:44.354] 370.00,-1483.00,-1922.00
[15:44:44.392] 350.00,-1450.00,-1946.00
[15:44:44.433] 340.00,-1473.00,-1966.00
[15:44:44.474] 330.00,-1455.00,-1943.00
[15:44:44.513] 337.00,-1512.00,-1966.00
[15:44:44.552] 330.00,-1491.00,-1961.00
[15:44:44.594] 327.00,-1486.00,-1938.00
[15:44:44.633] 311.00,-1497.00,-1932.00
[15:44:44.673] 321.00,-1515.00,-1966.00
[15:44:44.713] 311.00,-1518.00,-1958.00
[15:44:44.755] 303.00,-1521.00,-1968.00
[15:44:44.794] 301.00,-1495.00,-1930.00
[15:44:44.834] 316.00,-1505.00,-1961.00
[15:44:44.873] 306.00,-1518.00,-1973.00
[15:44:44.913] 288.00,-1488.00,-1930.00
[15:44:44.955] 281.00,-1550.00,-1953.00
[15:44:44.993] 257.00,-1600.00,-1930.00
[15:44:45.033] 183.00,-1645.00,-1915.00
[15:44:45.072] 96.00,-1678.00,-1902.00
[15:44:45.115] -56.00,-1645.00,-1863.00
[15:44:45.153] -137.00,-1628.00,-1876.00
[15:44:45.193] -235.00,-1578.00,-1891.00
[15:44:45.233] -538.00,-1436.00,-1922.00
[15:44:45.272] -631.00,-1360.00,-1863.00
[15:44:45.314] -700.00,-1343.00,-1876.00
[15:44:45.353] -765.00,-1376.00,-1840.00
[15:44:45.393] -807.00,-1386.00,-1811.00
[15:44:45.433] -831.00,-1383.00,-1798.00
[15:44:45.462] -823.00,-1355.00,-1776.00
[15:44:45.513] -807.00,-1331.00,-1793.00
[15:44:45.553] -815.00,-1357.00,-1820.00
[15:44:45.593] -805.00,-1310.00,-1817.00
[15:44:45.633] -802.00,-1281.00,-1827.00
[15:44:45.661] -797.00,-1251.00,-1835.00
[15:44:45.713] -812.00,-1241.00,-1830.00
[15:44:45.753] -818.00,-1281.00,-1858.00
[15:44:45.792] -821.00,-1272.00,-1858.00
[15:44:45.833] -810.00,-1288.00,-1866.00
[15:44:45.873] -802.00,-1291.00,-1858.00
[15:44:45.913] -802.00,-1288.00,-1856.00
[15:44:45.952] -797.00,-1267.00,-1827.00
[15:44:45.993] -810.00,-1312.00,-1858.00
[15:44:46.033] -812.00,-1288.00,-1861.00
[15:44:46.073] -831.00,-1260.00,-1850.00
[15:44:46.113] -863.00,-1225.00,-1832.00
[15:44:46.153] -933.00,-1130.00,-1786.00
[15:44:46.194] -963.00,-1067.00,-1740.00
[15:44:46.232] -1025.00,-932.00,-1682.00
[15:44:46.274] -1053.00,-837.00,-1652.00
[15:44:46.314] -1038.00,-695.00,-1631.00
[15:44:46.353] -1027.00,-632.00,-1672.00
[15:44:46.393] -976.00,-545.00,-1650.00
[15:44:46.433] -920.00,-492.00,-1682.00
[15:44:46.473] -907.00,-405.00,-1698.00
[15:44:46.515] -885.00,-326.00,-1701.00
[15:44:46.553] -800.00,-238.00,-1701.00
[15:44:46.594] -713.00,-168.00,-1701.00
[15:44:46.620] -633.00,-91.00,-1706.00
[15:44:46.671] -543.00,-10.00,-1675.00
[15:44:46.714] -528.00,-7.00,-1677.00
[15:44:46.753] -465.00,31.00,-1698.00
[15:44:46.794] -470.00,31.00,-1672.00
[15:44:46.833] -445.00,28.00,-1713.00
[15:44:46.873] -413.00,0.00,-1703.00
[15:44:46.914] -383.00,-36.00,-1732.00
[15:44:46.953] -365.00,-62.00,-1750.00
[15:44:46.993] -357.00,-62.00,-1773.00
[15:44:47.034] -340.00,-60.00,-1750.00
[15:44:47.074] -332.00,-62.00,-1798.00
[15:44:47.113] -323.00,-57.00,-1781.00
[15:44:47.152] -313.00,-60.00,-1765.00
[15:44:47.195] -323.00,-50.00,-1796.00
[15:44:47.234] -327.00,-67.00,-1801.00
[15:44:47.273] -360.00,-67.00,-1783.00
[15:44:47.313] -383.00,-57.00,-1783.00
[15:44:47.352] -447.00,-76.00,-1732.00
[15:44:47.394] -516.00,-107.00,-1713.00
[15:44:47.433] -590.00,-136.00,-1701.00
[15:44:47.473] -685.00,-197.00,-1691.00
[15:44:47.514] -775.00,-266.00,-1655.00
[15:44:47.552] -848.00,-340.00,-1675.00
[15:44:47.595] -922.00,-482.00,-1667.00
[15:44:47.634] -995.00,-587.00,-1685.00
[15:44:47.673] -1027.00,-703.00,-1696.00
[15:44:47.711] -1010.00,-827.00,-1726.00
[15:44:47.753] -987.00,-866.00,-1721.00
[15:44:47.795] -973.00,-965.00,-1793.00
[15:44:47.833] -931.00,-1003.00,-1822.00
[15:44:47.872] -900.00,-1053.00,-1856.00
[15:44:47.913] -856.00,-1041.00,-1852.00
[15:44:47.953] -846.00,-1022.00,-1866.00
[15:44:47.993] -836.00,-1046.00,-1868.00
[15:44:48.032] -848.00,-1070.00,-1902.00
[15:44:48.074] -848.00,-1077.00,-1883.00
[15:44:48.114] -831.00,-1058.00,-1856.00
[15:44:48.153] -836.00,-1058.00,-1858.00
[15:44:48.193] -843.00,-1093.00,-1871.00
[15:44:48.232] -843.00,-1106.00,-1886.00
[15:44:48.261] -861.00,-1127.00,-1852.00
[15:44:48.314] -848.00,-1151.00,-1863.00
[15:44:48.353] -841.00,-1148.00,-1835.00
[15:44:48.395] -853.00,-1186.00,-1856.00
[15:44:48.432] -851.00,-1167.00,-1830.00
[15:44:48.474] -861.00,-1167.00,-1820.00
[15:44:48.514] -863.00,-1188.00,-1850.00
[15:44:48.553] -880.00,-1193.00,-1815.00
[15:44:48.592] -892.00,-1203.00,-1835.00
[15:44:48.633] -877.00,-1217.00,-1832.00
[15:44:48.673] -880.00,-1236.00,-1827.00
[15:44:48.713] -866.00,-1233.00,-1786.00
[15:44:48.754] -882.00,-1272.00,-1852.00
[15:44:48.794] -895.00,-1307.00,-1822.00
[15:44:48.834] -890.00,-1362.00,-1803.00
[15:44:48.873] -851.00,-1441.00,-1778.00
[15:44:48.912] -805.00,-1507.00,-1778.00
[15:44:48.954] -718.00,-1621.00,-1762.00
[15:44:48.994] -623.00,-1713.00,-1742.00
[15:44:49.035] -562.00,-1802.00,-1713.00
[15:44:49.073] -506.00,-1842.00,-1677.00
[15:44:49.114] -445.00,-1800.00,-1698.00
[15:44:49.155] -391.00,-1781.00,-1718.00
[15:44:49.193] -313.00,-1776.00,-1781.00
[15:44:49.233] -191.00,-1750.00,-1786.00
[15:44:49.272] -157.00,-1795.00,-1811.00
[15:44:49.313] -68.00,-1823.00,-1806.00
[15:44:49.353] -5.00,-1813.00,-1817.00
[15:44:49.393] 27.00,-1795.00,-1815.00
[15:44:49.433] 40.00,-1778.00,-1817.00
[15:44:49.472] 58.00,-1790.00,-1840.00
[15:44:49.514] 50.00,-1763.00,-1840.00
[15:44:49.553] 42.00,-1755.00,-1845.00
[15:44:49.593] 40.00,-1755.00,-1845.00
[15:44:49.633] 32.00,-1745.00,-1806.00
[15:44:49.674] 47.00,-1766.00,-1830.00
[15:44:49.713] 47.00,-1731.00,-1803.00
[15:44:49.753] 27.00,-1766.00,-1861.00
[15:44:49.793] 27.00,-1766.00,-1861.00
[15:44:49.832] 20.00,-1710.00,-1837.00
[15:44:49.874] 22.00,-1728.00,-1878.00
[15:44:49.913] 32.00,-1692.00,-1847.00
[15:44:49.940] 30.00,-1710.00,-1876.00
[15:44:49.992] 37.00,-1713.00,-1888.00
[15:44:50.034] 40.00,-1681.00,-1888.00
[15:44:50.075] 56.00,-1687.00,-1905.00
[15:44:50.113] 63.00,-1668.00,-1912.00
[15:44:50.153] 68.00,-1652.00,-1935.00
[15:44:50.194] 68.00,-1628.00,-1946.00
[15:44:50.233] 63.00,-1621.00,-1961.00
[15:44:50.273] 71.00,-1607.00,-1953.00
[15:44:50.313] 68.00,-1612.00,-1966.00
[15:44:50.354] 63.00,-1600.00,-1920.00
[15:44:50.394] 86.00,-1650.00,-1935.00
[15:44:50.434] 83.00,-1623.00,-1905.00
[15:44:50.473] 86.00,-1616.00,-1907.00
[15:44:50.515] 96.00,-1640.00,-1963.00
[15:44:50.553] 115.00,-1612.00,-1958.00
[15:44:50.595] 115.00,-1592.00,-1976.00
[15:44:50.632] 140.00,-1562.00,-1997.00
[15:44:50.673] 160.00,-1557.00,-1987.00
[15:44:50.713] 166.00,-1545.00,-1976.00
[15:44:50.754] 166.00,-1555.00,-1987.00
[15:44:50.793] 166.00,-1565.00,-1985.00
[15:44:50.834] 163.00,-1547.00,-1951.00
[15:44:50.871] 163.00,-1560.00,-1953.00
[15:44:50.914] 166.00,-1562.00,-1927.00
[15:44:50.953] 168.00,-1550.00,-1938.00
[15:44:50.994] 168.00,-1560.00,-1935.00
[15:44:51.033] 178.00,-1595.00,-1963.00
[15:44:51.073] 173.00,-1568.00,-1946.00
[15:44:51.101] 171.00,-1560.00,-1935.00
[15:44:51.153] 176.00,-1552.00,-1938.00
[15:44:51.193] 171.00,-1583.00,-1976.00
[15:44:51.232] 181.00,-1583.00,-1951.00
[15:44:51.274] 171.00,-1560.00,-1953.00
[15:44:51.313] 160.00,-1595.00,-1966.00
[15:44:51.353] 112.00,-1607.00,-1995.00
[15:44:51.392] 78.00,-1578.00,-1985.00
[15:44:51.434] -10.00,-1536.00,-1953.00
[15:44:51.474] -142.00,-1562.00,-1990.00
[15:44:51.513] -245.00,-1565.00,-1976.00
[15:44:51.553] -367.00,-1576.00,-1925.00
[15:44:51.593] -475.00,-1562.00,-1847.00
[15:44:51.621] -565.00,-1616.00,-1835.00
[15:44:51.674] -665.00,-1565.00,-1796.00
[15:44:51.713] -787.00,-1523.00,-1762.00
[15:44:51.753] -838.00,-1420.00,-1760.00
[15:44:51.794] -871.00,-1407.00,-1767.00
[15:44:51.834] -915.00,-1241.00,-1781.00
[15:44:51.873] -922.00,-1183.00,-1781.00
[15:44:51.913] -948.00,-1151.00,-1776.00
[15:44:51.956] -946.00,-1106.00,-1726.00
[15:44:51.993] -976.00,-1093.00,-1735.00
[15:44:52.033] -968.00,-1098.00,-1732.00
[15:44:52.074] -976.00,-1125.00,-1765.00
[15:44:52.114] -990.00,-1120.00,-1762.00
[15:44:52.154] -968.00,-1103.00,-1750.00
[15:44:52.193] -976.00,-1110.00,-1762.00
[15:44:52.233] -987.00,-1096.00,-1755.00
[15:44:52.273] -971.00,-1112.00,-1752.00
[15:44:52.314] -968.00,-1091.00,-1728.00
[15:44:52.354] -966.00,-1130.00,-1735.00
[15:44:52.394] -953.00,-1207.00,-1757.00
[15:44:52.433] -917.00,-1296.00,-1767.00
[15:44:52.473] -792.00,-1410.00,-1781.00
[15:44:52.513] -700.00,-1495.00,-1817.00
[15:44:52.553] -552.00,-1571.00,-1827.00
[15:44:52.593] -418.00,-1621.00,-1847.00
[15:44:52.633] -262.00,-1626.00,-1847.00
[15:44:52.674] -110.00,-1663.00,-1888.00
[15:44:52.714] -20.00,-1655.00,-1888.00
[15:44:52.753] 81.00,-1616.00,-1856.00
[15:44:52.793] 176.00,-1597.00,-1907.00
[15:44:52.834] 216.00,-1531.00,-1891.00
[15:44:52.873] 288.00,-1500.00,-1910.00
[15:44:52.913] 342.00,-1521.00,-1922.00
[15:44:52.953] 388.00,-1491.00,-1861.00
[15:44:52.992] 447.00,-1560.00,-1871.00
[15:44:53.035] 462.00,-1576.00,-1842.00
[15:44:53.073] 452.00,-1586.00,-1842.00
[15:44:53.101] 450.00,-1588.00,-1832.00
[15:44:53.153] 428.00,-1623.00,-1822.00
[15:44:53.192] 433.00,-1628.00,-1806.00
[15:44:53.222] 408.00,-1626.00,-1762.00
[15:44:53.273] 398.00,-1645.00,-1757.00
[15:44:53.313] 383.00,-1666.00,-1755.00
[15:44:53.352] 401.00,-1697.00,-1781.00
[15:44:53.393] 388.00,-1668.00,-1742.00
[15:44:53.433] 393.00,-1657.00,-1723.00
[15:44:53.473] 401.00,-1683.00,-1773.00
[15:44:53.512] 393.00,-1681.00,-1770.00
[15:44:53.554] 388.00,-1681.00,-1781.00
[15:44:53.594] 377.00,-1695.00,-1788.00
[15:44:53.634] 393.00,-1655.00,-1776.00
[15:44:53.673] 393.00,-1655.00,-1803.00
[15:44:53.711] 367.00,-1623.00,-1767.00
[15:44:53.754] 380.00,-1640.00,-1773.00
[15:44:53.793] 365.00,-1650.00,-1793.00
[15:44:53.833] 393.00,-1657.00,-1801.00
[15:44:53.873] 370.00,-1626.00,-1781.00
[15:44:53.913] 386.00,-1650.00,-1803.00
[15:44:53.953] 386.00,-1652.00,-1803.00
[15:44:53.993] 401.00,-1650.00,-1806.00
[15:44:54.032] 403.00,-1647.00,-1803.00
[15:44:54.073] 391.00,-1647.00,-1808.00
[15:44:54.113] 416.00,-1650.00,-1773.00
[15:44:54.153] 406.00,-1647.00,-1803.00
[15:44:54.180] 396.00,-1666.00,-1808.00
[15:44:54.233] 375.00,-1663.00,-1801.00
[15:44:54.275] 347.00,-1702.00,-1793.00
[15:44:54.314] 265.00,-1692.00,-1778.00
[15:44:54.353] 191.00,-1705.00,-1796.00
[15:44:54.393] 40.00,-1707.00,-1842.00
[15:44:54.432] -103.00,-1687.00,-1858.00
[15:44:54.473] -252.00,-1610.00,-1840.00
[15:44:54.514] -418.00,-1602.00,-1868.00
[15:44:54.553] -575.00,-1552.00,-1825.00
[15:44:54.593] -695.00,-1502.00,-1791.00
[15:44:54.634] -767.00,-1417.00,-1752.00
[15:44:54.673] -831.00,-1310.00,-1760.00
[15:44:54.712] -902.00,-1193.00,-1786.00
[15:44:54.752] -943.00,-1065.00,-1781.00
[15:44:54.794] -968.00,-980.00,-1770.00
[15:44:54.833] -1000.00,-980.00,-1757.00
[15:44:54.873] -985.00,-961.00,-1726.00
[15:44:54.912] -1012.00,-972.00,-1696.00
[15:44:54.952] -1046.00,-998.00,-1737.00
[15:44:54.994] -1017.00,-1006.00,-1735.00
[15:44:55.035] -1030.00,-1001.00,-1740.00
[15:44:55.073] -1017.00,-1003.00,-1735.00
[15:44:55.113] -1010.00,-1012.00,-1752.00
[15:44:55.153] -987.00,-980.00,-1708.00
[15:44:55.193] -978.00,-988.00,-1713.00
[15:44:55.234] -976.00,-980.00,-1718.00
[15:44:55.273] -976.00,-980.00,-1721.00
[15:44:55.312] -982.00,-993.00,-1713.00
[15:44:55.355] -997.00,-1015.00,-1757.00
[15:44:55.393] -1000.00,-1003.00,-1728.00
[15:44:55.433] -995.00,-1003.00,-1723.00
[15:44:55.473] -1007.00,-1015.00,-1742.00
[15:44:55.513] -995.00,-1003.00,-1716.00
[15:44:55.553] -987.00,-1001.00,-1701.00
[15:44:55.594] -990.00,-1001.00,-1723.00
[15:44:55.633] -985.00,-1006.00,-1708.00
[15:44:55.674] -990.00,-1008.00,-1716.00
[15:44:55.714] -1002.00,-1027.00,-1747.00
[15:44:55.753] -985.00,-1006.00,-1708.00
[15:44:55.793] -973.00,-1025.00,-1721.00
[15:44:55.833] -1005.00,-1035.00,-1750.00
[15:44:55.873] -990.00,-1022.00,-1721.00
[15:44:55.913] -1012.00,-1046.00,-1742.00
[15:44:55.953] -1017.00,-1053.00,-1747.00
[15:44:55.993] -1022.00,-1067.00,-1713.00
[15:44:56.031] -1032.00,-1082.00,-1721.00
[15:44:56.073] -1035.00,-1088.00,-1718.00
[15:44:56.113] -1025.00,-1110.00,-1723.00
[15:44:56.153] -1020.00,-1120.00,-1728.00
[15:44:56.191] -1002.00,-1122.00,-1740.00
[15:44:56.234] -1010.00,-1143.00,-1752.00
[15:44:56.275] -1000.00,-1130.00,-1757.00
[15:44:56.313] -982.00,-1146.00,-1762.00
[15:44:56.353] -976.00,-1112.00,-1747.00
[15:44:56.393] -976.00,-1112.00,-1747.00
[15:44:56.433] -1041.00,-1127.00,-1752.00
[15:44:56.473] -1038.00,-1117.00,-1735.00
[15:44:56.512] -1051.00,-1122.00,-1693.00
[15:44:56.543] -1088.00,-1117.00,-1718.00
[15:44:56.593] -1088.00,-1127.00,-1713.00
[15:44:56.633] -1076.00,-1120.00,-1713.00
[15:44:56.672] -1083.00,-1110.00,-1716.00
[15:44:56.712] -1092.00,-1120.00,-1728.00
[15:44:56.753] -1086.00,-1098.00,-1721.00
[15:44:56.793] -1095.00,-1112.00,-1701.00
[15:44:56.833] -1107.00,-1133.00,-1713.00
[15:44:56.874] -1100.00,-1151.00,-1713.00
[15:44:56.913] -1102.00,-1167.00,-1713.00
[15:44:56.953] -1088.00,-1181.00,-1726.00
[15:44:56.993] -1061.00,-1175.00,-1706.00
[15:44:57.034] -1073.00,-1183.00,-1742.00
[15:44:57.072] -1068.00,-1160.00,-1752.00
[15:44:57.114] -1051.00,-1138.00,-1711.00
[15:44:57.154] -1048.00,-1120.00,-1706.00
[15:44:57.192] -1081.00,-1136.00,-1760.00
[15:44:57.233] -1081.00,-1127.00,-1762.00
[15:44:57.274] -1081.00,-1122.00,-1747.00
[15:44:57.313] -1083.00,-1122.00,-1726.00
[15:44:57.353] -1083.00,-1096.00,-1728.00
[15:44:57.393] -1097.00,-1120.00,-1742.00
[15:44:57.434] -1105.00,-1133.00,-1745.00
[15:44:57.473] -1081.00,-1112.00,-1693.00
[15:44:57.513] -1097.00,-1125.00,-1682.00
[15:44:57.552] -1120.00,-1143.00,-1721.00
[15:44:57.592] -1107.00,-1122.00,-1706.00
[15:44:57.633] -1097.00,-1096.00,-1670.00
[15:44:57.673] -1125.00,-1120.00,-1691.00
[15:44:57.713] -1110.00,-1133.00,-1685.00
[15:44:57.751] -1120.00,-1138.00,-1687.00
[15:44:57.794] -1142.00,-1153.00,-1682.00
[15:44:57.833] -1112.00,-1138.00,-1672.00
[15:44:57.873] -1127.00,-1153.00,-1670.00
[15:44:57.912] -1122.00,-1196.00,-1665.00
[15:44:57.952] -1110.00,-1298.00,-1662.00
[15:44:57.995] -1048.00,-1426.00,-1662.00
[15:44:58.034] -948.00,-1541.00,-1626.00
[15:44:58.074] -802.00,-1752.00,-1680.00
[15:44:58.113] -646.00,-1852.00,-1665.00
[15:44:58.140] -498.00,-1930.00,-1696.00
[15:44:58.193] -360.00,-1980.00,-1713.00
[15:44:58.233] -208.00,-2003.00,-1713.00
[15:44:58.272] -86.00,-2011.00,-1721.00
[15:44:58.313] 27.00,-2056.00,-1713.00
[15:44:58.353] 93.00,-2032.00,-1698.00
[15:44:58.393] 166.00,-2063.00,-1685.00
[15:44:58.433] 193.00,-2063.00,-1672.00
[15:44:58.473] 247.00,-2013.00,-1652.00
[15:44:58.513] 291.00,-2008.00,-1698.00
[15:44:58.554] 296.00,-1968.00,-1752.00
[15:44:58.593] 311.00,-1942.00,-1770.00
[15:44:58.633] 306.00,-1913.00,-1806.00
[15:44:58.671] 281.00,-1890.00,-1832.00
[15:44:58.713] 288.00,-1866.00,-1835.00
[15:44:58.753] 265.00,-1847.00,-1825.00
[15:44:58.794] 276.00,-1868.00,-1856.00
[15:44:58.832] 273.00,-1856.00,-1840.00
[15:44:58.874] 265.00,-1873.00,-1850.00
[15:44:58.913] 281.00,-1863.00,-1858.00
[15:44:58.953] 288.00,-1878.00,-1856.00
[15:44:58.993] 298.00,-1866.00,-1798.00
[15:44:59.032] 313.00,-1885.00,-1773.00
[15:44:59.073] 347.00,-1918.00,-1786.00
[15:44:59.113] 350.00,-1923.00,-1765.00
[15:44:59.152] 352.00,-1921.00,-1762.00
[15:44:59.191] 360.00,-1892.00,-1745.00
[15:44:59.233] 357.00,-1892.00,-1750.00
[15:44:59.273] 357.00,-1923.00,-1791.00
[15:44:59.313] 362.00,-1918.00,-1778.00
[15:44:59.351] 362.00,-1871.00,-1765.00
[15:44:59.395] 362.00,-1878.00,-1750.00
[15:44:59.433] 352.00,-1885.00,-1762.00
[15:44:59.473] 347.00,-1906.00,-1757.00
[15:44:59.512] 340.00,-1932.00,-1788.00
[15:44:59.541] 362.00,-1930.00,-1791.00
[15:44:59.593] 375.00,-1923.00,-1803.00
[15:44:59.633] 401.00,-1913.00,-1796.00
[15:44:59.673] 428.00,-1895.00,-1793.00
[15:44:59.713] 445.00,-1900.00,-1798.00
[15:44:59.753] 465.00,-1906.00,-1793.00
[15:44:59.795] 475.00,-1892.00,-1783.00
[15:44:59.833] 457.00,-1856.00,-1783.00
[15:44:59.873] 475.00,-1892.00,-1793.00
[15:44:59.913] 493.00,-1878.00,-1817.00
[15:44:59.953] 472.00,-1861.00,-1803.00
[15:44:59.993] 498.00,-1878.00,-1861.00
[15:45:00.020] 487.00,-1823.00,-1842.00
[15:45:00.072] 493.00,-1847.00,-1905.00
[15:45:00.114] 503.00,-1813.00,-1883.00
[15:45:00.153] 516.00,-1821.00,-1876.00
[15:45:00.179] 543.00,-1852.00,-1873.00
[15:45:00.232] 577.00,-1897.00,-1871.00
[15:45:00.273] 597.00,-1887.00,-1803.00
[15:45:00.301] 643.00,-1923.00,-1765.00
[15:45:00.353] 670.00,-1945.00,-1745.00
[15:45:00.393] 726.00,-1995.00,-1762.00
[15:45:00.432] 726.00,-1950.00,-1745.00
[15:45:00.474] 726.00,-1973.00,-1791.00
[15:45:00.515] 697.00,-1945.00,-1832.00
[15:45:00.553] 718.00,-1923.00,-1861.00
[15:45:00.593] 716.00,-1913.00,-1876.00
[15:45:00.634] 702.00,-1873.00,-1868.00
[15:45:00.673] 723.00,-1913.00,-1920.00
[15:45:00.713] 713.00,-1918.00,-1922.00
[15:45:00.753] 711.00,-1911.00,-1932.00
[15:45:00.792] 705.00,-1897.00,-1941.00
[15:45:00.835] 716.00,-1895.00,-1956.00
[15:45:00.873] 713.00,-1897.00,-1963.00
[15:45:00.915] 733.00,-1882.00,-1956.00
[15:45:00.952] 736.00,-1852.00,-1927.00
[15:45:00.993] 758.00,-1878.00,-1953.00
[15:45:01.034] 748.00,-1871.00,-1956.00
[15:45:01.073] 743.00,-1861.00,-1971.00
[15:45:01.113] 721.00,-1842.00,-1930.00
[15:45:01.154] 761.00,-1861.00,-1961.00
[15:45:01.193] 751.00,-1847.00,-1968.00
[15:45:01.233] 738.00,-1863.00,-1980.00
[15:45:01.272] 751.00,-1852.00,-1963.00
[15:45:01.313] 748.00,-1868.00,-1973.00
[15:45:01.353] 741.00,-1861.00,-1990.00
[15:45:01.393] 746.00,-1847.00,-1976.00
[15:45:01.433] 738.00,-1852.00,-1971.00
[15:45:01.473] 741.00,-1863.00,-1990.00
[15:45:01.512] 731.00,-1842.00,-1995.00
[15:45:01.553] 728.00,-1842.00,-1992.00
[15:45:01.593] 718.00,-1850.00,-1987.00
[15:45:01.632] 731.00,-1847.00,-2002.00
[15:45:01.673] 721.00,-1850.00,-1990.00
[15:45:01.714] 728.00,-1861.00,-1997.00
[15:45:01.753] 707.00,-1866.00,-1992.00
[15:45:01.795] 728.00,-1847.00,-1976.00
[15:45:01.831] 718.00,-1873.00,-1971.00
[15:45:01.875] 685.00,-1858.00,-1968.00
[15:45:01.913] 662.00,-1837.00,-1973.00
[15:45:01.953] 621.00,-1826.00,-1951.00
[15:45:01.993] 590.00,-1850.00,-1985.00
[15:45:02.032] 491.00,-1840.00,-1927.00
[15:45:02.074] 485.00,-1861.00,-1938.00
[15:45:02.113] 428.00,-1837.00,-1891.00
[15:45:02.152] 408.00,-1842.00,-1888.00
[15:45:02.193] 360.00,-1866.00,-1912.00
[15:45:02.234] 332.00,-1856.00,-1902.00
[15:45:02.273] 308.00,-1863.00,-1902.00
[15:45:02.312] 291.00,-1832.00,-1858.00
[15:45:02.353] 283.00,-1856.00,-1840.00
[15:45:02.392] 260.00,-1871.00,-1858.00
[15:45:02.433] 235.00,-1871.00,-1815.00
[15:45:02.473] 216.00,-1902.00,-1861.00
[15:45:02.512] 196.00,-1921.00,-1837.00
[15:45:02.552] 191.00,-1930.00,-1822.00
[15:45:02.595] 186.00,-1945.00,-1806.00
[15:45:02.634] 191.00,-1956.00,-1773.00
[15:45:02.673] 191.00,-1940.00,-1740.00
[15:45:02.714] 208.00,-1956.00,-1762.00
[15:45:02.753] 220.00,-1966.00,-1762.00
[15:45:02.793] 216.00,-1966.00,-1752.00
[15:45:02.833] 213.00,-1956.00,-1760.00
[15:45:02.873] 203.00,-1956.00,-1745.00
[15:45:02.939] 196.00,-1966.00,-1747.00
[15:45:02.942] 206.00,-1985.00,-1750.00
[15:45:02.993] 206.00,-1985.00,-1750.00
[15:45:03.032] 206.00,-1982.00,-1737.00
[15:45:03.072] 211.00,-2001.00,-1723.00
[15:45:03.113] 211.00,-1997.00,-1708.00
[15:45:03.153] 216.00,-2006.00,-1706.00
[15:45:03.193] 222.00,-2001.00,-1721.00
[15:45:03.232] 237.00,-1990.00,-1716.00
[15:45:03.271] 227.00,-1985.00,-1728.00
[15:45:03.313] 237.00,-2003.00,-1732.00
[15:45:03.353] 245.00,-1973.00,-1728.00
[15:45:03.393] 240.00,-1977.00,-1732.00
[15:45:03.431] 252.00,-1973.00,-1735.00
[15:45:03.474] 257.00,-1985.00,-1737.00
[15:45:03.513] 262.00,-1977.00,-1737.00
[15:45:03.553] 260.00,-1973.00,-1723.00
[15:45:03.581] 281.00,-1968.00,-1723.00
[15:45:03.623] 291.00,-1980.00,-1723.00
[15:45:03.674] 303.00,-1980.00,-1723.00
[15:45:03.713] 296.00,-1937.00,-1696.00
[15:45:03.753] 316.00,-1982.00,-1721.00
[15:45:03.793] 313.00,-1945.00,-1696.00
[15:45:03.834] 311.00,-1958.00,-1698.00
[15:45:03.874] 332.00,-1968.00,-1723.00
[15:45:03.913] 327.00,-1987.00,-1716.00
[15:45:03.952] 301.00,-1977.00,-1708.00
[15:45:03.993] 301.00,-1971.00,-1728.00
[15:45:04.033] 288.00,-1982.00,-1737.00
[15:45:04.073] 270.00,-1966.00,-1737.00
[15:45:04.113] 265.00,-1968.00,-1740.00
[15:45:04.153] 281.00,-1937.00,-1723.00
[15:45:04.193] 276.00,-1973.00,-1737.00
[15:45:04.233] 270.00,-1997.00,-1716.00
[15:45:04.274] 291.00,-1973.00,-1713.00
[15:45:04.313] 281.00,-1985.00,-1716.00
[15:45:04.354] 288.00,-1968.00,-1726.00
[15:45:04.393] 308.00,-1985.00,-1708.00
[15:45:04.433] 291.00,-1977.00,-1698.00
[15:45:04.471] 288.00,-1990.00,-1713.00
[15:45:04.511] 283.00,-1982.00,-1706.00
[15:45:04.553] 267.00,-1992.00,-1703.00
[15:45:04.593] 255.00,-1985.00,-1708.00
[15:45:04.634] 267.00,-1985.00,-1711.00
[15:45:04.672] 262.00,-1973.00,-1708.00
[15:45:04.713] 260.00,-1953.00,-1735.00
[15:45:04.753] 257.00,-1966.00,-1735.00
[15:45:04.793] 265.00,-1958.00,-1750.00
[15:45:04.833] 265.00,-1953.00,-1755.00
[15:45:04.871] 265.00,-1935.00,-1765.00
[15:45:04.913] 262.00,-1940.00,-1767.00
[15:45:04.953] 242.00,-1940.00,-1781.00
[15:45:04.992] 250.00,-1921.00,-1781.00
[15:45:05.031] 250.00,-1887.00,-1767.00
[15:45:05.071] 245.00,-1921.00,-1798.00
[15:45:05.113] 237.00,-1892.00,-1808.00
[15:45:05.152] 242.00,-1876.00,-1840.00
[15:45:05.191] 237.00,-1852.00,-1850.00
[15:45:05.231] 245.00,-1852.00,-1876.00
[15:45:05.273] 232.00,-1835.00,-1886.00
[15:45:05.313] 237.00,-1823.00,-1868.00
[15:45:05.353] 206.00,-1813.00,-1863.00
[15:45:05.394] 213.00,-1832.00,-1893.00
[15:45:05.434] 196.00,-1842.00,-1902.00
[15:45:05.473] 193.00,-1835.00,-1902.00
[15:45:05.513] 186.00,-1797.00,-1886.00
[15:45:05.552] 176.00,-1802.00,-1888.00
[15:45:05.594] 206.00,-1818.00,-1920.00
[15:45:05.633] 230.00,-1816.00,-1920.00
[15:45:05.672] 237.00,-1790.00,-1925.00
[15:45:05.711] 255.00,-1805.00,-1932.00
[15:45:05.752] 257.00,-1802.00,-1927.00
[15:45:05.793] 267.00,-1805.00,-1915.00
[15:45:05.833] 296.00,-1805.00,-1930.00
[15:45:05.873] 298.00,-1816.00,-1910.00
[15:45:05.911] 296.00,-1823.00,-1905.00
[15:45:05.954] 321.00,-1816.00,-1910.00
[15:45:05.993] 318.00,-1811.00,-1920.00
[15:45:06.033] 330.00,-1816.00,-1917.00
[15:45:06.074] 335.00,-1811.00,-1930.00
[15:45:06.114] 321.00,-1816.00,-1920.00
[15:45:06.153] 316.00,-1842.00,-1930.00
[15:45:06.193] 318.00,-1842.00,-1905.00
[15:45:06.234] 335.00,-1813.00,-1922.00
[15:45:06.271] 323.00,-1797.00,-1893.00
[15:45:06.313] 318.00,-1792.00,-1888.00
[15:45:06.353] 337.00,-1811.00,-1915.00
[15:45:06.393] 330.00,-1826.00,-1920.00
[15:45:06.431] 340.00,-1832.00,-1912.00
[15:45:06.473] 345.00,-1805.00,-1910.00
[15:45:06.513] 345.00,-1802.00,-1912.00
[15:45:06.553] 345.00,-1828.00,-1920.00
[15:45:06.593] 335.00,-1828.00,-1912.00
[15:45:06.633] 342.00,-1823.00,-1907.00
[15:45:06.673] 350.00,-1816.00,-1912.00
[15:45:06.713] 345.00,-1821.00,-1912.00
[15:45:06.753] 345.00,-1816.00,-1910.00
[15:45:06.793] 357.00,-1821.00,-1893.00
[15:45:06.833] 337.00,-1785.00,-1858.00
[15:45:06.874] 332.00,-1821.00,-1907.00
[15:45:06.913] 323.00,-1821.00,-1902.00
[15:45:06.952] 323.00,-1823.00,-1907.00
[15:45:06.993] 255.00,-1818.00,-1871.00
[15:45:07.034] 237.00,-1840.00,-1907.00
[15:45:07.073] 112.00,-1863.00,-1925.00
[15:45:07.114] -130.00,-1821.00,-1941.00
[15:45:07.152] -311.00,-1742.00,-1968.00
[15:45:07.194] -496.00,-1631.00,-1958.00
[15:45:07.233] -662.00,-1545.00,-1922.00
[15:45:07.273] -810.00,-1462.00,-1888.00
[15:45:07.312] -922.00,-1341.00,-1827.00
[15:45:07.352] -1025.00,-1220.00,-1793.00
[15:45:07.381] -1095.00,-1077.00,-1752.00
[15:45:07.434] -1146.00,-996.00,-1721.00
[15:45:07.472] -1166.00,-917.00,-1682.00
[15:45:07.513] -1191.00,-887.00,-1657.00
[15:45:07.554] -1168.00,-856.00,-1628.00
[15:45:07.593] -1191.00,-858.00,-1641.00
[15:45:07.633] -1191.00,-843.00,-1652.00
[15:45:07.671] -1148.00,-820.00,-1636.00
[15:45:07.713] -1168.00,-827.00,-1670.00
[15:45:07.753] -1166.00,-846.00,-1677.00
[15:45:07.793] -1168.00,-835.00,-1677.00
[15:45:07.832] -1166.00,-825.00,-1672.00
[15:45:07.873] -1158.00,-827.00,-1685.00
[15:45:07.915] -1163.00,-830.00,-1675.00
[15:45:07.953] -1173.00,-825.00,-1670.00
[15:45:07.992] -1166.00,-843.00,-1655.00
[15:45:08.033] -1176.00,-843.00,-1662.00
[15:45:08.073] -1176.00,-843.00,-1662.00
[15:45:08.113] -1193.00,-872.00,-1677.00
[15:45:08.152] -1166.00,-887.00,-1670.00
[15:45:08.192] -1171.00,-898.00,-1667.00
[15:45:08.233] -1163.00,-903.00,-1672.00
[15:45:08.273] -1173.00,-906.00,-1675.00
[15:45:08.300] -1173.00,-911.00,-1667.00
[15:45:08.352] -1166.00,-913.00,-1670.00
[15:45:08.391] -1171.00,-901.00,-1670.00
[15:45:08.433] -1176.00,-901.00,-1655.00
[15:45:08.473] -1168.00,-896.00,-1662.00
[15:45:08.513] -1163.00,-908.00,-1667.00
[15:45:08.551] -1168.00,-927.00,-1680.00
[15:45:08.592] -1171.00,-922.00,-1675.00
[15:45:08.633] -1171.00,-927.00,-1665.00
[15:45:08.674] -1168.00,-943.00,-1685.00
[15:45:08.713] -1166.00,-977.00,-1675.00
[15:45:08.753] -1153.00,-1006.00,-1670.00
[15:45:08.793] -1142.00,-1106.00,-1672.00
[15:45:08.834] -1110.00,-1220.00,-1703.00
[15:45:08.872] -1063.00,-1343.00,-1703.00
[15:45:08.912] -978.00,-1505.00,-1721.00
[15:45:08.954] -885.00,-1660.00,-1706.00
[15:45:08.993] -761.00,-1785.00,-1703.00
[15:45:09.033] -623.00,-1921.00,-1685.00
[15:45:09.072] -547.00,-1980.00,-1685.00
[15:45:09.113] -350.00,-2051.00,-1703.00
[15:45:09.154] -203.00,-2063.00,-1718.00
[15:45:09.193] -45.00,-2027.00,-1776.00
[15:45:09.233] 22.00,-1985.00,-1832.00
[15:45:09.272] 88.00,-1876.00,-1905.00
[15:45:09.313] 86.00,-1813.00,-1948.00
[15:45:09.353] 78.00,-1785.00,-1995.00
[15:45:09.393] 50.00,-1768.00,-2007.00
[15:45:09.431] 61.00,-1797.00,-1990.00
[15:45:09.472] 78.00,-1795.00,-1980.00
[15:45:09.513] 96.00,-1813.00,-1946.00
[15:45:09.554] 130.00,-1847.00,-1938.00
[15:45:09.593] 130.00,-1847.00,-1938.00
[15:45:09.633] 208.00,-1906.00,-1881.00
[15:45:09.673] 278.00,-1885.00,-1873.00
[15:45:09.713] 377.00,-1837.00,-1900.00
[15:45:09.753] 455.00,-1768.00,-1915.00
[15:45:09.793] 477.00,-1690.00,-1968.00
[15:45:09.831] 511.00,-1588.00,-1995.00
[15:45:09.873] 552.00,-1497.00,-2028.00
[15:45:09.913] 555.00,-1396.00,-2080.00
[15:45:09.952] 555.00,-1298.00,-2128.00
[15:45:09.994] 521.00,-1225.00,-2141.00
[15:45:10.034] 516.00,-1210.00,-2150.00
[15:45:10.074] 523.00,-1183.00,-2152.00
[15:45:10.112] 533.00,-1201.00,-2138.00
[15:45:10.152] 655.00,-1326.00,-2043.00
[15:45:10.195] 751.00,-1431.00,-1958.00
[15:45:10.233] 843.00,-1538.00,-1837.00
[15:45:10.273] 887.00,-1645.00,-1737.00
[15:45:10.313] 877.00,-1731.00,-1691.00
[15:45:10.353] 833.00,-1816.00,-1670.00
[15:45:10.393] 748.00,-1835.00,-1693.00
[15:45:10.433] 680.00,-1873.00,-1762.00
[15:45:10.472] 590.00,-1866.00,-1801.00
[15:45:10.513] 487.00,-1876.00,-1856.00
[15:45:10.552] 423.00,-1873.00,-1876.00
[15:45:10.593] 396.00,-1866.00,-1897.00
[15:45:10.633] 345.00,-1871.00,-1905.00
[15:45:10.674] 347.00,-1890.00,-1881.00
[15:45:10.713] 342.00,-1923.00,-1861.00
[15:45:10.753] 360.00,-1937.00,-1837.00
[15:45:10.793] 375.00,-1932.00,-1840.00
[15:45:10.833] 370.00,-1940.00,-1827.00
[15:45:10.872] 375.00,-1911.00,-1861.00
[15:45:10.911] 375.00,-1892.00,-1878.00
[15:45:10.954] 377.00,-1856.00,-1900.00
[15:45:10.994] 377.00,-1861.00,-1886.00
[15:45:11.031] 372.00,-1850.00,-1917.00
[15:45:11.071] 370.00,-1828.00,-1917.00
[15:45:11.113] 367.00,-1856.00,-1907.00
