# Serial Log - 2026-04-11T15:45:25.750008
# Port: COM24 @ 115200bps
#============================================================
[15:45:25.753] 47.00,-1863.00
[15:45:25.791] -775.00,-1642.00,-1863.00
[15:45:25.831] -775.00,-1652.00,-1871.00
[15:45:25.873] -775.00,-1652.00,-1871.00
[15:45:25.912] -780.00,-1652.00,-1873.00
[15:45:25.953] -780.00,-1652.00,-1868.00
[15:45:25.992] -756.00,-1652.00,-1858.00
[15:45:26.033] -770.00,-1640.00,-1873.00
[15:45:26.073] -782.00,-1631.00,-1858.00
[15:45:26.113] -777.00,-1645.00,-1863.00
[15:45:26.151] -775.00,-1628.00,-1876.00
[15:45:26.191] -785.00,-1628.00,-1861.00
[15:45:26.233] -775.00,-1628.00,-1858.00
[15:45:26.273] -797.00,-1626.00,-1858.00
[15:45:26.312] -805.00,-1628.00,-1832.00
[15:45:26.352] -787.00,-1610.00,-1856.00
[15:45:26.393] -795.00,-1610.00,-1842.00
[15:45:26.432] -812.00,-1592.00,-1845.00
[15:45:26.473] -782.00,-1583.00,-1837.00
[15:45:26.512] -753.00,-1592.00,-1852.00
[15:45:26.551] -733.00,-1592.00,-1868.00
[15:45:26.593] -685.00,-1597.00,-1868.00
[15:45:26.632] -690.00,-1592.00,-1881.00
[15:45:26.671] -707.00,-1560.00,-1873.00
[15:45:26.712] -736.00,-1510.00,-1866.00
[15:45:26.753] -758.00,-1465.00,-1863.00
[15:45:26.792] -780.00,-1443.00,-1861.00
[15:45:26.833] -805.00,-1376.00,-1856.00
[15:45:26.859] -812.00,-1352.00,-1866.00
[15:45:26.913] -853.00,-1262.00,-1861.00
[15:45:26.952] -885.00,-1186.00,-1845.00
[15:45:26.992] -928.00,-1117.00,-1817.00
[15:45:27.019] -958.00,-1048.00,-1801.00
[15:45:27.074] -973.00,-991.00,-1770.00
[15:45:27.114] -1000.00,-996.00,-1767.00
[15:45:27.153] -985.00,-1012.00,-1757.00
[15:45:27.193] -1005.00,-1032.00,-1762.00
[15:45:27.233] -1002.00,-1067.00,-1760.00
[15:45:27.274] -995.00,-1058.00,-1781.00
[15:45:27.313] -985.00,-1065.00,-1762.00
[15:45:27.352] -978.00,-1077.00,-1767.00
[15:45:27.393] -978.00,-1077.00,-1767.00
[15:45:27.431] -971.00,-1062.00,-1781.00
[15:45:27.473] -978.00,-1048.00,-1760.00
[15:45:27.513] -990.00,-1027.00,-1767.00
[15:45:27.538] -990.00,-1003.00,-1760.00
[15:45:27.591] -990.00,-1008.00,-1760.00
[15:45:27.633] -1000.00,-1043.00,-1755.00
[15:45:27.673] -1000.00,-1086.00,-1742.00
[15:45:27.713] -992.00,-1196.00,-1735.00
[15:45:27.751] -948.00,-1317.00,-1732.00
[15:45:27.793] -856.00,-1531.00,-1703.00
[15:45:27.833] -746.00,-1671.00,-1713.00
[15:45:27.872] -690.00,-1745.00,-1711.00
[15:45:27.912] -636.00,-1771.00,-1723.00
[15:45:27.952] -403.00,-1902.00,-1735.00
[15:45:27.993] -276.00,-1932.00,-1735.00
[15:45:28.033] -130.00,-1971.00,-1757.00
[15:45:28.073] -2.00,-1930.00,-1801.00
[15:45:28.112] 52.00,-1882.00,-1832.00
[15:45:28.153] 91.00,-1811.00,-1897.00
[15:45:28.193] 130.00,-1776.00,-1917.00
[15:45:28.233] 163.00,-1776.00,-1902.00
[15:45:28.271] 178.00,-1802.00,-1888.00
[15:45:28.312] 193.00,-1823.00,-1852.00
[15:45:28.340] 208.00,-1866.00,-1847.00
[15:45:28.394] 222.00,-1871.00,-1842.00
[15:45:28.431] 247.00,-1866.00,-1837.00
[15:45:28.471] 298.00,-1856.00,-1835.00
[15:45:28.513] 311.00,-1858.00,-1842.00
[15:45:28.553] 316.00,-1818.00,-1852.00
[15:45:28.593] 327.00,-1813.00,-1856.00
[15:45:28.632] 342.00,-1811.00,-1871.00
[15:45:28.672] 337.00,-1811.00,-1868.00
[15:45:28.713] 362.00,-1808.00,-1866.00
[15:45:28.752] 372.00,-1802.00,-1866.00
[15:45:28.792] 352.00,-1800.00,-1866.00
[15:45:28.831] 375.00,-1813.00,-1850.00
[15:45:28.873] 386.00,-1826.00,-1852.00
[15:45:28.913] 383.00,-1823.00,-1863.00
[15:45:28.953] 375.00,-1818.00,-1881.00
[15:45:28.994] 377.00,-1808.00,-1845.00
[15:45:29.031] 380.00,-1805.00,-1852.00
[15:45:29.074] 383.00,-1800.00,-1858.00
[15:45:29.112] 386.00,-1811.00,-1863.00
[15:45:29.154] 375.00,-1800.00,-1861.00
[15:45:29.191] 380.00,-1811.00,-1858.00
[15:45:29.234] 388.00,-1811.00,-1861.00
[15:45:29.272] 383.00,-1826.00,-1850.00
[15:45:29.313] 401.00,-1821.00,-1842.00
[15:45:29.352] 391.00,-1818.00,-1861.00
[15:45:29.393] 393.00,-1823.00,-1858.00
[15:45:29.433] 386.00,-1813.00,-1856.00
[15:45:29.471] 388.00,-1813.00,-1858.00
[15:45:29.499] 398.00,-1802.00,-1856.00
[15:45:29.551] 391.00,-1818.00,-1850.00
[15:45:29.593] 393.00,-1821.00,-1856.00
[15:45:29.631] 401.00,-1816.00,-1837.00
[15:45:29.672] 403.00,-1821.00,-1845.00
[15:45:29.711] 406.00,-1816.00,-1840.00
[15:45:29.753] 403.00,-1828.00,-1835.00
[15:45:29.793] 406.00,-1808.00,-1840.00
[15:45:29.831] 396.00,-1818.00,-1842.00
[15:45:29.871] 403.00,-1821.00,-1837.00
[15:45:29.913] 393.00,-1816.00,-1845.00
[15:45:29.953] 393.00,-1823.00,-1845.00
[15:45:29.992] 396.00,-1821.00,-1842.00
[15:45:30.033] 398.00,-1823.00,-1842.00
[15:45:30.073] 398.00,-1816.00,-1835.00
[15:45:30.113] 403.00,-1823.00,-1856.00
[15:45:30.153] 396.00,-1823.00,-1850.00
[15:45:30.193] 396.00,-1826.00,-1840.00
[15:45:30.233] 406.00,-1835.00,-1840.00
[15:45:30.273] 393.00,-1826.00,-1840.00
[15:45:30.313] 380.00,-1826.00,-1847.00
[15:45:30.353] 403.00,-1808.00,-1832.00
[15:45:30.393] 393.00,-1835.00,-1840.00
[15:45:30.431] 391.00,-1832.00,-1842.00
[15:45:30.473] 380.00,-1826.00,-1830.00
[15:45:30.513] 375.00,-1837.00,-1835.00
[15:45:30.551] 377.00,-1821.00,-1830.00
[15:45:30.592] 362.00,-1835.00,-1827.00
[15:45:30.633] 350.00,-1842.00,-1830.00
[15:45:30.674] 355.00,-1832.00,-1820.00
[15:45:30.713] 342.00,-1840.00,-1815.00
[15:45:30.752] 340.00,-1852.00,-1808.00
[15:45:30.790] 337.00,-1842.00,-1798.00
[15:45:30.833] 335.00,-1871.00,-1791.00
[15:45:30.872] 340.00,-1885.00,-1781.00
[15:45:30.911] 340.00,-1878.00,-1770.00
[15:45:30.950] 340.00,-1878.00,-1770.00
[15:45:30.993] 321.00,-1916.00,-1745.00
[15:45:31.033] 335.00,-1900.00,-1737.00
[15:45:31.073] 347.00,-1908.00,-1732.00
[15:45:31.111] 340.00,-1926.00,-1721.00
[15:45:31.153] 342.00,-1926.00,-1706.00
[15:45:31.193] 345.00,-1932.00,-1708.00
[15:45:31.231] 318.00,-1926.00,-1713.00
[15:45:31.273] 330.00,-1942.00,-1708.00
[15:45:31.312] 318.00,-1923.00,-1718.00
[15:45:31.353] 306.00,-1916.00,-1708.00
[15:45:31.393] 301.00,-1911.00,-1718.00
[15:45:31.432] 308.00,-1906.00,-1735.00
[15:45:31.472] 303.00,-1911.00,-1726.00
[15:45:31.512] 298.00,-1937.00,-1703.00
[15:45:31.553] 313.00,-1932.00,-1703.00
[15:45:31.592] 308.00,-1935.00,-1675.00
[15:45:31.632] 318.00,-1956.00,-1670.00
[15:45:31.673] 308.00,-1950.00,-1665.00
[15:45:31.713] 316.00,-1963.00,-1662.00
[15:45:31.753] 311.00,-1966.00,-1655.00
[15:45:31.792] 308.00,-1968.00,-1677.00
[15:45:31.832] 293.00,-1973.00,-1675.00
[15:45:31.874] 298.00,-1971.00,-1682.00
[15:45:31.913] 281.00,-1956.00,-1660.00
[15:45:31.952] 281.00,-1953.00,-1667.00
[15:45:31.993] 288.00,-1963.00,-1665.00
[15:45:32.032] 278.00,-1963.00,-1650.00
[15:45:32.073] 298.00,-1966.00,-1650.00
[15:45:32.112] 330.00,-1968.00,-1657.00
[15:45:32.152] 306.00,-1956.00,-1667.00
[15:45:32.191] 291.00,-1945.00,-1682.00
[15:45:32.233] 298.00,-1950.00,-1665.00
[15:45:32.273] 293.00,-1958.00,-1670.00
[15:45:32.313] 306.00,-1953.00,-1662.00
[15:45:32.353] 298.00,-1961.00,-1650.00
[15:45:32.391] 301.00,-1966.00,-1657.00
[15:45:32.433] 298.00,-1968.00,-1657.00
[15:45:32.473] 298.00,-1968.00,-1657.00
[15:45:32.512] 301.00,-1973.00,-1665.00
[15:45:32.551] 318.00,-1982.00,-1675.00
[15:45:32.593] 330.00,-1977.00,-1633.00
[15:45:32.633] 340.00,-1982.00,-1633.00
[15:45:32.673] 352.00,-1982.00,-1631.00
[15:45:32.712] 342.00,-1987.00,-1616.00
[15:45:32.753] 347.00,-1973.00,-1618.00
[15:45:32.795] 337.00,-1977.00,-1626.00
[15:45:32.834] 342.00,-1980.00,-1613.00
[15:45:32.873] 345.00,-1973.00,-1618.00
[15:45:32.911] 347.00,-1973.00,-1633.00
[15:45:32.955] 337.00,-1980.00,-1643.00
[15:45:32.992] 332.00,-1977.00,-1646.00
[15:45:33.033] 340.00,-1982.00,-1616.00
[15:45:33.061] 335.00,-1987.00,-1636.00
[15:45:33.111] 337.00,-1990.00,-1623.00
[15:45:33.153] 347.00,-1985.00,-1621.00
[15:45:33.192] 335.00,-1980.00,-1616.00
[15:45:33.231] 337.00,-1987.00,-1631.00
[15:45:33.272] 342.00,-1985.00,-1616.00
[15:45:33.314] 337.00,-1985.00,-1613.00
[15:45:33.353] 345.00,-1985.00,-1621.00
[15:45:33.393] 327.00,-1973.00,-1611.00
[15:45:33.433] 342.00,-1977.00,-1618.00
[15:45:33.473] 340.00,-1990.00,-1628.00
[15:45:33.513] 313.00,-1985.00,-1633.00
[15:45:33.541] 323.00,-1987.00,-1626.00
[15:45:33.591] 327.00,-1982.00,-1631.00
[15:45:33.631] 288.00,-2001.00,-1616.00
[15:45:33.673] 252.00,-1995.00,-1618.00
[15:45:33.712] 203.00,-2032.00,-1621.00
[15:45:33.753] 103.00,-2068.00,-1587.00
[15:45:33.791] -10.00,-2085.00,-1541.00
[15:45:33.833] -125.00,-2106.00,-1492.00
[15:45:33.873] -267.00,-2125.00,-1435.00
[15:45:33.912] -426.00,-2106.00,-1376.00
[15:45:33.951] -565.00,-2056.00,-1350.00
[15:45:33.993] -705.00,-2006.00,-1313.00
[15:45:34.032] -823.00,-1935.00,-1281.00
[15:45:34.073] -910.00,-1856.00,-1278.00
[15:45:34.111] -997.00,-1740.00,-1286.00
[15:45:34.152] -1056.00,-1655.00,-1306.00
[15:45:34.193] -1115.00,-1557.00,-1316.00
[15:45:34.232] -1130.00,-1473.00,-1347.00
[15:45:34.273] -1127.00,-1431.00,-1383.00
[15:45:34.311] -1117.00,-1420.00,-1420.00
[15:45:34.354] -1100.00,-1412.00,-1485.00
[15:45:34.392] -1066.00,-1423.00,-1502.00
[15:45:34.434] -1041.00,-1423.00,-1526.00
[15:45:34.460] -1032.00,-1423.00,-1526.00
[15:45:34.513] -1032.00,-1457.00,-1551.00
[15:45:34.553] -1027.00,-1436.00,-1536.00
[15:45:34.593] -1017.00,-1426.00,-1533.00
[15:45:34.633] -1020.00,-1443.00,-1541.00
[15:45:34.659] -1020.00,-1443.00,-1541.00
[15:45:34.713] -1017.00,-1433.00,-1551.00
[15:45:34.753] -1005.00,-1428.00,-1553.00
[15:45:34.792] -1017.00,-1420.00,-1543.00
[15:45:34.832] -1035.00,-1431.00,-1538.00
[15:45:34.860] -1030.00,-1417.00,-1543.00
[15:45:34.901] -1020.00,-1415.00,-1531.00
[15:45:34.953] -1020.00,-1428.00,-1548.00
[15:45:34.992] -1022.00,-1436.00,-1543.00
[15:45:35.032] -1020.00,-1436.00,-1538.00
[15:45:35.073] -1015.00,-1447.00,-1546.00
[15:45:35.112] -1010.00,-1441.00,-1538.00
[15:45:35.138] -1010.00,-1447.00,-1548.00
[15:45:35.193] -1012.00,-1452.00,-1526.00
[15:45:35.233] -1005.00,-1438.00,-1543.00
[15:45:35.273] -1020.00,-1426.00,-1551.00
[15:45:35.312] -1020.00,-1420.00,-1541.00
[15:45:35.351] -1027.00,-1407.00,-1541.00
[15:45:35.392] -1038.00,-1370.00,-1538.00
[15:45:35.434] -1058.00,-1298.00,-1536.00
[15:45:35.473] -1095.00,-1243.00,-1538.00
[15:45:35.513] -1148.00,-1103.00,-1522.00
[15:45:35.551] -1168.00,-965.00,-1510.00
[15:45:35.594] -1196.00,-745.00,-1471.00
[15:45:35.633] -1178.00,-550.00,-1446.00
[15:45:35.673] -1132.00,-360.00,-1425.00
[15:45:35.711] -1081.00,-212.00,-1405.00
[15:45:35.754] -1005.00,-91.00,-1415.00
[15:45:35.793] -936.00,2.00,-1412.00
[15:45:35.833] -843.00,105.00,-1415.00
[15:45:35.874] -761.00,168.00,-1407.00
[15:45:35.912] -628.00,247.00,-1405.00
[15:45:35.953] -552.00,276.00,-1435.00
[15:45:35.992] -528.00,276.00,-1456.00
[15:45:36.033] -437.00,318.00,-1481.00
[15:45:36.071] -391.00,313.00,-1492.00
[15:45:36.111] -362.00,310.00,-1510.00
[15:45:36.152] -360.00,302.00,-1520.00
[15:45:36.193] -355.00,283.00,-1533.00
[15:45:36.232] -350.00,290.00,-1538.00
[15:45:36.271] -357.00,302.00,-1526.00
[15:45:36.313] -367.00,278.00,-1528.00
[15:45:36.352] -403.00,266.00,-1512.00
[15:45:36.391] -440.00,262.00,-1531.00
[15:45:36.432] -455.00,252.00,-1520.00
[15:45:36.474] -462.00,245.00,-1533.00
[15:45:36.513] -457.00,238.00,-1526.00
[15:45:36.553] -467.00,250.00,-1517.00
[15:45:36.592] -455.00,255.00,-1520.00
[15:45:36.630] -437.00,271.00,-1512.00
[15:45:36.674] -440.00,273.00,-1507.00
[15:45:36.711] -423.00,297.00,-1505.00
[15:45:36.752] -411.00,286.00,-1505.00
[15:45:36.791] -406.00,286.00,-1507.00
[15:45:36.833] -408.00,286.00,-1507.00
[15:45:36.872] -416.00,281.00,-1507.00
[15:45:36.912] -423.00,271.00,-1502.00
[15:45:36.953] -403.00,283.00,-1502.00
[15:45:36.993] -418.00,276.00,-1515.00
[15:45:37.033] -418.00,273.00,-1515.00
[15:45:37.072] -418.00,276.00,-1517.00
[15:45:37.111] -426.00,273.00,-1522.00
[15:45:37.138] -403.00,266.00,-1515.00
[15:45:37.193] -398.00,273.00,-1531.00
[15:45:37.233] -391.00,281.00,-1533.00
[15:45:37.273] -396.00,286.00,-1517.00
[15:45:37.312] -383.00,278.00,-1520.00
[15:45:37.353] -391.00,283.00,-1526.00
[15:45:37.392] -383.00,290.00,-1515.00
[15:45:37.432] -398.00,292.00,-1502.00
[15:45:37.471] -403.00,290.00,-1517.00
[15:45:37.513] -403.00,290.00,-1517.00
[15:45:37.553] -362.00,297.00,-1520.00
[15:45:37.593] -365.00,292.00,-1517.00
[15:45:37.631] -335.00,313.00,-1533.00
[15:45:37.671] -318.00,302.00,-1515.00
[15:45:37.711] -321.00,318.00,-1510.00
[15:45:37.751] -321.00,310.00,-1522.00
[15:45:37.792] -327.00,313.00,-1515.00
[15:45:37.832] -330.00,323.00,-1517.00
[15:45:37.871] -313.00,321.00,-1515.00
[15:45:37.913] -335.00,313.00,-1507.00
[15:45:37.952] -323.00,310.00,-1497.00
[15:45:37.993] -327.00,297.00,-1522.00
[15:45:38.030] -323.00,316.00,-1517.00
[15:45:38.071] -340.00,307.00,-1515.00
[15:45:38.111] -311.00,310.00,-1517.00
[15:45:38.152] -306.00,318.00,-1526.00
[15:45:38.192] -293.00,305.00,-1531.00
[15:45:38.234] -330.00,300.00,-1526.00
[15:45:38.273] -340.00,302.00,-1526.00
[15:45:38.313] -406.00,297.00,-1510.00
[15:45:38.351] -470.00,257.00,-1512.00
[15:45:38.391] -590.00,207.00,-1495.00
[15:45:38.431] -682.00,157.00,-1478.00
[15:45:38.474] -815.00,55.00,-1466.00
[15:45:38.512] -880.00,15.00,-1476.00
[15:45:38.554] -997.00,-121.00,-1453.00
[15:45:38.591] -1071.00,-226.00,-1430.00
[15:45:38.633] -1151.00,-373.00,-1440.00
[15:45:38.672] -1168.00,-487.00,-1422.00
[15:45:38.713] -1227.00,-666.00,-1425.00
[15:45:38.751] -1242.00,-856.00,-1437.00
[15:45:38.793] -1217.00,-965.00,-1453.00
[15:45:38.833] -1191.00,-1065.00,-1476.00
[15:45:38.872] -1161.00,-1106.00,-1510.00
[15:45:38.910] -1161.00,-1106.00,-1510.00
[15:45:38.953] -1146.00,-1086.00,-1512.00
[15:45:38.993] -1158.00,-1072.00,-1515.00
[15:45:39.033] -1176.00,-1062.00,-1510.00
[15:45:39.071] -1183.00,-1062.00,-1495.00
[15:45:39.113] -1196.00,-1067.00,-1487.00
[15:45:39.153] -1205.00,-1106.00,-1473.00
[15:45:39.193] -1183.00,-1162.00,-1458.00
[15:45:39.233] -1148.00,-1267.00,-1463.00
[15:45:39.271] -1110.00,-1391.00,-1448.00
[15:45:39.310] -1041.00,-1512.00,-1471.00
[15:45:39.353] -928.00,-1663.00,-1487.00
[15:45:39.391] -772.00,-1781.00,-1510.00
[15:45:39.432] -590.00,-1895.00,-1551.00
[15:45:39.472] -327.00,-1971.00,-1590.00
[15:45:39.513] -181.00,-2008.00,-1602.00
[15:45:39.553] -122.00,-2027.00,-1618.00
[15:45:39.592] 188.00,-2035.00,-1605.00
[15:45:39.631] 250.00,-2030.00,-1597.00
[15:45:39.671] 380.00,-2006.00,-1575.00
[15:45:39.712] 421.00,-2008.00,-1570.00
[15:45:39.752] 450.00,-1997.00,-1553.00
[15:45:39.792] 455.00,-2021.00,-1543.00
[15:45:39.833] 450.00,-2018.00,-1528.00
[15:45:39.872] 470.00,-2025.00,-1526.00
[15:45:39.913] 506.00,-2008.00,-1522.00
[15:45:39.953] 533.00,-2011.00,-1528.00
[15:45:39.992] 601.00,-1940.00,-1533.00
[15:45:40.031] 643.00,-1937.00,-1551.00
[15:45:40.074] 702.00,-1878.00,-1577.00
[15:45:40.112] 831.00,-1750.00,-1595.00
[15:45:40.151] 943.00,-1647.00,-1600.00
[15:45:40.192] 1012.00,-1547.00,-1595.00
[15:45:40.233] 1083.00,-1428.00,-1613.00
[15:45:40.272] 1140.00,-1326.00,-1587.00
[15:45:40.313] 1196.00,-1203.00,-1587.00
[15:45:40.339] 1193.00,-1130.00,-1600.00
[15:45:40.392] 1235.00,-1067.00,-1580.00
[15:45:40.433] 1245.00,-1001.00,-1543.00
[15:45:40.472] 1258.00,-941.00,-1533.00
[15:45:40.511] 1283.00,-896.00,-1541.00
[15:45:40.550] 1288.00,-835.00,-1531.00
[15:45:40.593] 1286.00,-777.00,-1522.00
[15:45:40.631] 1258.00,-745.00,-1543.00
[15:45:40.673] 1258.00,-735.00,-1556.00
[15:45:40.711] 1245.00,-701.00,-1575.00
[15:45:40.750] 1210.00,-695.00,-1587.00
[15:45:40.793] 1202.00,-666.00,-1611.00
[15:45:40.833] 1193.00,-632.00,-1613.00
[15:45:40.871] 1188.00,-632.00,-1626.00
[15:45:40.911] 1183.00,-621.00,-1621.00
[15:45:40.953] 1191.00,-630.00,-1623.00
[15:45:40.993] 1198.00,-618.00,-1605.00
[15:45:41.031] 1193.00,-640.00,-1623.00
[15:45:41.071] 1193.00,-640.00,-1623.00
[15:45:41.113] 1198.00,-651.00,-1613.00
[15:45:41.152] 1215.00,-630.00,-1600.00
[15:45:41.192] 1193.00,-630.00,-1592.00
[15:45:41.231] 1198.00,-616.00,-1602.00
[15:45:41.273] 1186.00,-608.00,-1605.00
[15:45:41.313] 1188.00,-616.00,-1600.00
[15:45:41.353] 1181.00,-595.00,-1613.00
[15:45:41.391] 1188.00,-603.00,-1605.00
[15:45:41.431] 1207.00,-600.00,-1621.00
[15:45:41.473] 1196.00,-592.00,-1602.00
[15:45:41.512] 1191.00,-600.00,-1605.00
[15:45:41.541] 1198.00,-590.00,-1618.00
[15:45:41.579] 1186.00,-608.00,-1602.00
[15:45:41.633] 1186.00,-597.00,-1613.00
[15:45:41.673] 1188.00,-608.00,-1608.00
[15:45:41.712] 1183.00,-611.00,-1611.00
[15:45:41.751] 1188.00,-621.00,-1608.00
[15:45:41.791] 1202.00,-671.00,-1600.00
[15:45:41.833] 1196.00,-718.00,-1595.00
[15:45:41.871] 1212.00,-753.00,-1616.00
[15:45:41.913] 1207.00,-811.00,-1611.00
[15:45:41.951] 1183.00,-870.00,-1623.00
[15:45:41.991] 1163.00,-925.00,-1672.00
[15:45:42.033] 1102.00,-985.00,-1728.00
[15:45:42.071] 1066.00,-1030.00,-1757.00
[15:45:42.112] 978.00,-1112.00,-1820.00
[15:45:42.151] 895.00,-1181.00,-1858.00
[15:45:42.193] 815.00,-1255.00,-1873.00
[15:45:42.231] 743.00,-1383.00,-1888.00
[15:45:42.272] 677.00,-1500.00,-1868.00
[15:45:42.312] 613.00,-1573.00,-1842.00
[15:45:42.351] 575.00,-1636.00,-1842.00
[15:45:42.393] 526.00,-1683.00,-1835.00
[15:45:42.433] 442.00,-1718.00,-1822.00
[15:45:42.472] 367.00,-1745.00,-1832.00
[15:45:42.511] 296.00,-1747.00,-1847.00
[15:45:42.545] 235.00,-1733.00,-1876.00
[15:45:42.592] 235.00,-1733.00,-1876.00
[15:45:42.632] 93.00,-1642.00,-1943.00
[15:45:42.671] 22.00,-1557.00,-1976.00
[15:45:42.713] -76.00,-1552.00,-1987.00
[15:45:42.752] -171.00,-1555.00,-1976.00
[15:45:42.791] -273.00,-1583.00,-1943.00
[15:45:42.831] -386.00,-1602.00,-1897.00
[15:45:42.876] -460.00,-1600.00,-1866.00
[15:45:42.913] -523.00,-1660.00,-1832.00
[15:45:42.951] -547.00,-1642.00,-1822.00
[15:45:42.994] -565.00,-1616.00,-1822.00
[15:45:43.031] -590.00,-1592.00,-1822.00
[15:45:43.073] -616.00,-1586.00,-1822.00
[15:45:43.112] -690.00,-1618.00,-1752.00
[15:45:43.153] -697.00,-1633.00,-1732.00
[15:45:43.194] -697.00,-1655.00,-1698.00
[15:45:43.233] -665.00,-1676.00,-1677.00
[15:45:43.274] -638.00,-1705.00,-1660.00
[15:45:43.312] -597.00,-1728.00,-1650.00
[15:45:43.353] -533.00,-1763.00,-1628.00
[15:45:43.391] -482.00,-1802.00,-1621.00
[15:45:43.433] -433.00,-1826.00,-1621.00
[15:45:43.472] -377.00,-1861.00,-1623.00
[15:45:43.513] -342.00,-1861.00,-1605.00
[15:45:43.551] -301.00,-1847.00,-1631.00
[15:45:43.593] -293.00,-1878.00,-1611.00
[15:45:43.633] -255.00,-1902.00,-1563.00
[15:45:43.673] -213.00,-1932.00,-1526.00
[15:45:43.712] -178.00,-1923.00,-1466.00
[15:45:43.753] -122.00,-1932.00,-1471.00
[15:45:43.793] -91.00,-1913.00,-1448.00
[15:45:43.832] 10.00,-1902.00,-1412.00
[15:45:43.873] 22.00,-1935.00,-1405.00
[15:45:43.912] 61.00,-1966.00,-1366.00
[15:45:43.953] 103.00,-2013.00,-1345.00
[15:45:43.993] 135.00,-2071.00,-1347.00
[15:45:44.031] 166.00,-2135.00,-1342.00
[15:45:44.073] 171.00,-2198.00,-1322.00
[15:45:44.112] 171.00,-2198.00,-1322.00
[15:45:44.153] 145.00,-2403.00,-1275.00
[15:45:44.192] 117.00,-2483.00,-1228.00
[15:45:44.231] 40.00,-2546.00,-1182.00
[15:45:44.273] -12.00,-2617.00,-1126.00
[15:45:44.313] -81.00,-2693.00,-990.00
[15:45:44.340] -142.00,-2738.00,-837.00
[15:45:44.392] -222.00,-2805.00,-422.00
[15:45:44.431] -232.00,-2878.00,22.00
[15:45:44.471] -188.00,-2805.00,190.00
[15:45:44.513] -122.00,-2760.00,330.00
[15:45:44.554] -120.00,-2773.00,311.00
[15:45:44.593] -86.00,-2781.00,311.00
[15:45:44.631] 2.00,-2797.00,260.00
[15:45:44.674] -27.00,-2817.00,257.00
[15:45:44.701] -86.00,-2871.00,316.00
[15:45:44.752] -142.00,-2926.00,345.00
[15:45:44.791] -101.00,-2928.00,461.00
[15:45:44.833] -52.00,-2912.00,615.00
[15:45:44.873] 78.00,-2876.00,806.00
[15:45:44.912] 237.00,-2833.00,930.00
[15:45:44.951] 296.00,-2765.00,871.00
[15:45:44.993] 267.00,-2807.00,780.00
[15:45:45.033] 276.00,-2797.00,783.00
[15:45:45.073] 270.00,-2797.00,791.00
[15:45:45.111] 265.00,-2800.00,816.00
[15:45:45.151] 211.00,-2821.00,915.00
[15:45:45.193] 222.00,-2838.00,1005.00
[15:45:45.233] 173.00,-2865.00,1095.00
[15:45:45.272] 56.00,-2923.00,1260.00
[15:45:45.312] -91.00,-3007.00,1425.00
[15:45:45.352] -335.00,-3111.00,1567.00
[15:45:45.393] -611.00,-3237.00,1633.00
[15:45:45.432] -938.00,-3456.00,1567.00
[15:45:45.471] -1355.00,-3777.00,1327.00
[15:45:45.512] -1565.00,-3970.00,1113.00
[15:45:45.553] -1792.00,-4300.00,587.00
[15:45:45.593] -1811.00,-4413.00,360.00
[15:45:45.631] -1813.00,-4613.00,-110.00
[15:45:45.672] -1808.00,-4718.00,-412.00
[15:45:45.712] -1652.00,-4751.00,-745.00
[15:45:45.752] -1567.00,-4747.00,-976.00
[15:45:45.792] -1523.00,-4735.00,-1128.00
[15:45:45.832] -1470.00,-4697.00,-1288.00
[15:45:45.871] -1491.00,-4725.00,-1407.00
[15:45:45.913] -1506.00,-4716.00,-1446.00
[15:45:45.951] -1508.00,-4701.00,-1471.00
[15:45:45.991] -1506.00,-4701.00,-1490.00
[15:45:46.031] -1473.00,-4673.00,-1512.00
[15:45:46.071] -1496.00,-4685.00,-1526.00
[15:45:46.113] -1496.00,-4685.00,-1526.00
[15:45:46.152] -1491.00,-4692.00,-1531.00
[15:45:46.191] -1483.00,-4685.00,-1517.00
[15:45:46.231] -1491.00,-4692.00,-1531.00
[15:45:46.273] -1476.00,-4680.00,-1520.00
[15:45:46.312] -1483.00,-4690.00,-1522.00
[15:45:46.353] -1498.00,-4673.00,-1510.00
[15:45:46.392] -1481.00,-4690.00,-1528.00
[15:45:46.433] -1473.00,-4680.00,-1515.00
[15:45:46.474] -1481.00,-4687.00,-1517.00
[15:45:46.513] -1483.00,-4685.00,-1526.00
[15:45:46.551] -1498.00,-4682.00,-1531.00
[15:45:46.591] -1478.00,-4680.00,-1536.00
[15:45:46.633] -1486.00,-4690.00,-1538.00
[15:45:46.672] -1488.00,-4695.00,-1520.00
[15:45:46.712] -1481.00,-4685.00,-1522.00
[15:45:46.740] -1483.00,-4695.00,-1531.00
[15:45:46.793] -1501.00,-4692.00,-1526.00
[15:45:46.833] -1486.00,-4682.00,-1538.00
[15:45:46.872] -1486.00,-4685.00,-1520.00
[15:45:46.911] -1501.00,-4692.00,-1531.00
[15:45:46.951] -1488.00,-4687.00,-1531.00
[15:45:46.994] -1483.00,-4680.00,-1533.00
[15:45:47.031] -1478.00,-4697.00,-1517.00
[15:45:47.071] -1488.00,-4690.00,-1538.00
[15:45:47.113] -1478.00,-4690.00,-1528.00
[15:45:47.153] -1493.00,-4711.00,-1533.00
[15:45:47.194] -1481.00,-4690.00,-1526.00
[15:45:47.231] -1470.00,-4687.00,-1528.00
[15:45:47.272] -1503.00,-4682.00,-1528.00
[15:45:47.312] -1498.00,-4690.00,-1510.00
[15:45:47.353] -1496.00,-4695.00,-1526.00
[15:45:47.391] -1491.00,-4692.00,-1531.00
[15:45:47.432] -1478.00,-4687.00,-1531.00
[15:45:47.472] -1493.00,-4701.00,-1533.00
[15:45:47.513] -1473.00,-4695.00,-1533.00
[15:45:47.553] -1481.00,-4690.00,-1531.00
[15:45:47.592] -1486.00,-4695.00,-1528.00
[15:45:47.633] -1493.00,-4695.00,-1536.00
[15:45:47.671] -1496.00,-4682.00,-1520.00
[15:45:47.700] -1478.00,-4692.00,-1536.00
[15:45:47.753] -1498.00,-4697.00,-1531.00
[15:45:47.779] -1493.00,-4703.00,-1522.00
[15:45:47.831] -1467.00,-4690.00,-1526.00
[15:45:47.873] -1488.00,-4692.00,-1531.00
[15:45:47.911] -1486.00,-4690.00,-1533.00
[15:45:47.954] -1486.00,-4695.00,-1531.00
[15:45:47.991] -1478.00,-4697.00,-1528.00
[15:45:48.031] -1488.00,-4697.00,-1520.00
[15:45:48.072] -1491.00,-4692.00,-1526.00
[15:45:48.112] -1478.00,-4687.00,-1533.00
[15:45:48.152] -1486.00,-4697.00,-1526.00
[15:45:48.191] -1493.00,-4690.00,-1531.00
[15:45:48.232] -1491.00,-4680.00,-1526.00
[15:45:48.272] -1491.00,-4695.00,-1526.00
[15:45:48.312] -1478.00,-4685.00,-1528.00
[15:45:48.351] -1486.00,-4690.00,-1541.00
[15:45:48.391] -1496.00,-4692.00,-1526.00
[15:45:48.431] -1486.00,-4697.00,-1536.00
[15:45:48.473] -1486.00,-4680.00,-1536.00
[15:45:48.511] -1483.00,-4697.00,-1536.00
[15:45:48.551] -1493.00,-4697.00,-1517.00
[15:45:48.593] -1470.00,-4682.00,-1531.00
[15:45:48.632] -1491.00,-4692.00,-1538.00
[15:45:48.672] -1511.00,-4703.00,-1512.00
[15:45:48.711] -1491.00,-4695.00,-1522.00
[15:45:48.753] -1496.00,-4697.00,-1536.00
[15:45:48.793] -1498.00,-4706.00,-1533.00
[15:45:48.820] -1491.00,-4695.00,-1538.00
[15:45:48.871] -1473.00,-4685.00,-1515.00
[15:45:48.911] -1486.00,-4706.00,-1533.00
[15:45:48.953] -1493.00,-4692.00,-1528.00
[15:45:48.979] -1483.00,-4687.00,-1510.00
[15:45:49.031] -1491.00,-4703.00,-1526.00
[15:45:49.071] -1496.00,-4692.00,-1526.00
[15:45:49.113] -1476.00,-4692.00,-1526.00
[15:45:49.151] -1506.00,-4695.00,-1528.00
[15:45:49.192] -1498.00,-4690.00,-1520.00
[15:45:49.231] -1496.00,-4692.00,-1538.00
[15:45:49.273] -1493.00,-4692.00,-1531.00
[15:45:49.313] -1478.00,-4687.00,-1528.00
[15:45:49.352] -1486.00,-4703.00,-1536.00
[15:45:49.392] -1481.00,-4687.00,-1538.00
[15:45:49.432] -1491.00,-4695.00,-1536.00
[15:45:49.473] -1491.00,-4701.00,-1531.00
[15:45:49.512] -1501.00,-4695.00,-1536.00
[15:45:49.553] -1493.00,-4680.00,-1528.00
[15:45:49.591] -1476.00,-4680.00,-1533.00
[15:45:49.633] -1476.00,-4680.00,-1533.00
[15:45:49.673] -1483.00,-4697.00,-1517.00
[15:45:49.712] -1488.00,-4701.00,-1536.00
[15:45:49.752] -1473.00,-4692.00,-1517.00
[15:45:49.791] -1488.00,-4692.00,-1526.00
[15:45:49.833] -1488.00,-4701.00,-1528.00
[15:45:49.872] -1488.00,-4695.00,-1528.00
[15:45:49.912] -1486.00,-4685.00,-1538.00
[15:45:49.953] -1467.00,-4687.00,-1531.00
[15:45:49.990] -1496.00,-4701.00,-1531.00
[15:45:50.033] -1470.00,-4685.00,-1520.00
[15:45:50.073] -1483.00,-4706.00,-1507.00
[15:45:50.112] -1478.00,-4687.00,-1538.00
[15:45:50.151] -1493.00,-4697.00,-1531.00
[15:45:50.192] -1503.00,-4697.00,-1517.00
[15:45:50.233] -1491.00,-4706.00,-1526.00
[15:45:50.271] -1486.00,-4692.00,-1538.00
[15:45:50.312] -1493.00,-4687.00,-1536.00
[15:45:50.351] -1486.00,-4703.00,-1526.00
[15:45:50.392] -1496.00,-4687.00,-1531.00
[15:45:50.432] -1491.00,-4703.00,-1531.00
[15:45:50.472] -1493.00,-4697.00,-1522.00
[15:45:50.511] -1498.00,-4711.00,-1538.00
[15:45:50.553] -1481.00,-4701.00,-1536.00
[15:45:50.591] -1483.00,-4671.00,-1533.00
[15:45:50.631] -1491.00,-4695.00,-1536.00
[15:45:50.672] -1481.00,-4703.00,-1531.00
[15:45:50.712] -1486.00,-4701.00,-1526.00
[15:45:50.752] -1481.00,-4692.00,-1531.00
[15:45:50.791] -1501.00,-4697.00,-1528.00
[15:45:50.831] -1501.00,-4695.00,-1520.00
[15:45:50.871] -1481.00,-4687.00,-1515.00
[15:45:50.911] -1491.00,-4685.00,-1520.00
[15:45:50.951] -1481.00,-4695.00,-1528.00
[15:45:50.993] -1470.00,-4687.00,-1528.00
[15:45:51.031] -1483.00,-4685.00,-1538.00
[15:45:51.072] -1496.00,-4690.00,-1533.00
[15:45:51.111] -1486.00,-4692.00,-1526.00
[15:45:51.151] -1488.00,-4695.00,-1528.00
[15:45:51.191] -1508.00,-4706.00,-1526.00
[15:45:51.230] -1486.00,-4682.00,-1520.00
[15:45:51.272] -1488.00,-4697.00,-1531.00
[15:45:51.313] -1481.00,-4687.00,-1522.00
[15:45:51.352] -1491.00,-4695.00,-1528.00
[15:45:51.392] -1481.00,-4697.00,-1531.00
[15:45:51.433] -1493.00,-4692.00,-1526.00
[15:45:51.473] -1493.00,-4692.00,-1533.00
[15:45:51.511] -1488.00,-4692.00,-1517.00
[15:45:51.553] -1501.00,-4703.00,-1520.00
[15:45:51.593] -1481.00,-4695.00,-1520.00
[15:45:51.634] -1473.00,-4685.00,-1531.00
[15:45:51.671] -1488.00,-4708.00,-1531.00
[15:45:51.711] -1506.00,-4697.00,-1531.00
[15:45:51.751] -1506.00,-4695.00,-1520.00
[15:45:51.793] -1493.00,-4695.00,-1526.00
[15:45:51.832] -1486.00,-4690.00,-1526.00
[15:45:51.871] -1501.00,-4673.00,-1522.00
[15:45:51.911] -1488.00,-4695.00,-1526.00
[15:45:51.952] -1491.00,-4697.00,-1522.00
[15:45:51.992] -1481.00,-4695.00,-1541.00
[15:45:52.033] -1488.00,-4692.00,-1526.00
[15:45:52.071] -1491.00,-4695.00,-1538.00
[15:45:52.111] -1498.00,-4690.00,-1517.00
[15:45:52.154] -1501.00,-4697.00,-1533.00
[15:45:52.193] -1501.00,-4701.00,-1528.00
[15:45:52.220] -1486.00,-4697.00,-1522.00
[15:45:52.271] -1498.00,-4701.00,-1528.00
[15:45:52.313] -1488.00,-4690.00,-1531.00
[15:45:52.352] -1483.00,-4695.00,-1528.00
[15:45:52.392] -1498.00,-4703.00,-1520.00
[15:45:52.433] -1488.00,-4687.00,-1536.00
[15:45:52.470] -1488.00,-4695.00,-1526.00
[15:45:52.512] -1496.00,-4701.00,-1520.00
[15:45:52.552] -1470.00,-4695.00,-1538.00
[15:45:52.592] -1476.00,-4692.00,-1526.00
[15:45:52.630] -1483.00,-4695.00,-1536.00
[15:45:52.673] -1496.00,-4697.00,-1528.00
[15:45:52.712] -1493.00,-4690.00,-1528.00
[15:45:52.752] -1478.00,-4695.00,-1528.00
[15:45:52.793] -1481.00,-4685.00,-1528.00
[15:45:52.833] -1486.00,-4697.00,-1528.00
[15:45:52.871] -1498.00,-4703.00,-1528.00
[15:45:52.913] -1496.00,-4692.00,-1522.00
[15:45:52.951] -1501.00,-4692.00,-1531.00
[15:45:52.992] -1503.00,-4703.00,-1517.00
[15:45:53.033] -1486.00,-4706.00,-1528.00
[15:45:53.073] -1493.00,-4697.00,-1526.00
[15:45:53.112] -1486.00,-4687.00,-1541.00
[15:45:53.151] -1501.00,-4682.00,-1536.00
[15:45:53.191] -1501.00,-4703.00,-1536.00
[15:45:53.232] -1491.00,-4685.00,-1510.00
[15:45:53.272] -1473.00,-4697.00,-1536.00
[15:45:53.310] -1486.00,-4695.00,-1533.00
[15:45:53.353] -1491.00,-4697.00,-1533.00
[15:45:53.393] -1501.00,-4706.00,-1531.00
[15:45:53.433] -1506.00,-4695.00,-1528.00
[15:45:53.473] -1491.00,-4692.00,-1526.00
[15:45:53.511] -1476.00,-4697.00,-1531.00
[15:45:53.553] -1486.00,-4685.00,-1533.00
[15:45:53.591] -1476.00,-4680.00,-1512.00
[15:45:53.632] -1488.00,-4692.00,-1541.00
[15:45:53.671] -1491.00,-4697.00,-1538.00
[15:45:53.713] -1493.00,-4692.00,-1538.00
[15:45:53.752] -1481.00,-4695.00,-1528.00
[15:45:53.793] -1493.00,-4697.00,-1531.00
[15:45:53.831] -1486.00,-4697.00,-1533.00
[15:45:53.870] -1506.00,-4692.00,-1517.00
[15:45:53.913] -1496.00,-4697.00,-1531.00
[15:45:53.952] -1488.00,-4695.00,-1520.00
[15:45:53.993] -1496.00,-4706.00,-1528.00
[15:45:54.034] -1491.00,-4692.00,-1536.00
[15:45:54.070] -1498.00,-4682.00,-1517.00
[15:45:54.112] -1467.00,-4690.00,-1528.00
[15:45:54.151] -1486.00,-4690.00,-1533.00
[15:45:54.192] -1493.00,-4692.00,-1528.00
[15:45:54.232] -1493.00,-4701.00,-1533.00
[15:45:54.272] -1503.00,-4695.00,-1522.00
[15:45:54.313] -1483.00,-4701.00,-1517.00
[15:45:54.351] -1496.00,-4687.00,-1531.00
[15:45:54.391] -1506.00,-4695.00,-1526.00
[15:45:54.434] -1481.00,-4695.00,-1528.00
[15:45:54.472] -1470.00,-4690.00,-1522.00
[15:45:54.511] -1481.00,-4695.00,-1522.00
[15:45:54.552] -1488.00,-4692.00,-1533.00
[15:45:54.591] -1488.00,-4677.00,-1522.00
[15:45:54.633] -1491.00,-4697.00,-1536.00
[15:45:54.672] -1491.00,-4697.00,-1536.00
[15:45:54.712] -1506.00,-4708.00,-1517.00
[15:45:54.752] -1486.00,-4706.00,-1526.00
[15:45:54.791] -1476.00,-4695.00,-1528.00
[15:45:54.832] -1486.00,-4692.00,-1515.00
[15:45:54.872] -1486.00,-4692.00,-1533.00
[15:45:54.911] -1491.00,-4690.00,-1538.00
[15:45:54.951] -1486.00,-4685.00,-1528.00
[15:45:54.993] -1501.00,-4721.00,-1533.00
[15:45:55.033] -1483.00,-4690.00,-1538.00
[15:45:55.071] -1493.00,-4695.00,-1538.00
[15:45:55.112] -1465.00,-4692.00,-1526.00
[15:45:55.153] -1467.00,-4692.00,-1533.00
[15:45:55.193] -1498.00,-4701.00,-1526.00
[15:45:55.232] -1501.00,-4706.00,-1515.00
[15:45:55.272] -1493.00,-4695.00,-1528.00
[15:45:55.311] -1496.00,-4695.00,-1528.00
[15:45:55.353] -1488.00,-4692.00,-1531.00
[15:45:55.393] -1481.00,-4706.00,-1543.00
[15:45:55.432] -1488.00,-4708.00,-1538.00
[15:45:55.471] -1481.00,-4697.00,-1538.00
[15:45:55.511] -1498.00,-4687.00,-1533.00
[15:45:55.554] -1501.00,-4708.00,-1536.00
[15:45:55.591] -1501.00,-4690.00,-1515.00
[15:45:55.633] -1493.00,-4695.00,-1517.00
[15:45:55.671] -1496.00,-4711.00,-1531.00
[15:45:55.712] -1506.00,-4697.00,-1543.00
[15:45:55.753] -1488.00,-4695.00,-1526.00
[15:45:55.792] -1498.00,-4706.00,-1536.00
[15:45:55.832] -1488.00,-4685.00,-1517.00
[15:45:55.872] -1491.00,-4697.00,-1538.00
[15:45:55.913] -1491.00,-4690.00,-1533.00
[15:45:55.951] -1498.00,-4697.00,-1528.00
[15:45:55.991] -1491.00,-4692.00,-1531.00
[15:45:56.032] -1488.00,-4697.00,-1526.00
[15:45:56.072] -1473.00,-4716.00,-1541.00
[15:45:56.112] -1481.00,-4687.00,-1526.00
[15:45:56.152] -1481.00,-4708.00,-1541.00
[15:45:56.193] -1496.00,-4692.00,-1531.00
[15:45:56.233] -1486.00,-4701.00,-1536.00
[15:45:56.272] -1491.00,-4706.00,-1531.00
[15:45:56.311] -1486.00,-4706.00,-1531.00
[15:45:56.352] -1478.00,-4692.00,-1528.00
[15:45:56.390] -1488.00,-4703.00,-1520.00
[15:45:56.432] -1501.00,-4695.00,-1526.00
[15:45:56.472] -1496.00,-4716.00,-1520.00
[15:45:56.513] -1503.00,-4685.00,-1528.00
[15:45:56.552] -1483.00,-4697.00,-1515.00
[15:45:56.593] -1488.00,-4701.00,-1520.00
[15:45:56.632] -1481.00,-4695.00,-1515.00
[15:45:56.672] -1486.00,-4697.00,-1536.00
[15:45:56.711] -1491.00,-4706.00,-1548.00
[15:45:56.751] -1488.00,-4703.00,-1517.00
[15:45:56.793] -1498.00,-4695.00,-1533.00
[15:45:56.833] -1478.00,-4692.00,-1526.00
[15:45:56.871] -1501.00,-4708.00,-1533.00
[15:45:56.912] -1488.00,-4703.00,-1538.00
[15:45:56.952] -1506.00,-4692.00,-1522.00
[15:45:56.993] -1491.00,-4692.00,-1531.00
[15:45:57.033] -1488.00,-4692.00,-1520.00
[15:45:57.071] -1473.00,-4695.00,-1520.00
[15:45:57.112] -1488.00,-4695.00,-1526.00
[15:45:57.150] -1483.00,-4697.00,-1517.00
[15:45:57.191] -1488.00,-4701.00,-1533.00
[15:45:57.232] -1481.00,-4703.00,-1533.00
[15:45:57.272] -1493.00,-4703.00,-1520.00
[15:45:57.310] -1496.00,-4695.00,-1531.00
[15:45:57.352] -1496.00,-4713.00,-1526.00
[15:45:57.392] -1486.00,-4706.00,-1528.00
[15:45:57.432] -1493.00,-4695.00,-1526.00
[15:45:57.471] -1473.00,-4703.00,-1528.00
[15:45:57.513] -1481.00,-4687.00,-1528.00
[15:45:57.539] -1491.00,-4695.00,-1536.00
[15:45:57.591] -1481.00,-4690.00,-1531.00
[15:45:57.630] -1470.00,-4695.00,-1528.00
[15:45:57.670] -1498.00,-4697.00,-1536.00
[15:45:57.712] -1486.00,-4701.00,-1531.00
[15:45:57.751] -1483.00,-4711.00,-1538.00
[15:45:57.792] -1501.00,-4687.00,-1520.00
[15:45:57.831] -1488.00,-4677.00,-1536.00
[15:45:57.872] -1486.00,-4690.00,-1522.00
[15:45:57.912] -1486.00,-4701.00,-1528.00
[15:45:57.952] -1488.00,-4701.00,-1528.00
[15:45:57.991] -1498.00,-4701.00,-1538.00
[15:45:58.031] -1478.00,-4701.00,-1531.00
[15:45:58.073] -1496.00,-4697.00,-1528.00
[15:45:58.112] -1493.00,-4701.00,-1533.00
[15:45:58.151] -1483.00,-4711.00,-1536.00
[15:45:58.191] -1473.00,-4695.00,-1538.00
[15:45:58.231] -1498.00,-4697.00,-1536.00
[15:45:58.272] -1501.00,-4701.00,-1522.00
[15:45:58.311] -1481.00,-4690.00,-1517.00
[15:45:58.353] -1483.00,-4690.00,-1515.00
[15:45:58.392] -1491.00,-4701.00,-1531.00
[15:45:58.433] -1488.00,-4687.00,-1533.00
[15:45:58.472] -1481.00,-4697.00,-1533.00
[15:45:58.511] -1486.00,-4695.00,-1522.00
[15:45:58.551] -1501.00,-4716.00,-1526.00
[15:45:58.591] -1483.00,-4711.00,-1520.00
[15:45:58.632] -1470.00,-4701.00,-1531.00
[15:45:58.673] -1481.00,-4692.00,-1520.00
[15:45:58.713] -1483.00,-4701.00,-1536.00
[15:45:58.752] -1491.00,-4701.00,-1531.00
[15:45:58.793] -1491.00,-4701.00,-1526.00
[15:45:58.833] -1493.00,-4703.00,-1531.00
[15:45:58.871] -1488.00,-4695.00,-1528.00
[15:45:58.910] -1481.00,-4685.00,-1528.00
[15:45:58.951] -1493.00,-4695.00,-1536.00
[15:45:58.979] -1511.00,-4708.00,-1531.00
[15:45:59.032] -1486.00,-4695.00,-1531.00
[15:45:59.073] -1496.00,-4695.00,-1533.00
[15:45:59.111] -1498.00,-4695.00,-1517.00
[15:45:59.153] -1478.00,-4687.00,-1536.00
[15:45:59.192] -1493.00,-4697.00,-1536.00
[15:45:59.233] -1486.00,-4697.00,-1541.00
[15:45:59.271] -1483.00,-4692.00,-1531.00
[15:45:59.311] -1478.00,-4682.00,-1528.00
[15:45:59.353] -1470.00,-4701.00,-1526.00
[15:45:59.392] -1481.00,-4697.00,-1520.00
[15:45:59.432] -1493.00,-4703.00,-1526.00
[15:45:59.471] -1476.00,-4692.00,-1528.00
[15:45:59.510] -1498.00,-4695.00,-1522.00
[15:45:59.553] -1498.00,-4690.00,-1520.00
[15:45:59.591] -1491.00,-4695.00,-1526.00
[15:45:59.631] -1476.00,-4701.00,-1522.00
[15:45:59.672] -1488.00,-4695.00,-1548.00
[15:45:59.713] -1493.00,-4701.00,-1531.00
[15:45:59.751] -1483.00,-4701.00,-1543.00
[15:45:59.790] -1493.00,-4695.00,-1522.00
[15:45:59.831] -1481.00,-4677.00,-1526.00
[15:45:59.873] -1491.00,-4701.00,-1531.00
[15:45:59.912] -1481.00,-4692.00,-1531.00
[15:45:59.953] -1488.00,-4701.00,-1526.00
[15:45:59.991] -1498.00,-4706.00,-1520.00
[15:46:00.032] -1496.00,-4706.00,-1528.00
[15:46:00.073] -1481.00,-4711.00,-1533.00
[15:46:00.112] -1481.00,-4682.00,-1515.00
[15:46:00.151] -1467.00,-4677.00,-1517.00
[15:46:00.191] -1488.00,-4685.00,-1526.00
[15:46:00.231] -1486.00,-4701.00,-1536.00
[15:46:00.272] -1481.00,-4685.00,-1536.00
[15:46:00.313] -1488.00,-4716.00,-1546.00
[15:46:00.352] -1491.00,-4701.00,-1526.00
[15:46:00.391] -1491.00,-4706.00,-1531.00
[15:46:00.432] -1486.00,-4690.00,-1528.00
[15:46:00.471] -1488.00,-4708.00,-1533.00
[15:46:00.513] -1491.00,-4718.00,-1543.00
[15:46:00.551] -1493.00,-4706.00,-1536.00
[15:46:00.593] -1486.00,-4701.00,-1528.00
[15:46:00.631] -1473.00,-4713.00,-1528.00
[15:46:00.672] -1491.00,-4701.00,-1533.00
[15:46:00.712] -1493.00,-4701.00,-1528.00
[15:46:00.752] -1498.00,-4690.00,-1536.00
[15:46:00.780] -1481.00,-4695.00,-1531.00
[15:46:00.833] -1491.00,-4701.00,-1538.00
[15:46:00.871] -1491.00,-4706.00,-1536.00
[15:46:00.912] -1496.00,-4701.00,-1536.00
[15:46:00.950] -1481.00,-4697.00,-1517.00
[15:46:00.993] -1476.00,-4687.00,-1531.00
[15:46:01.032] -1496.00,-4697.00,-1531.00
[15:46:01.072] -1498.00,-4695.00,-1531.00
[15:46:01.111] -1498.00,-4701.00,-1531.00
[15:46:01.150] -1488.00,-4695.00,-1531.00
[15:46:01.193] -1465.00,-4687.00,-1533.00
[15:46:01.232] -1486.00,-4692.00,-1531.00
[15:46:01.270] -1493.00,-4701.00,-1531.00
[15:46:01.313] -1508.00,-4706.00,-1538.00
[15:46:01.352] -1501.00,-4706.00,-1520.00
[15:46:01.392] -1473.00,-4708.00,-1522.00
[15:46:01.431] -1476.00,-4697.00,-1536.00
[15:46:01.473] -1488.00,-4695.00,-1533.00
[15:46:01.513] -1488.00,-4697.00,-1528.00
[15:46:01.552] -1511.00,-4695.00,-1551.00
[15:46:01.593] -1496.00,-4692.00,-1528.00
[15:46:01.633] -1473.00,-4708.00,-1510.00
[15:46:01.670] -1496.00,-4706.00,-1531.00
[15:46:01.713] -1473.00,-4697.00,-1536.00
[15:46:01.752] -1488.00,-4708.00,-1533.00
[15:46:01.792] -1493.00,-4692.00,-1520.00
[15:46:01.832] -1486.00,-4713.00,-1536.00
[15:46:01.870] -1481.00,-4701.00,-1543.00
[15:46:01.914] -1488.00,-4706.00,-1533.00
[15:46:01.952] -1486.00,-4697.00,-1531.00
[15:46:01.991] -1496.00,-4687.00,-1533.00
[15:46:02.033] -1491.00,-4692.00,-1536.00
[15:46:02.074] -1498.00,-4708.00,-1520.00
[15:46:02.112] -1491.00,-4708.00,-1536.00
[15:46:02.151] -1493.00,-4697.00,-1531.00
[15:46:02.191] -1488.00,-4692.00,-1528.00
[15:46:02.231] -1488.00,-4692.00,-1533.00
[15:46:02.273] -1488.00,-4701.00,-1541.00
[15:46:02.313] -1478.00,-4697.00,-1512.00
[15:46:02.351] -1483.00,-4695.00,-1528.00
[15:46:02.391] -1483.00,-4697.00,-1531.00
[15:46:02.433] -1486.00,-4685.00,-1526.00
[15:46:02.472] -1483.00,-4690.00,-1536.00
[15:46:02.513] -1501.00,-4697.00,-1517.00
[15:46:02.551] -1488.00,-4695.00,-1536.00
[15:46:02.590] -1486.00,-4706.00,-1526.00
[15:46:02.633] -1486.00,-4701.00,-1520.00
[15:46:02.671] -1476.00,-4695.00,-1522.00
[15:46:02.710] -1481.00,-4687.00,-1543.00
[15:46:02.751] -1483.00,-4677.00,-1543.00
[15:46:02.792] -1493.00,-4692.00,-1536.00
[15:46:02.833] -1486.00,-4697.00,-1522.00
[15:46:02.872] -1498.00,-4697.00,-1522.00
[15:46:02.912] -1478.00,-4692.00,-1533.00
[15:46:02.952] -1478.00,-4695.00,-1522.00
[15:46:02.992] -1488.00,-4697.00,-1517.00
[15:46:03.032] -1493.00,-4697.00,-1526.00
[15:46:03.070] -1483.00,-4692.00,-1526.00
[15:46:03.112] -1473.00,-4690.00,-1526.00
[15:46:03.153] -1488.00,-4708.00,-1533.00
[15:46:03.193] -1481.00,-4701.00,-1526.00
[15:46:03.233] -1488.00,-4706.00,-1538.00
[15:46:03.270] -1476.00,-4695.00,-1531.00
[15:46:03.313] -1476.00,-4697.00,-1538.00
[15:46:03.352] -1486.00,-4706.00,-1551.00
[15:46:03.393] -1483.00,-4697.00,-1520.00
[15:46:03.431] -1476.00,-4685.00,-1512.00
[15:46:03.471] -1491.00,-4703.00,-1528.00
[15:46:03.513] -1498.00,-4697.00,-1526.00
[15:46:03.552] -1493.00,-4708.00,-1531.00
[15:46:03.591] -1483.00,-4701.00,-1522.00
[15:46:03.632] -1473.00,-4697.00,-1533.00
[15:46:03.670] -1496.00,-4697.00,-1543.00
[15:46:03.712] -1486.00,-4697.00,-1528.00
[15:46:03.751] -1493.00,-4701.00,-1533.00
[15:46:03.791] -1481.00,-4697.00,-1538.00
[15:46:03.830] -1488.00,-4692.00,-1520.00
[15:46:03.871] -1506.00,-4718.00,-1528.00
[15:46:03.911] -1491.00,-4706.00,-1522.00
[15:46:03.952] -1481.00,-4697.00,-1528.00
[15:46:03.993] -1493.00,-4695.00,-1528.00
[15:46:04.031] -1493.00,-4690.00,-1517.00
[15:46:04.072] -1486.00,-4695.00,-1531.00
[15:46:04.111] -1486.00,-4701.00,-1531.00
[15:46:04.150] -1467.00,-4701.00,-1531.00
[15:46:04.191] -1493.00,-4701.00,-1515.00
[15:46:04.233] -1481.00,-4697.00,-1531.00
[15:46:04.273] -1491.00,-4697.00,-1533.00
[15:46:04.313] -1491.00,-4701.00,-1533.00
[15:46:04.351] -1481.00,-4697.00,-1526.00
[15:46:04.393] -1496.00,-4690.00,-1522.00
[15:46:04.432] -1481.00,-4697.00,-1522.00
[15:46:04.471] -1486.00,-4701.00,-1526.00
[15:46:04.510] -1486.00,-4706.00,-1531.00
[15:46:04.551] -1486.00,-4701.00,-1531.00
[15:46:04.593] -1491.00,-4695.00,-1533.00
[15:46:04.633] -1486.00,-4677.00,-1536.00
[15:46:04.671] -1491.00,-4711.00,-1526.00
[15:46:04.711] -1491.00,-4701.00,-1543.00
[15:46:04.753] -1483.00,-4703.00,-1533.00
[15:46:04.792] -1486.00,-4692.00,-1548.00
[15:46:04.831] -1491.00,-4692.00,-1528.00
[15:46:04.871] -1491.00,-4685.00,-1526.00
[15:46:04.910] -1491.00,-4701.00,-1533.00
[15:46:04.954] -1486.00,-4711.00,-1531.00
[15:46:04.979] -1481.00,-4703.00,-1522.00
[15:46:05.033] -1473.00,-4695.00,-1517.00
[15:46:05.071] -1491.00,-4690.00,-1536.00
[15:46:05.112] -1511.00,-4701.00,-1526.00
[15:46:05.140] -1491.00,-4708.00,-1536.00
[15:46:05.193] -1493.00,-4706.00,-1528.00
[15:46:05.231] -1491.00,-4690.00,-1528.00
[15:46:05.271] -1496.00,-4701.00,-1531.00
[15:46:05.314] -1496.00,-4697.00,-1533.00
[15:46:05.353] -1508.00,-4706.00,-1528.00
[15:46:05.391] -1488.00,-4701.00,-1528.00
[15:46:05.431] -1483.00,-4701.00,-1531.00
[15:46:05.471] -1483.00,-4685.00,-1526.00
[15:46:05.513] -1478.00,-4695.00,-1520.00
[15:46:05.553] -1491.00,-4713.00,-1528.00
[15:46:05.592] -1481.00,-4690.00,-1520.00
[15:46:05.630] -1496.00,-4708.00,-1538.00
[15:46:05.672] -1496.00,-4692.00,-1528.00
[15:46:05.713] -1493.00,-4697.00,-1517.00
[15:46:05.751] -1486.00,-4690.00,-1531.00
[15:46:05.793] -1486.00,-4701.00,-1531.00
[15:46:05.832] -1488.00,-4695.00,-1528.00
[15:46:05.871] -1486.00,-4690.00,-1536.00
[15:46:05.912] -1476.00,-4703.00,-1526.00
[15:46:05.952] -1478.00,-4695.00,-1531.00
[15:46:05.992] -1486.00,-4690.00,-1526.00
[15:46:06.032] -1496.00,-4706.00,-1541.00
[15:46:06.071] -1483.00,-4706.00,-1538.00
[15:46:06.112] -1496.00,-4703.00,-1531.00
[15:46:06.151] -1498.00,-4697.00,-1528.00
[15:46:06.193] -1488.00,-4692.00,-1520.00
[15:46:06.231] -1491.00,-4697.00,-1526.00
[15:46:06.271] -1493.00,-4706.00,-1528.00
[15:46:06.313] -1476.00,-4692.00,-1536.00
[15:46:06.351] -1481.00,-4685.00,-1522.00
[15:46:06.391] -1496.00,-4721.00,-1538.00
[15:46:06.434] -1486.00,-4711.00,-1538.00
[15:46:06.471] -1486.00,-4687.00,-1533.00
[15:46:06.500] -1483.00,-4695.00,-1522.00
[15:46:06.552] -1498.00,-4697.00,-1541.00
[15:46:06.591] -1506.00,-4716.00,-1520.00
[15:46:06.634] -1486.00,-4706.00,-1533.00
[15:46:06.671] -1488.00,-4706.00,-1526.00
[15:46:06.712] -1493.00,-4703.00,-1522.00
[15:46:06.752] -1493.00,-4695.00,-1538.00
[15:46:06.792] -1493.00,-4695.00,-1538.00
[15:46:06.831] -1488.00,-4701.00,-1522.00
[15:46:06.870] -1503.00,-4716.00,-1533.00
[15:46:06.911] -1481.00,-4701.00,-1531.00
[15:46:06.952] -1481.00,-4695.00,-1528.00
[15:46:06.992] -1488.00,-4701.00,-1526.00
[15:46:07.033] -1481.00,-4687.00,-1526.00
[15:46:07.070] -1498.00,-4690.00,-1536.00
[15:46:07.111] -1473.00,-4701.00,-1512.00
[15:46:07.151] -1481.00,-4692.00,-1528.00
[15:46:07.191] -1481.00,-4692.00,-1528.00
[15:46:07.231] -1488.00,-4692.00,-1528.00
[15:46:07.271] -1467.00,-4697.00,-1538.00
[15:46:07.313] -1486.00,-4703.00,-1536.00
[15:46:07.339] -1498.00,-4695.00,-1536.00
[15:46:07.393] -1488.00,-4701.00,-1528.00
[15:46:07.431] -1496.00,-4685.00,-1526.00
[15:46:07.472] -1488.00,-4690.00,-1531.00
[15:46:07.511] -1486.00,-4711.00,-1526.00
[15:46:07.551] -1478.00,-4692.00,-1538.00
[15:46:07.591] -1488.00,-4695.00,-1526.00
[15:46:07.632] -1478.00,-4697.00,-1531.00
[15:46:07.673] -1498.00,-4701.00,-1531.00
[15:46:07.713] -1501.00,-4690.00,-1515.00
[15:46:07.751] -1501.00,-4697.00,-1522.00
[15:46:07.791] -1496.00,-4706.00,-1531.00
[15:46:07.833] -1486.00,-4697.00,-1538.00
[15:46:07.872] -1513.00,-4695.00,-1526.00
[15:46:07.910] -1491.00,-4697.00,-1520.00
[15:46:07.950] -1488.00,-4718.00,-1528.00
[15:46:07.992] -1470.00,-4692.00,-1528.00
[15:46:08.031] -1486.00,-4695.00,-1531.00
[15:46:08.072] -1506.00,-4706.00,-1533.00
[15:46:08.111] -1491.00,-4697.00,-1526.00
[15:46:08.150] -1481.00,-4695.00,-1533.00
[15:46:08.193] -1491.00,-4706.00,-1531.00
[15:46:08.231] -1486.00,-4711.00,-1541.00
[15:46:08.271] -1486.00,-4701.00,-1536.00
[15:46:08.310] -1483.00,-4697.00,-1543.00
[15:46:08.351] -1498.00,-4703.00,-1533.00
[15:46:08.392] -1498.00,-4697.00,-1531.00
[15:46:08.430] -1491.00,-4697.00,-1533.00
[15:46:08.471] -1481.00,-4690.00,-1546.00
[15:46:08.511] -1481.00,-4701.00,-1533.00
[15:46:08.551] -1470.00,-4692.00,-1528.00
[15:46:08.579] -1486.00,-4692.00,-1526.00
[15:46:08.631] -1483.00,-4703.00,-1522.00
[15:46:08.671] -1476.00,-4695.00,-1517.00
[15:46:08.712] -1491.00,-4692.00,-1526.00
[15:46:08.739] -1488.00,-4713.00,-1520.00
[15:46:08.792] -1478.00,-4685.00,-1515.00
[15:46:08.831] -1483.00,-4692.00,-1536.00
[15:46:08.873] -1481.00,-4708.00,-1536.00
[15:46:08.912] -1496.00,-4701.00,-1531.00
[15:46:08.952] -1481.00,-4695.00,-1536.00
[15:46:08.993] -1496.00,-4701.00,-1520.00
[15:46:09.031] -1473.00,-4692.00,-1533.00
[15:46:09.073] -1488.00,-4706.00,-1528.00
[15:46:09.112] -1476.00,-4695.00,-1526.00
[15:46:09.152] -1481.00,-4692.00,-1531.00
[15:46:09.191] -1491.00,-4711.00,-1526.00
[15:46:09.232] -1483.00,-4697.00,-1520.00
[15:46:09.272] -1493.00,-4711.00,-1528.00
[15:46:09.313] -1483.00,-4701.00,-1531.00
[15:46:09.351] -1488.00,-4697.00,-1548.00
[15:46:09.379] -1483.00,-4703.00,-1533.00
[15:46:09.432] -1493.00,-4695.00,-1538.00
[15:46:09.471] -1501.00,-4708.00,-1526.00
[15:46:09.511] -1491.00,-4697.00,-1538.00
[15:46:09.551] -1496.00,-4708.00,-1531.00
[15:46:09.593] -1486.00,-4701.00,-1528.00
[15:46:09.632] -1483.00,-4706.00,-1538.00
[15:46:09.672] -1496.00,-4708.00,-1536.00
[15:46:09.699] -1496.00,-4695.00,-1526.00
[15:46:09.751] -1486.00,-4690.00,-1528.00
[15:46:09.791] -1481.00,-4711.00,-1536.00
[15:46:09.831] -1486.00,-4703.00,-1533.00
[15:46:09.870] -1486.00,-4703.00,-1536.00
[15:46:09.898] -1491.00,-4708.00,-1522.00
[15:46:09.950] -1481.00,-4708.00,-1538.00
[15:46:09.994] -1476.00,-4706.00,-1531.00
[15:46:10.019] -1478.00,-4701.00,-1528.00
[15:46:10.072] -1483.00,-4701.00,-1536.00
[15:46:10.112] -1488.00,-4697.00,-1533.00
[15:46:10.153] -1478.00,-4697.00,-1522.00
[15:46:10.191] -1473.00,-4692.00,-1528.00
[15:46:10.231] -1467.00,-4695.00,-1533.00
[15:46:10.271] -1491.00,-4703.00,-1533.00
[15:46:10.311] -1478.00,-4695.00,-1528.00
[15:46:10.352] -1498.00,-4703.00,-1528.00
[15:46:10.392] -1496.00,-4711.00,-1531.00
[15:46:10.431] -1486.00,-4687.00,-1526.00
[15:46:10.470] -1478.00,-4701.00,-1526.00
[15:46:10.514] -1493.00,-4706.00,-1522.00
[15:46:10.540] -1478.00,-4697.00,-1538.00
[15:46:10.578] -1470.00,-4695.00,-1520.00
[15:46:10.633] -1467.00,-4701.00,-1533.00
[15:46:10.671] -1481.00,-4708.00,-1526.00
[15:46:10.712] -1488.00,-4703.00,-1533.00
[15:46:10.751] -1483.00,-4706.00,-1541.00
[15:46:10.792] -1476.00,-4677.00,-1526.00
[15:46:10.830] -1491.00,-4701.00,-1536.00
[15:46:10.872] -1486.00,-4711.00,-1551.00
[15:46:10.911] -1493.00,-4697.00,-1533.00
[15:46:10.953] -1488.00,-4701.00,-1531.00
[15:46:10.991] -1493.00,-4685.00,-1533.00
[15:46:11.032] -1470.00,-4680.00,-1520.00
[15:46:11.060] -1478.00,-4692.00,-1538.00
[15:46:11.111] -1486.00,-4697.00,-1531.00
[15:46:11.151] -1486.00,-4703.00,-1538.00
[15:46:11.192] -1493.00,-4697.00,-1528.00
[15:46:11.232] -1496.00,-4701.00,-1536.00
[15:46:11.271] -1486.00,-4701.00,-1512.00
[15:46:11.312] -1481.00,-4697.00,-1536.00
[15:46:11.352] -1491.00,-4697.00,-1536.00
[15:46:11.391] -1488.00,-4695.00,-1531.00
[15:46:11.432] -1478.00,-4703.00,-1522.00
[15:46:11.473] -1506.00,-4695.00,-1531.00
[15:46:11.511] -1478.00,-4685.00,-1522.00
[15:46:11.551] -1496.00,-4703.00,-1543.00
[15:46:11.591] -1481.00,-4692.00,-1531.00
[15:46:11.633] -1483.00,-4692.00,-1526.00
[15:46:11.671] -1486.00,-4697.00,-1543.00
[15:46:11.712] -1491.00,-4703.00,-1531.00
[15:46:11.750] -1481.00,-4703.00,-1536.00
[15:46:11.793] -1483.00,-4695.00,-1531.00
[15:46:11.833] -1483.00,-4697.00,-1538.00
[15:46:11.872] -1498.00,-4703.00,-1531.00
[15:46:11.912] -1508.00,-4692.00,-1522.00
[15:46:11.951] -1483.00,-4701.00,-1528.00
[15:46:11.993] -1483.00,-4692.00,-1538.00
[15:46:12.031] -1483.00,-4695.00,-1522.00
[15:46:12.071] -1478.00,-4703.00,-1526.00
[15:46:12.111] -1483.00,-4711.00,-1551.00
[15:46:12.151] -1496.00,-4695.00,-1517.00
[15:46:12.192] -1501.00,-4687.00,-1533.00
[15:46:12.233] -1496.00,-4706.00,-1531.00
[15:46:12.271] -1478.00,-4697.00,-1520.00
[15:46:12.310] -1473.00,-4706.00,-1515.00
[15:46:12.339] -1491.00,-4695.00,-1538.00
[15:46:12.394] -1498.00,-4701.00,-1536.00
[15:46:12.431] -1498.00,-4695.00,-1526.00
[15:46:12.473] -1483.00,-4692.00,-1533.00
[15:46:12.512] -1476.00,-4708.00,-1526.00
[15:46:12.551] -1481.00,-4706.00,-1538.00
[15:46:12.591] -1486.00,-4692.00,-1536.00
[15:46:12.631] -1486.00,-4697.00,-1536.00
[15:46:12.673] -1488.00,-4703.00,-1538.00
[15:46:12.711] -1483.00,-4703.00,-1538.00
[15:46:12.751] -1486.00,-4701.00,-1531.00
[15:46:12.792] -1486.00,-4706.00,-1526.00
[15:46:12.831] -1483.00,-4695.00,-1528.00
[15:46:12.872] -1496.00,-4697.00,-1541.00
[15:46:12.911] -1478.00,-4697.00,-1528.00
[15:46:12.952] -1478.00,-4690.00,-1526.00
[15:46:12.992] -1473.00,-4685.00,-1533.00
[15:46:13.032] -1488.00,-4713.00,-1528.00
[15:46:13.073] -1491.00,-4687.00,-1526.00
[15:46:13.113] -1491.00,-4701.00,-1541.00
[15:46:13.150] -1491.00,-4703.00,-1533.00
[15:46:13.178] -1491.00,-4685.00,-1522.00
[15:46:13.233] -1476.00,-4706.00,-1526.00
[15:46:13.272] -1486.00,-4692.00,-1531.00
[15:46:13.311] -1483.00,-4706.00,-1522.00
[15:46:13.351] -1483.00,-4697.00,-1531.00
[15:46:13.391] -1491.00,-4697.00,-1541.00
[15:46:13.432] -1493.00,-4711.00,-1541.00
[15:46:13.473] -1486.00,-4695.00,-1522.00
[15:46:13.512] -1478.00,-4692.00,-1522.00
[15:46:13.551] -1486.00,-4703.00,-1522.00
[15:46:13.591] -1496.00,-4682.00,-1538.00
[15:46:13.631] -1493.00,-4701.00,-1536.00
[15:46:13.658] -1506.00,-4695.00,-1543.00
[15:46:13.712] -1467.00,-4697.00,-1536.00
[15:46:13.751] -1473.00,-4703.00,-1538.00
[15:46:13.793] -1498.00,-4697.00,-1526.00
[15:46:13.819] -1496.00,-4690.00,-1541.00
[15:46:13.872] -1498.00,-4708.00,-1536.00
[15:46:13.911] -1506.00,-4708.00,-1543.00
[15:46:13.951] -1488.00,-4703.00,-1531.00
[15:46:13.991] -1488.00,-4706.00,-1536.00
[15:46:14.031] -1501.00,-4701.00,-1528.00
[15:46:14.071] -1483.00,-4695.00,-1533.00
[15:46:14.110] -1496.00,-4703.00,-1520.00
[15:46:14.153] -1481.00,-4687.00,-1522.00
[15:46:14.192] -1483.00,-4695.00,-1533.00
[15:46:14.231] -1488.00,-4706.00,-1536.00
[15:46:14.273] -1476.00,-4711.00,-1528.00
[15:46:14.311] -1483.00,-4701.00,-1536.00
[15:46:14.351] -1513.00,-4703.00,-1533.00
[15:46:14.391] -1491.00,-4703.00,-1536.00
[15:46:14.433] -1496.00,-4703.00,-1531.00
[15:46:14.472] -1488.00,-4708.00,-1531.00
[15:46:14.512] -1483.00,-4703.00,-1536.00
[15:46:14.551] -1488.00,-4682.00,-1528.00
[15:46:14.591] -1467.00,-4695.00,-1528.00
[15:46:14.631] -1486.00,-4687.00,-1515.00
[15:46:14.674] -1483.00,-4697.00,-1533.00
[15:46:14.700] -1476.00,-4703.00,-1528.00
[15:46:14.751] -1496.00,-4697.00,-1528.00
[15:46:14.791] -1498.00,-4711.00,-1517.00
[15:46:14.831] -1478.00,-4690.00,-1526.00
[15:46:14.870] -1498.00,-4711.00,-1538.00
[15:46:14.913] -1491.00,-4697.00,-1533.00
[15:46:14.953] -1501.00,-4697.00,-1520.00
[15:46:14.992] -1460.00,-4677.00,-1526.00
[15:46:15.030] -1486.00,-4695.00,-1536.00
[15:46:15.073] -1481.00,-4685.00,-1541.00
[15:46:15.113] -1486.00,-4697.00,-1528.00
[15:46:15.151] -1496.00,-4695.00,-1541.00
[15:46:15.190] -1498.00,-4687.00,-1531.00
[15:46:15.232] -1496.00,-4721.00,-1520.00
[15:46:15.272] -1496.00,-4690.00,-1533.00
[15:46:15.313] -1476.00,-4687.00,-1533.00
[15:46:15.353] -1486.00,-4697.00,-1543.00
[15:46:15.391] -1486.00,-4692.00,-1536.00
[15:46:15.432] -1493.00,-4713.00,-1538.00
[15:46:15.473] -1488.00,-4687.00,-1526.00
[15:46:15.513] -1481.00,-4701.00,-1538.00
[15:46:15.550] -1483.00,-4703.00,-1526.00
[15:46:15.593] -1483.00,-4695.00,-1531.00
[15:46:15.632] -1478.00,-4690.00,-1526.00
[15:46:15.672] -1496.00,-4692.00,-1533.00
[15:46:15.711] -1488.00,-4703.00,-1531.00
[15:46:15.751] -1486.00,-4706.00,-1520.00
[15:46:15.792] -1503.00,-4701.00,-1528.00
[15:46:15.832] -1478.00,-4695.00,-1528.00
[15:46:15.871] -1476.00,-4685.00,-1546.00
[15:46:15.912] -1483.00,-4697.00,-1543.00
[15:46:15.954] -1496.00,-4701.00,-1531.00
[15:46:15.991] -1498.00,-4697.00,-1520.00
[15:46:16.032] -1488.00,-4697.00,-1543.00
[15:46:16.073] -1498.00,-4695.00,-1548.00
[15:46:16.111] -1503.00,-4708.00,-1515.00
[15:46:16.151] -1486.00,-4701.00,-1531.00
[15:46:16.193] -1488.00,-4701.00,-1538.00
[15:46:16.233] -1493.00,-4706.00,-1533.00
[15:46:16.271] -1488.00,-4697.00,-1520.00
[15:46:16.311] -1473.00,-4695.00,-1520.00
[15:46:16.351] -1462.00,-4682.00,-1526.00
[15:46:16.391] -1498.00,-4713.00,-1528.00
[15:46:16.431] -1503.00,-4703.00,-1520.00
[15:46:16.471] -1488.00,-4701.00,-1531.00
[15:46:16.513] -1470.00,-4708.00,-1528.00
[15:46:16.552] -1465.00,-4697.00,-1538.00
[15:46:16.591] -1486.00,-4708.00,-1531.00
[15:46:16.631] -1488.00,-4703.00,-1528.00
[15:46:16.673] -1486.00,-4697.00,-1533.00
[15:46:16.711] -1498.00,-4713.00,-1536.00
[15:46:16.753] -1473.00,-4701.00,-1517.00
[15:46:16.792] -1481.00,-4690.00,-1533.00
[15:46:16.830] -1496.00,-4706.00,-1533.00
[15:46:16.861] -1473.00,-4697.00,-1531.00
[15:46:16.912] -1473.00,-4697.00,-1531.00
[15:46:16.952] -1493.00,-4716.00,-1538.00
[15:46:16.991] -1506.00,-4703.00,-1528.00
[15:46:17.030] -1491.00,-4708.00,-1541.00
[15:46:17.071] -1486.00,-4703.00,-1536.00
[15:46:17.111] -1476.00,-4690.00,-1531.00
[15:46:17.151] -1498.00,-4708.00,-1531.00
[15:46:17.191] -1493.00,-4706.00,-1533.00
[15:46:17.231] -1488.00,-4685.00,-1531.00
[15:46:17.273] -1483.00,-4687.00,-1520.00
[15:46:17.311] -1496.00,-4711.00,-1528.00
[15:46:17.351] -1506.00,-4706.00,-1528.00
[15:46:17.393] -1473.00,-4687.00,-1543.00
[15:46:17.433] -1483.00,-4716.00,-1541.00
[15:46:17.471] -1501.00,-4695.00,-1533.00
[15:46:17.511] -1481.00,-4697.00,-1538.00
[15:46:17.551] -1491.00,-4695.00,-1533.00
[15:46:17.589] -1476.00,-4695.00,-1526.00
[15:46:17.631] -1488.00,-4701.00,-1536.00
[15:46:17.671] -1483.00,-4690.00,-1536.00
[15:46:17.711] -1496.00,-4697.00,-1536.00
[15:46:17.751] -1481.00,-4701.00,-1528.00
[15:46:17.792] -1488.00,-4706.00,-1533.00
[15:46:17.833] -1493.00,-4695.00,-1517.00
[15:46:17.871] -1493.00,-4690.00,-1538.00
[15:46:17.910] -1493.00,-4708.00,-1536.00
[15:46:17.951] -1493.00,-4703.00,-1536.00
[15:46:17.994] -1488.00,-4697.00,-1533.00
[15:46:18.031] -1486.00,-4682.00,-1533.00
[15:46:18.070] -1483.00,-4697.00,-1515.00
[15:46:18.113] -1483.00,-4697.00,-1531.00
[15:46:18.151] -1483.00,-4708.00,-1531.00
[15:46:18.192] -1488.00,-4697.00,-1533.00
[15:46:18.233] -1486.00,-4692.00,-1538.00
[15:46:18.271] -1488.00,-4692.00,-1543.00
[15:46:18.311] -1493.00,-4706.00,-1522.00
[15:46:18.351] -1501.00,-4695.00,-1533.00
[15:46:18.393] -1491.00,-4706.00,-1538.00
[15:46:18.431] -1491.00,-4706.00,-1538.00
[15:46:18.472] -1496.00,-4697.00,-1531.00
[15:46:18.513] -1481.00,-4703.00,-1531.00
[15:46:18.552] -1473.00,-4690.00,-1531.00
[15:46:18.591] -1486.00,-4695.00,-1531.00
[15:46:18.631] -1486.00,-4701.00,-1536.00
[15:46:18.672] -1478.00,-4703.00,-1531.00
[15:46:18.713] -1476.00,-4695.00,-1528.00
[15:46:18.751] -1476.00,-4708.00,-1528.00
[15:46:18.792] -1483.00,-4706.00,-1543.00
[15:46:18.831] -1491.00,-4703.00,-1522.00
[15:46:18.872] -1488.00,-4703.00,-1520.00
[15:46:18.911] -1488.00,-4692.00,-1522.00
[15:46:18.937] -1493.00,-4695.00,-1526.00
[15:46:18.993] -1478.00,-4687.00,-1533.00
[15:46:19.033] -1491.00,-4708.00,-1526.00
[15:46:19.072] -1486.00,-4695.00,-1531.00
[15:46:19.113] -1488.00,-4697.00,-1522.00
[15:46:19.150] -1488.00,-4706.00,-1536.00
[15:46:19.192] -1488.00,-4708.00,-1533.00
[15:46:19.232] -1486.00,-4690.00,-1538.00
[15:46:19.272] -1493.00,-4692.00,-1533.00
[15:46:19.312] -1488.00,-4692.00,-1531.00
[15:46:19.350] -1478.00,-4711.00,-1522.00
[15:46:19.392] -1483.00,-4701.00,-1541.00
[15:46:19.431] -1483.00,-4697.00,-1536.00
[15:46:19.471] -1483.00,-4695.00,-1528.00
[15:46:19.510] -1486.00,-4697.00,-1536.00
[15:46:19.550] -1496.00,-4703.00,-1541.00
[15:46:19.592] -1483.00,-4685.00,-1522.00
[15:46:19.633] -1486.00,-4703.00,-1561.00
[15:46:19.672] -1473.00,-4697.00,-1536.00
[15:46:19.711] -1491.00,-4703.00,-1526.00
[15:46:19.753] -1491.00,-4701.00,-1533.00
[15:46:19.791] -1496.00,-4703.00,-1517.00
[15:46:19.832] -1481.00,-4711.00,-1531.00
[15:46:19.871] -1486.00,-4677.00,-1531.00
[15:46:19.912] -1493.00,-4701.00,-1533.00
[15:46:19.952] -1493.00,-4692.00,-1536.00
[15:46:19.992] -1486.00,-4706.00,-1541.00
[15:46:20.031] -1486.00,-4692.00,-1531.00
[15:46:20.071] -1476.00,-4690.00,-1531.00
[15:46:20.112] -1493.00,-4713.00,-1541.00
[15:46:20.151] -1488.00,-4703.00,-1531.00
[15:46:20.192] -1481.00,-4703.00,-1533.00
[15:46:20.231] -1486.00,-4701.00,-1526.00
[15:46:20.273] -1488.00,-4695.00,-1517.00
[15:46:20.312] -1473.00,-4706.00,-1536.00
[15:46:20.353] -1470.00,-4690.00,-1522.00
[15:46:20.391] -1493.00,-4687.00,-1531.00
[15:46:20.430] -1483.00,-4687.00,-1541.00
[15:46:20.471] -1491.00,-4697.00,-1551.00
[15:46:20.512] -1491.00,-4695.00,-1517.00
[15:46:20.551] -1493.00,-4703.00,-1533.00
[15:46:20.591] -1488.00,-4703.00,-1528.00
[15:46:20.630] -1503.00,-4677.00,-1538.00
[15:46:20.673] -1473.00,-4701.00,-1526.00
[15:46:20.711] -1483.00,-4701.00,-1517.00
[15:46:20.751] -1476.00,-4701.00,-1526.00
[15:46:20.790] -1486.00,-4706.00,-1531.00
[15:46:20.819] -1483.00,-4697.00,-1536.00
[15:46:20.871] -1491.00,-4687.00,-1528.00
[15:46:20.911] -1476.00,-4692.00,-1520.00
[15:46:20.951] -1488.00,-4706.00,-1538.00
[15:46:20.991] -1498.00,-4695.00,-1533.00
[15:46:21.032] -1486.00,-4703.00,-1536.00
[15:46:21.073] -1493.00,-4706.00,-1541.00
[15:46:21.099] -1481.00,-4697.00,-1522.00
[15:46:21.152] -1483.00,-4682.00,-1520.00
[15:46:21.192] -1498.00,-4692.00,-1546.00
[15:46:21.232] -1473.00,-4711.00,-1528.00
[15:46:21.271] -1488.00,-4695.00,-1538.00
[15:46:21.313] -1493.00,-4690.00,-1528.00
[15:46:21.351] -1493.00,-4706.00,-1526.00
[15:46:21.393] -1476.00,-4701.00,-1526.00
[15:46:21.431] -1491.00,-4706.00,-1533.00
[15:46:21.472] -1491.00,-4706.00,-1531.00
[15:46:21.512] -1488.00,-4701.00,-1526.00
[15:46:21.552] -1491.00,-4708.00,-1533.00
[15:46:21.592] -1481.00,-4697.00,-1528.00
[15:46:21.631] -1476.00,-4695.00,-1517.00
[15:46:21.669] -1488.00,-4703.00,-1528.00
[15:46:21.712] -1483.00,-4697.00,-1533.00
[15:46:21.752] -1486.00,-4690.00,-1546.00
[15:46:21.791] -1476.00,-4701.00,-1533.00
[15:46:21.830] -1481.00,-4706.00,-1528.00
[15:46:21.872] -1493.00,-4697.00,-1531.00
[15:46:21.912] -1491.00,-4697.00,-1531.00
[15:46:21.951] -1491.00,-4697.00,-1531.00
[15:46:21.992] -1481.00,-4708.00,-1541.00
[15:46:22.032] -1493.00,-4692.00,-1536.00
[15:46:22.071] -1486.00,-4695.00,-1528.00
[15:46:22.112] -1467.00,-4680.00,-1526.00
[15:46:22.151] -1488.00,-4703.00,-1536.00
[15:46:22.191] -1478.00,-4682.00,-1520.00
[15:46:22.232] -1486.00,-4695.00,-1536.00
[15:46:22.273] -1488.00,-4701.00,-1531.00
[15:46:22.313] -1498.00,-4706.00,-1531.00
[15:46:22.352] -1486.00,-4701.00,-1533.00
[15:46:22.392] -1498.00,-4706.00,-1533.00
[15:46:22.432] -1491.00,-4695.00,-1538.00
[15:46:22.471] -1491.00,-4701.00,-1536.00
[15:46:22.510] -1481.00,-4697.00,-1522.00
[15:46:22.553] -1491.00,-4703.00,-1526.00
[15:46:22.592] -1483.00,-4697.00,-1528.00
[15:46:22.631] -1481.00,-4690.00,-1533.00
[15:46:22.671] -1493.00,-4716.00,-1533.00
[15:46:22.711] -1476.00,-4697.00,-1536.00
[15:46:22.752] -1486.00,-4703.00,-1543.00
[15:46:22.791] -1498.00,-4687.00,-1526.00
[15:46:22.831] -1486.00,-4701.00,-1533.00
[15:46:22.870] -1486.00,-4708.00,-1528.00
[15:46:22.910] -1473.00,-4695.00,-1526.00
[15:46:22.954] -1493.00,-4703.00,-1538.00
[15:46:22.991] -1493.00,-4690.00,-1526.00
[15:46:23.031] -1483.00,-4697.00,-1526.00
[15:46:23.070] -1476.00,-4697.00,-1528.00
[15:46:23.112] -1486.00,-4701.00,-1533.00
[15:46:23.151] -1488.00,-4692.00,-1533.00
[15:46:23.193] -1481.00,-4708.00,-1528.00
[15:46:23.230] -1491.00,-4703.00,-1536.00
[15:46:23.271] -1493.00,-4692.00,-1526.00
[15:46:23.299] -1491.00,-4695.00,-1515.00
[15:46:23.350] -1503.00,-4713.00,-1541.00
[15:46:23.393] -1496.00,-4706.00,-1543.00
[15:46:23.431] -1501.00,-4706.00,-1536.00
[15:46:23.473] -1486.00,-4703.00,-1533.00
[15:46:23.511] -1478.00,-4697.00,-1538.00
[15:46:23.551] -1493.00,-4695.00,-1536.00
[15:46:23.590] -1481.00,-4690.00,-1526.00
[15:46:23.633] -1476.00,-4692.00,-1531.00
[15:46:23.671] -1483.00,-4706.00,-1528.00
[15:46:23.711] -1486.00,-4711.00,-1526.00
[15:46:23.751] -1486.00,-4690.00,-1528.00
[15:46:23.794] -1483.00,-4701.00,-1520.00
[15:46:23.831] -1488.00,-4695.00,-1533.00
[15:46:23.858] -1478.00,-4692.00,-1531.00
[15:46:23.911] -1503.00,-4706.00,-1522.00
[15:46:23.952] -1483.00,-4695.00,-1536.00
[15:46:23.993] -1481.00,-4687.00,-1541.00
[15:46:24.030] -1486.00,-4697.00,-1522.00
[15:46:24.073] -1493.00,-4703.00,-1528.00
[15:46:24.111] -1486.00,-4703.00,-1536.00
[15:46:24.152] -1496.00,-4706.00,-1528.00
[15:46:24.193] -1493.00,-4703.00,-1543.00
[15:46:24.231] -1483.00,-4685.00,-1520.00
[15:46:24.273] -1501.00,-4708.00,-1533.00
[15:46:24.310] -1481.00,-4695.00,-1531.00
[15:46:24.351] -1486.00,-4701.00,-1538.00
[15:46:24.392] -1488.00,-4687.00,-1522.00
[15:46:24.433] -1467.00,-4692.00,-1531.00
[15:46:24.470] -1486.00,-4697.00,-1536.00
[15:46:24.511] -1491.00,-4697.00,-1520.00
[15:46:24.553] -1491.00,-4692.00,-1531.00
[15:46:24.591] -1483.00,-4701.00,-1526.00
[15:46:24.633] -1483.00,-4695.00,-1543.00
[15:46:24.672] -1486.00,-4701.00,-1538.00
[15:46:24.713] -1496.00,-4682.00,-1520.00
[15:46:24.739] -1483.00,-4708.00,-1533.00
[15:46:24.777] -1486.00,-4697.00,-1526.00
[15:46:24.832] -1470.00,-4687.00,-1536.00
[15:46:24.871] -1478.00,-4701.00,-1522.00
[15:46:24.910] -1488.00,-4716.00,-1533.00
[15:46:24.950] -1496.00,-4708.00,-1536.00
[15:46:24.990] -1486.00,-4695.00,-1536.00
[15:46:25.031] -1501.00,-4703.00,-1533.00
[15:46:25.071] -1498.00,-4701.00,-1538.00
[15:46:25.111] -1491.00,-4703.00,-1536.00
[15:46:25.152] -1501.00,-4703.00,-1546.00
[15:46:25.192] -1488.00,-4701.00,-1522.00
[15:46:25.233] -1488.00,-4701.00,-1531.00
[15:46:25.271] -1473.00,-4697.00,-1522.00
[15:46:25.311] -1473.00,-4703.00,-1512.00
[15:46:25.350] -1462.00,-4703.00,-1533.00
[15:46:25.392] -1501.00,-4711.00,-1517.00
[15:46:25.431] -1491.00,-4697.00,-1543.00
[15:46:25.471] -1491.00,-4697.00,-1543.00
[15:46:25.511] -1488.00,-4711.00,-1538.00
[15:46:25.539] -1478.00,-4708.00,-1520.00
[15:46:25.591] -1483.00,-4690.00,-1533.00
[15:46:25.631] -1481.00,-4692.00,-1528.00
[15:46:25.670] -1486.00,-4706.00,-1531.00
[15:46:25.713] -1486.00,-4697.00,-1522.00
[15:46:25.753] -1488.00,-4708.00,-1531.00
[15:46:25.791] -1470.00,-4692.00,-1531.00
