# Serial Log - 2026-04-11T15:57:40.345316
# Port: COM24 @ 115200bps
#============================================================
[15:57:40.633] -997.00
[15:57:40.784] ,-687.00,-1728.00
[15:57:40.901] -990.00,-68
[15:57:42.184] 2.00,-1726.00
[15:57:42.190] -985.00,-711.00,-1735.00
[15:57:42.193] -985.00,-716.00,-1732.00
[15:57:42.194] -976.00,-713.00,-1742.00
[15:57:42.194] -982.00,-711.00,-1728.00
[15:57:42.196] -982.00,-718.00,-1740.00
[15:57:42.198] -997.00,-711.00,-1721.00
[15:57:42.201] -992.00,-718.00,-1716.00
[15:57:42.218] -990.00,-711.00,-1726.00
[15:57:42.220] -1002.00,-713.00,-1721.00
[15:57:42.226] -997.00,-706.00,-1718.00
[15:57:42.227] -992.00,-711.00,-1718.00
[15:57:42.227] -985.00,-695.00,-1723.00
[15:57:42.229] -985.00,-706.00,-1723.00
[15:57:42.232] -982.00,-697.00,-1713.00
[15:57:42.234] -990.00,-695.00,-1728.00
[15:57:42.235] -990.00,-690.00,-1732.00
[15:57:42.238] -982.00,-687.00,-1723.00
[15:57:42.240] -1002.00,-703.00,-1732.00
[15:57:42.240] -992.00,-695.00,-1718.00
[15:57:42.240] -995.00,-695.00,-1735.00
[15:57:42.242] -1005.00,-695.00,-1726.00
[15:57:42.243] -1005.00,-685.00,-1728.00
[15:57:42.243] -1025.00,-716.00,-1716.00
[15:57:42.245] -1005.00,-697.00,-1718.00
[15:57:42.246] -1002.00,-701.00,-1711.00
[15:57:42.246] -1002.00,-706.00,-1706.00
[15:57:42.250] -1007.00,-721.00,-1716.00
[15:57:42.254] -1015.00,-721.00,-1701.00
[15:57:42.254] -992.00,-727.00,-1708.00
[15:57:42.254] -1012.00,-730.00,-1721.00
[15:57:42.255] -1000.00,-725.00,-1711.00
[15:57:42.256] -1002.00,-716.00,-1706.00
[15:57:42.257] -997.00,-730.00,-1726.00
[15:57:42.257] -995.00,-742.00,-1726.00
[15:57:42.259] -1005.00,-727.00,-1737.00
[15:57:42.259] -997.00,-742.00,-1723.00
[15:57:42.262] -987.00,-725.00,-1726.00
[15:57:42.262] -997.00,-732.00,-1732.00
[15:57:42.263] -990.00,-742.00,-1737.00
[15:57:42.265] -1002.00,-751.00,-1735.00
[15:57:42.267] -987.00,-742.00,-1745.00
[15:57:42.269] -997.00,-751.00,-1735.00
[15:57:42.272] -997.00,-756.00,-1737.00
[15:57:42.272] -1012.00,-748.00,-1726.00
[15:57:42.272] -1005.00,-758.00,-1721.00
[15:57:42.273] -992.00,-756.00,-1745.00
[15:57:42.310] -1000.00,-756.00,-1747.00
[15:57:42.349] -982.00,-748.00,-1752.00
[15:57:42.390] -971.00,-751.00,-1767.00
[15:57:42.419] -973.00,-737.00,-1773.00
[15:57:42.467] -976.00,-737.00,-1765.00
[15:57:42.862] -963.00,-740.00,-1757.00
[15:57:42.863] -963.00,-740.00,-1757.00
[15:57:42.863] -968.00,-687.00,-1750.00
[15:57:42.865] -982.00,-690.00,-1762.00
[15:57:42.866] -963.00,-680.00,-1757.00
[15:57:42.866] -946.00,-668.00,-1762.00
[15:57:42.868] -951.00,-658.00,-1778.00
[15:57:42.868] -948.00,-666.00,-1783.00
[15:57:42.869] -938.00,-653.00,-1783.00
[15:57:42.869] -931.00,-627.00,-1773.00
[15:57:42.911] -931.00,-606.00,-1773.00
[15:57:42.950] -936.00,-608.00,-1765.00
[15:57:42.991] -953.00,-618.00,-1757.00
[15:57:43.031] -961.00,-640.00,-1747.00
[15:57:43.123] -963.00,-663.00,-1742.00
[15:57:43.123] -971.00,-671.00,-1742.00
[15:57:43.139] -966.00,-740.00,-1765.00
[15:57:43.193] -953.00,-820.00,-1745.00
[15:57:43.230] -953.00,-943.00,-1778.00
[15:57:43.270] -928.00,-1012.00,-1801.00
[15:57:43.402] -92
[15:57:43.437] 5.00,-1053.00,-1808.00
[15:57:43.442] -912.00,-1125.00,-1861.00
[15:57:43.444] -943.00,-1082.00,-1881.00
[15:57:43.444] -976.00,-1110.00,-1850.00
[15:57:43.463] -953.00,-1106.00,-1822.00
[15:57:43.510] -897.00,-1088.00,-1803.00
[15:57:43.553] -890.00,-1015.00,-1786.00
[15:57:43.591] -920.00,-982.00,-1767.00
[15:57:43.643] -990.00,-930.00,-1711.00
[15:57:43.657] -1051.00,-911.00,-1631.00
[15:57:43.710] -1102.00,-917.00,-1561.00
[15:57:43.752] -1186.00,-906.00,-1456.00
[15:57:43.791] -1230.00,-953.00,-1386.00
[15:57:43.831] -1283.00,-1041.00,-1262.00
[15:57:43.870] -1330.00,-1241.00,-1075.00
[15:57:43.912] -1278.00,-1428.00,-945.00
[15:57:43.951] -1212.00,-1592.00,-780.00
[15:57:43.992] -1107.00,-1785.00,-615.00
[15:57:44.030] -971.00,-1902.00,-408.00
[15:57:44.065] -807.00,-1973.00,-206.00
[15:57:44.139] -595.00,-1961.00,58.00
[15:57:44.141] -426.00,-1856.00,318.00
[15:57:44.190] -232.00,-1655.00,543.00
[15:57:44.230] -52.00,-1407.00,731.00
[15:57:44.282] 222.00,-1022.00,862.00
[15:57:44.312] 332.00,-861.00,876.00
[15:57:44.350] 577.00,-442.00,806.00
[15:57:44.379] 733.00,-117.00,651.00
[15:57:44.424] 875.00,178.00,388.00
[15:57:44.471] 938.00,387.00,56.00
[15:57:44.516] 928.00,556.00,-311.00
[15:57:44.556] 863.00,616.00,-502.00
[15:57:44.590] 687.00,692.00,-660.00
[15:57:44.633] 491.00,732.00,-711.00
[15:57:44.671] 230.00,785.00,-762.00
[15:57:44.722] -112.00,763.00,-883.00
[15:57:44.753] -313.00,682.00,-973.00
[15:57:44.809] -513.00,571.00,-1116.00
[15:57:44.825] -580.00,511.00,-1180.00
[15:57:44.874] -877.00,-102.00,-1626.00
[15:57:44.899] -848.00,-471.00,-1817.00
[15:57:44.950] -700.00,-835.00,-1976.00
[15:57:44.993] -393.00,-1170.00,-2080.00
[15:57:45.044] -98.00,-1341.00,-2118.00
[15:57:45.058] 163.00,-1428.00,-2121.00
[15:57:45.110] 445.00,-1441.00,-2085.00
[15:57:45.182] 667.00,-1370.00,-2053.00
[15:57:45.182] 910.00,-1143.00,-2000.00
[15:57:45.218] 1020.00,-953.00,-1968.00
[15:57:45.317] 1043.00,-766.00,-1963.00
[15:57:45.318] 966.00,-528.00,-1982.00
[15:57:45.351] 805.00,-318.00,-1980.00
[15:57:45.391] 377.00,-50.00,-1963.00
[15:57:45.431] 37.00,5.00,-1925.00
[15:57:45.470] -176.00,-2.00,-1891.00
[15:57:45.511] -335.00,-73.00,-1876.00
[15:57:45.551] -472.00,-188.00,-1883.00
[15:57:45.591] -606.00,-337.00,-1883.00
[15:57:45.630] -702.00,-528.00,-1883.00
[15:57:45.669] -790.00,-808.00,-1873.00
[15:57:45.712] -818.00,-1091.00,-1817.00
[15:57:45.751] -790.00,-1467.00,-1732.00
[15:57:45.790] -692.00,-1745.00,-1623.00
[15:57:45.823] -618.00,-1868.00,-1558.00
[15:57:45.870] -455.00,-2127.00,-1332.00
[15:57:45.911] -347.00,-2275.00,-1068.00
[15:57:45.951] -201.00,-2358.00,-656.00
[15:57:45.991] -120.00,-2325.00,-306.00
[15:57:46.031] -35.00,-2206.00,35.00
[15:57:46.079] 25.00,-2016.00,332.00
[15:57:46.112] 120.00,-1700.00,607.00
[15:57:46.157] 181.00,-1288.00,825.00
[15:57:46.211] 196.00,-911.00,903.00
[15:57:46.226] 222.00,-473.00,915.00
[15:57:46.259] 316.00,-93.00,796.00
[15:57:46.311] 408.00,245.00,582.00
[15:57:46.351] 455.00,318.00,495.00
[15:57:46.380] 580.00,653.00,-73.00
[15:57:46.486] 577.00,730.00,-447.00
[15:57:46.488] 506.00,735.00,-827.00
[15:57:46.503] 370.00,680.00,-1123.00
[15:57:46.549] 166.00,603.00,-1340.00
[15:57:46.604] -30.00,502.00,-1495.00
[15:57:46.620] -222.00,363.00,-1608.00
[15:57:46.662] -372.00,141.00,-1767.00
[15:57:46.703] -418.00,-117.00,-1920.00
[15:57:46.749] -401.00,-342.00,-2031.00
[15:57:46.793] -323.00,-490.00,-2097.00
[15:57:46.841] -147.00,-645.00,-2175.00
[15:57:46.921] -91.00,-690.00,-2180.00
[15:57:46.923] 293.00,-853.00,-2198.00
[15:57:46.940] 498.00,-901.00,-2177.00
[15:57:46.991] 695.00,-901.00,-2121.00
[15:57:47.037] 812.00,-858.00,-2082.00
[15:57:47.071] 902.00,-756.00,-2043.00
[15:57:47.101] 928.00,-595.00,-2012.00
[15:57:47.187] 851.00,-352.00,-2005.00
[15:57:47.189] 643.00,-188.00,-2023.00
[15:57:47.230] 375.00,-57.00,-2023.00
[15:57:47.270] 106.00,0.00,-2002.00
[15:57:47.314] -122.00,-7.00,-1956.00
[15:57:47.351] -262.00,-28.00,-1930.00
[15:57:47.400] -426.00,-115.00,-1907.00
[15:57:47.419] -587.00,-260.00,-1878.00
[15:57:47.471] -713.00,-400.00,-1861.00
[15:57:47.511] -848.00,-595.00,-1808.00
[15:57:47.551] -941.00,-827.00,-1757.00
[15:57:47.592] -1027.00,-1106.00,-1677.00
[15:57:47.632] -995.00,-1400.00,-1577.00
[15:57:47.669] -912.00,-1716.00,-1420.00
[15:57:47.712] -823.00,-1932.00,-1275.00
[15:57:47.744] -685.00,-2101.00,-1056.00
[15:57:47.790] -508.00,-2243.00,-752.00
[15:57:47.830] -360.00,-2306.00,-566.00
[15:57:47.871] -168.00,-2322.00,-298.00
[15:57:47.911] 15.00,-2263.00,-66.00
[15:57:47.950] 208.00,-2140.00,177.00
[15:57:47.991] 408.00,-1942.00,362.00
[15:57:48.072] 582.00,-1626.00,597.00
[15:57:48.072] 680.00,-1278.00,750.00
[15:57:48.112] 695.00,-890.00,825.00
[15:57:48.142] 662.00,-535.00,821.00
[15:57:48.191] 633.00,-168.00,752.00
[15:57:48.323] 601.00,141.00,585.00
[15:57:48.325] 651.00,405.00,308.00
[15:57:48.327] 677.00,611.00,-82.00
[15:57:48.428] 680.00,690.00,-321.00
[15:57:48.430] 667.00,708.00,-420.00
[15:57:48.431] 543.00,701.00,-953.00
[15:57:48.493] 408.00,642.00,-1221.00
[15:57:48.511] 225.00,506.00,-1481.00
[15:57:48.551] 130.00,407.00,-1628.00
[15:57:48.577] 0.00,162.00,-1840.00
[15:57:48.642] -83.00,-33.00,-1985.00
[15:57:48.672] -130.00,-257.00,-2082.00
[15:57:48.739] -163.00,-452.00,-2133.00
[15:57:48.740] -163.00,-713.00,-2175.00
[15:57:48.829] -122.00,-808.00,-2191.00
[15:57:48.837] -10.00,-946.00,-2208.00
[15:57:48.872] 103.00,-988.00,-2216.00
[15:57:48.954] 242.00,-1012.00,-2218.00
[15:57:48.954] 485.00,-925.00,-2191.00
[15:57:48.991] 713.00,-703.00,-2121.00
[15:57:49.039] 826.00,-528.00,-2051.00
[15:57:49.101] 968.00,-255.00,-1910.00
[15:57:49.102] 946.00,-33.00,-1840.00
[15:57:49.155] 761.00,168.00,-1817.00
[15:57:49.197] 252.00,238.00,-1886.00
[15:57:49.310] -311.00,228.00,-1827.00
[15:57:49.312] -700.00,141.00,-1693.00
[15:57:49.313] -1196.00,-155.00,-1366.00
[15:57:49.341] -1427.00,-450.00,-1095.00
[15:57:49.391] -1511.00,-661.00,-920.00
[15:57:49.436] -1503.00,-1001.00,-762.00
[15:57:49.469] -1476.00,-1138.00,-711.00
[15:57:49.511] -1413.00,-1315.00,-636.00
[15:57:49.567] -1371.00,-1420.00,-571.00
[15:57:49.585] -1317.00,-1483.00,-471.00
[15:57:49.629] -1273.00,-1550.00,-355.00
[15:57:49.684] -1217.00,-1600.00,-233.00
[15:57:49.699] -1063.00,-1652.00,-22.00
[15:57:49.750] -971.00,-1690.00,87.00
[15:57:49.791] -713.00,-1713.00,311.00
[15:57:49.831] -506.00,-1723.00,461.00
[15:57:49.871] -342.00,-1673.00,566.00
[15:57:49.910] -232.00,-1623.00,615.00
[15:57:49.951] 96.00,-1452.00,775.00
[15:57:50.053] 278.00,-1293.00,818.00
[15:57:50.055] 403.00,-1058.00,888.00
[15:57:50.100] 480.00,-761.00,901.00
[15:57:50.104] 501.00,-485.00,883.00
[15:57:50.150] 487.00,-100.00,793.00
[15:57:50.195] 455.00,162.00,633.00
[15:57:50.233] 431.00,426.00,408.00
[15:57:50.279] 426.00,651.00,112.00
[15:57:50.311] 423.00,772.00,-291.00
[15:57:50.350] 396.00,785.00,-648.00
[15:57:50.443] 345.00,732.00,-1000.00
[15:57:50.443] 293.00,682.00,-1167.00
[15:57:50.458] 120.00,431.00,-1590.00
[15:57:50.796] 12.00,212.00,-1801.00
[15:57:50.799] -71.00,2.00,-1946.00
[15:57:50.799] -122.00,-210.00,-2028.00
[15:57:50.804] -122.00,-405.00,-2121.00
[15:57:50.805] -83.00,-552.00,-2175.00
[15:57:50.807] 66.00,-761.00,-2201.00
[15:57:50.811] 222.00,-920.00,-2201.00
[15:57:50.813] 403.00,-1035.00,-2186.00
[15:57:50.830] 611.00,-1075.00,-2128.00
[15:57:50.871] 828.00,-1058.00,-2033.00
[15:57:51.059] 976.00,-1027.00,-1971.00
[15:57:51.061] 1168.00,-927.00,-1842.00
[15:57:51.061] 1276.00,-816.00,-1757.00
[15:57:51.061] 1352.00,-675.00,-1680.00
[15:57:51.062] 1366.00,-495.00,-1611.00
[15:57:51.164] 1345.00,-276.00,-1556.00
[15:57:51.166] 1250.00,-41.00,-1526.00
[15:57:51.180] 1007.00,268.00,-1485.00
[15:57:51.222] 726.00,492.00,-1412.00
[15:57:51.280] 323.00,656.00,-1347.00
[15:57:51.311] -120.00,690.00,-1247.00
[15:57:51.358] -680.00,556.00,-1123.00
[15:57:51.389] -1007.00,340.00,-1038.00
[15:57:51.432] -1081.00,255.00,-1027.00
[15:57:51.472] -1381.00,-197.00,-1022.00
[15:57:51.516] -1455.00,-455.00,-1002.00
[15:57:51.606] -1483.00,-756.00,-990.00
[15:57:51.607] -1493.00,-908.00,-951.00
[15:57:51.622] -1473.00,-1138.00,-852.00
[15:57:51.671] -1462.00,-1286.00,-721.00
[15:57:51.718] -1388.00,-1423.00,-543.00
[15:57:51.750] -1317.00,-1531.00,-332.00
[15:57:51.791] -1210.00,-1568.00,-105.00
[15:57:51.831] -1095.00,-1597.00,100.00
[15:57:51.871] -943.00,-1547.00,291.00
[15:57:51.899] -780.00,-1495.00,491.00
[15:57:51.950] -736.00,-1457.00,530.00
[15:57:51.982] -485.00,-1246.00,738.00
[15:57:52.042] -337.00,-1082.00,842.00
[15:57:52.057] -166.00,-777.00,925.00
[15:57:52.110] -61.00,-492.00,917.00
[15:57:52.163] -15.00,-207.00,862.00
[15:57:52.177] -2.00,73.00,721.00
[15:57:52.226] -20.00,321.00,546.00
[15:57:52.271] -61.00,587.00,243.00
[15:57:52.310] -50.00,742.00,-90.00
[15:57:52.354] -50.00,820.00,-422.00
[15:57:52.426] -66.00,808.00,-772.00
[15:57:52.428] -71.00,742.00,-1068.00
[15:57:52.466] -86.00,576.00,-1425.00
[15:57:52.512] -98.00,371.00,-1657.00
[15:57:52.603] -101.00,168.00,-1827.00
[15:57:52.604] -117.00,-202.00,-2038.00
[15:57:52.621] -103.00,-482.00,-2138.00
[15:57:52.664] -56.00,-708.00,-2193.00
[15:57:52.726] 42.00,-920.00,-2198.00
[15:57:52.770] 196.00,-1122.00,-2186.00
[15:57:52.792] 396.00,-1307.00,-2133.00
[15:57:52.958] 682.00,-1467.00,-1980.00
[15:57:52.961] 946.00,-1515.00,-1830.00
[15:57:52.962] 1202.00,-1473.00,-1665.00
[15:57:52.964] 1293.00,-1420.00,-1600.00
[15:57:52.981] 1376.00,-1365.00,-1520.00
[15:57:53.065] 1598.00,-965.00,-1298.00
[15:57:53.065] 1647.00,-711.00,-1216.00
[15:57:53.111] 1626.00,-416.00,-1138.00
[15:57:53.138] 1532.00,-83.00,-1085.00
[15:57:53.191] 1332.00,202.00,-1080.00
[15:57:53.230] 936.00,545.00,-1036.00
[15:57:53.264] 516.00,735.00,-986.00
[15:57:53.310] 35.00,813.00,-830.00
[15:57:53.355] -398.00,740.00,-651.00
[15:57:53.442] -677.00,613.00,-495.00
[15:57:53.444] -1076.00,276.00,-282.00
[15:57:53.459] -1142.00,195.00,-238.00
[15:57:53.546] -1388.00,-426.00,-115.00
[15:57:53.548] -1442.00,-711.00,-107.00
[15:57:53.591] -1442.00,-951.00,-148.00
[15:57:53.631] -1420.00,-1133.00,-170.00
[15:57:53.678] -1335.00,-1293.00,-151.00
[15:57:53.711] -1273.00,-1426.00,-53.00
[15:57:53.749] -1120.00,-1528.00,90.00
[15:57:53.812] -936.00,-1545.00,288.00
[15:57:53.828] -821.00,-1515.00,427.00
[15:57:53.927] -721.00,-1465.00,520.00
[15:57:53.927] -608.00,-1383.00,628.00
[15:57:53.943] -557.00,-1367.00,653.00
[15:57:53.997] -482.00,-1248.00,728.00
[15:57:54.053] -362.00,-1046.00,827.00
[15:57:54.068] -308.00,-858.00,881.00
[15:57:54.111] -245.00,-630.00,903.00
[15:57:54.140] -225.00,-413.00,883.00
[15:57:54.187] -257.00,-62.00,747.00
[15:57:54.255] -247.00,242.00,566.00
[15:57:54.257] -211.00,518.00,265.00
[15:57:54.407] -152.00,703.00,-30.0
[15:57:54.540] 0
[15:57:54.667] -96.00,822.00,-350.00
[15:57:54.674] -52.00,820.00,-713.00
[15:57:54.676] -73.00,727.00,-1082.00
[15:57:54.679] -150.00,563.00,-1410.00
[15:57:54.679] -245.00,333.00,-1646.00
[15:57:54.681] -350.00,88.00,-1798.00
[15:57:54.683] -493.00,-145.00,-1891.00
[15:57:54.683] -601.00,-463.00,-1968.00
[15:57:54.683] -606.00,-677.00,-2017.00
[15:57:54.699] -541.00,-1020.00,-2048.00
[15:57:54.764] -426.00,-1291.00,-2062.00
[15:57:54.807] -225.00,-1557.00,-2010.00
[15:57:54.824] 20.00,-1778.00,-1917.00
[15:57:55.063] 316.00,-1940.00,-1781.00
[15:57:55.065] 687.00,-2016.00,-1577.00
[15:57:55.066] 920.00,-2006.00,-1461.00
[15:57:55.092] 992.00,-1966.00,-1417.00
[15:57:55.181] 1398.00,-1697.00,-1136.00
[15:57:55.181] 1606.00,-1431.00,-978.00
[15:57:55.183] 1743.00,-1022.00,-825.00
[15:57:55.183] 1767.00,-663.00,-690.00
[15:57:55.183] 1690.00,-302.00,-592.00
[15:57:55.218] 1523.00,38.00,-468.00
[15:57:55.271] 1258.00,373.00,-367.00
[15:57:55.321] 895.00,635.00,-303.00
[15:57:55.337] 452.00,772.00,-318.00
[15:57:55.392] 40.00,796.00,-323.00
[15:57:55.431] -511.00,640.00,-165.00
[15:57:55.584] -667.00,526.00,-112.00
[15:57:55.584] -1007.00,228.00,12.00
[15:57:55.586] -1198.00,-76.00,85.00
[15:57:55.587] -1310.00,-381.00,107.00
[15:57:55.630] -1347.00,-576.00,131.00
[15:57:55.658] -1376.00,-843.00,82.00
[15:57:55.711] -1376.00,-958.00,46.00
[15:57:55.752] -1350.00,-1003.00,27.00
[15:57:55.889] -1345.00,-1003.00,76.00
[15:57:55.889] -1303.00,-991.00,126.00
[15:57:55.890] -1281.00,-901.00,218.00
[15:57:55.932] -1212.00,-813.00,280.00
[15:57:55.948] -1186.00,-732.00,291.00
[15:57:55.995] -1171.00,-675.00,318.00
[15:57:56.038] -1156.00,-632.00,330.00
[15:57:56.121] -1100.00,-511.00,376.00
[15:57:56.121] -1071.00,-435.00,378.00
[15:57:56.151] -997.00,-250.00,396.00
[15:57:56.182] -943.00,-76.00,337.00
[15:57:56.231] -905.00,117.00,218.00
[15:57:56.276] -871.00,266.00,61.00
[15:57:56.324] -853.00,440.00,-231.00
[15:57:56.602] -795.00,511.00,-507.00
[15:57:56.605] -738.00,535.00,-816.00
[15:57:56.606] -721.00,431.00,-1110.00
[15:57:56.608] -741.00,342.00,-1255.00
[15:57:56.610] -767.00,300.00,-1293.00
[15:57:56.610] -982.00,-88.00,-1435.00
[15:57:56.611] -1110.00,-373.00,-1495.00
[15:57:56.625] -1151.00,-687.00,-1490.00
[15:57:56.680] -1181.00,-991.00,-1492.00
[15:57:56.712] -1122.00,-1305.00,-1485.00
[15:57:56.804] -982.00,-1640.00,-1471.00
[15:57:56.804] -672.00,-1956.00,-1412.00
[15:57:56.819] -362.00,-2156.00,-1363.00
[15:57:56.872] -27.00,-2285.00,-1278.00
[15:57:56.913] 213.00,-2325.00,-1211.00
[15:57:56.976] 618.00,-2296.00,-1068.00
[15:57:56.992] 687.00,-2270.00,-1038.00
[15:57:57.031] 1151.00,-2047.00,-832.00
[15:57:57.142] 1352.00,-1850.00,-733.00
[15:57:57.144] 1542.00,-1605.00,-566.00
[15:57:57.149] 1642.00,-1350.00,-447.00
[15:57:57.184] 1701.00,-1080.00,-313.00
[15:57:57.332] 1690.00,-751.00,-165.00
[15:57:57.422] 1606.00,-508.00,-10.00
[15:57:57.423] 1452.00,-231.00,117.00
[15:57:57.423] 1193.00,152.00,165.00
[15:57:57.425] 812.00,492.00,143.00
[15:57:57.425] 370.00,645.00,107.00
[15:57:57.704] -10.00,651.00,97.00
[15:57:57.706] -265.00,597.00,156.00
[15:57:57.706] -603.00,381.00,252.00
[15:57:57.707] -846.00,145.00,335.00
[15:57:57.708] -1000.00,-117.00,357.00
[15:57:57.708] -1146.00,-323.00,330.00
[15:57:57.710] -1263.00,-485.00,216.00
[15:57:57.752] -1325.00,-563.00,146.00
[15:57:57.861] -1383.00,-595.00,56.00
[15:57:57.862] -1401.00,-595.00,0.00
[15:57:57.862] -1427.00,-556.00,-51.00
[15:57:57.949] -1413.00,-497.00,-102.00
[15:57:57.951] -1427.00,-423.00,-148.00
[15:57:58.023] -1437.00,-381.00,-226.00
[15:57:58.024] -1437.00,-381.00,-226.00
[15:57:58.094] -1408.00,-273.00,-340.00
[15:57:58.112] -1427.00,-281.00,-352.00
[15:57:58.170] -1406.00,-297.00,-352.00
[15:57:58.193] -1420.00,-305.00,-350.00
[15:57:58.297] -1422.00,-328.00,-373.00
[15:57:58.297] -1416.00,-323.00,-386.00
[15:57:58.298] -1398.00,-357.00,-398.00
[15:57:58.350] -1378.00,-331.00,-427.00
[15:57:58.390] -1376.00,-283.00,-500.00
[15:57:58.473] -1366.00,-268.00,-590.00
[15:57:58.475] -1366.00,-300.00,-638.00
[15:57:58.590] -1378.00,-307.00,-662.00
[15:57:58.591] -1371.00,-363.00,-821.00
[15:57:58.591] -1373.00,-407.00,-876.00
[15:57:58.645] -1391.00,-523.00,-958.00
[15:57:58.660] -1403.00,-658.00,-1022.00
[15:57:58.712] -1406.00,-766.00,-1061.00
[15:57:58.751] -1362.00,-1017.00,-1151.00
[15:57:58.790] -1291.00,-1243.00,-1190.00
[15:57:58.831] -1193.00,-1481.00,-1247.00
[15:57:58.871] -1012.00,-1785.00,-1198.00
[15:57:58.910] -792.00,-2013.00,-1141.00
[15:57:58.950] -536.00,-2185.00,-1061.00
[15:57:59.024] -316.00,-2298.00,-981.00
[15:57:59.024] -76.00,-2375.00,-876.00
[15:57:59.070] 283.00,-2391.00,-677.00
[15:57:59.111] 570.00,-2327.00,-543.00
[15:57:59.150] 890.00,-2166.00,-406.00
[15:57:59.191] 1095.00,-2013.00,-330.00
[15:57:59.243] 1271.00,-1811.00,-255.00
[15:57:59.260] 1403.00,-1581.00,-148.00
[15:57:59.305] 1491.00,-1283.00,-32.00
[15:57:59.351] 1501.00,-863.00,87.00
[15:57:59.465] 1460.00,-502.00,112.00
[15:57:59.465] 1303.00,-112.00,170.00
[15:57:59.466] 1025.00,173.00,231.00
[15:57:59.535] 775.00,321.00,267.00
[15:57:59.551] 437.00,437.00,311.00
[15:57:59.585] 22.00,485.00,345.00
[15:57:59.649] -298.00,435.00,355.00
[15:57:59.665] -547.00,337.00,330.00
[15:57:59.741] -756.00,247.00,298.00
[15:57:59.758] -928.00,145.00,218.00
[15:57:59.824] -1056.00,73.00,133.00
[15:57:59.824] -1153.00,41.00,2.00
[15:57:59.878] -1225.00,36.00,-112.00
[15:57:59.904] -1258.00,12.00,-243.00
[15:57:59.956] -1320.00,-10.00,-365.00
[15:57:59.982] -1347.00,-26.00,-466.00
[15:58:00.033] -1350.00,-46.00,-502.00
[15:58:00.072] -1408.00,-212.00,-716.00
[15:58:00.112] -1440.00,-290.00,-757.00
[15:58:00.151] -1476.00,-463.00,-793.00
[15:58:00.223] -1488.00,-582.00,-770.00
[15:58:00.229] -1498.00,-687.00,-708.00
[15:58:00.270] -1491.00,-806.00,-643.00
[15:58:00.310] -1478.00,-846.00,-595.00
[15:58:00.350] -1473.00,-890.00,-525.00
[15:58:00.390] -1457.00,-903.00,-461.00
[15:58:00.432] -1437.00,-875.00,-415.00
[15:58:00.479] -1422.00,-851.00,-352.00
[15:58:00.501] -1393.00,-806.00,-318.00
[15:58:00.759] -1398.00,-785.00,-291.00
[15:58:00.759] -1371.00,-690.00,-197.00
[15:58:00.761] -1350.00,-587.00,-165.00
[15:58:00.761] -1347.00,-490.00,-195.00
[15:58:00.762] -1378.00,-411.00,-267.00
[15:58:00.762] -1393.00,-371.00,-371.00
[15:58:00.792] -1437.00,-392.00,-486.00
[15:58:00.831] -1445.00,-437.00,-580.00
[15:58:00.921] -1467.00,-582.00,-733.00
[15:58:00.922] -1481.00,-768.00,-835.00
[15:58:00.953] -1445.00,-1012.00,-893.00
[15:58:00.992] -1355.00,-1350.00,-925.00
[15:58:01.032] -1298.00,-1473.00,-927.00
[15:58:01.149] -1112.00,-1778.00,-930.00
[15:58:01.149] -920.00,-1987.00,-917.00
[15:58:01.150] -682.00,-2170.00,-862.00
[15:58:01.191] -411.00,-2298.00,-796.00
[15:58:01.231] -73.00,-2385.00,-690.00
[15:58:01.270] 225.00,-2388.00,-648.00
[15:58:01.311] 543.00,-2335.00,-621.00
[15:58:01.351] 831.00,-2225.00,-623.00
[15:58:01.391] 1120.00,-2035.00,-628.00
[15:58:01.431] 1386.00,-1776.00,-595.00
[15:58:01.471] 1598.00,-1386.00,-568.00
[15:58:01.510] 1690.00,-758.00,-590.00
[15:58:01.544] 1690.00,-758.00,-590.00
[15:58:01.591] 1386.00,57.00,-447.00
[15:58:01.708] 1066.00,392.00,-301.00
[15:58:01.708] 713.00,576.00,-161.00
[15:58:01.708] 316.00,701.00,-68.00
[15:58:01.804] 22.00,697.00,-20.00
[15:58:01.829] -191.00,677.00,-10.00
[15:58:01.829] -380.00,658.00,-46.00
[15:58:01.859] -550.00,597.00,-115.00
[15:58:01.913] -707.00,540.00,-165.00
[15:58:01.970] -882.00,468.00,-277.00
[15:58:01.988] -971.00,421.00,-378.00
[15:58:02.034] -1068.00,328.00,-481.00
[15:58:02.072] -1151.00,228.00,-561.00
[15:58:02.099] -1261.00,41.00,-750.00
[15:58:02.138] -1330.00,-121.00,-855.00
[15:58:02.190] -1388.00,-281.00,-922.00
[15:58:02.230] -1408.00,-461.00,-942.00
[15:58:02.271] -1437.00,-645.00,-951.00
[15:58:02.311] -1437.00,-775.00,-920.00
[15:58:02.350] -1455.00,-925.00,-881.00
[15:58:02.391] -1435.00,-1058.00,-813.00
[15:58:02.431] -1425.00,-1170.00,-745.00
[15:58:02.471] -1413.00,-1215.00,-685.00
[15:58:02.511] -1393.00,-1231.00,-527.00
[15:58:02.554] -1396.00,-1220.00,-483.00
[15:58:02.580] -1386.00,-1120.00,-350.00
[15:58:02.671] -1371.00,-988.00,-270.00
[15:58:02.676] -1357.00,-856.00,-211.00
[15:58:02.728] -1337.00,-675.00,-170.00
[15:58:02.742] -1310.00,-526.00,-131.00
[15:58:02.790] -1286.00,-378.00,-117.00
[15:58:02.833] -1252.00,-231.00,-156.00
[15:58:02.882] -1247.00,-155.00,-213.00
[15:58:02.898] -1306.00,-155.00,-326.00
[15:58:02.951] -1342.00,-183.00,-445.00
[15:58:02.993] -1388.00,-278.00,-573.00
[15:58:03.043] -1420.00,-392.00,-708.00
[15:58:03.059] -1420.00,-392.00,-708.00
[15:58:03.111] -1430.00,-808.00,-1038.00
[15:58:03.161] -1350.00,-1157.00,-1177.00
[15:58:03.193] -1215.00,-1426.00,-1218.00
[15:58:03.231] -1051.00,-1702.00,-1245.00
[15:58:03.258] -826.00,-1945.00,-1245.00
[15:58:03.310] -590.00,-2113.00,-1208.00
[15:58:03.365] -225.00,-2251.00,-1155.00
[15:58:03.380] 25.00,-2330.00,-1087.00
[15:58:03.431] 288.00,-2343.00,-1025.00
[15:58:03.488] 513.00,-2306.00,-1058.00
[15:58:03.529] 667.00,-2253.00,-1058.00
[15:58:03.545] 843.00,-2193.00,-1015.00
[15:58:03.591] 1168.00,-1987.00,-842.00
[15:58:03.631] 1403.00,-1728.00,-745.00
[15:58:03.670] 1560.00,-1431.00,-685.00
[15:58:03.715] 1667.00,-1075.00,-682.00
[15:58:03.754] 1693.00,-697.00,-648.00
[15:58:03.790] 1583.00,-278.00,-612.00
[15:58:03.852] 1366.00,112.00,-548.00
[15:58:03.868] 973.00,492.00,-507.00
[15:58:04.017] 567.00,711.00,-471.00
[15:58:04.018] 142.00,787.00,-461.00
[15:58:04.020] -188.00,761.00,-425.00
[15:58:04.023] -480.00,675.00,-371.00
[15:58:04.114] -616.00,632.00,-373.00
[15:58:04.116] -882.00,473.00,-442.00
[15:58:04.226] -1081.00,310.00,-592.00
[15:58:04.271] -1212.00,131.00,-677.00
[15:58:04.271] -1325.00,-50.00,-750.00
[15:58:04.273] -1396.00,-245.00,-813.00
[15:58:04.310] -1435.00,-416.00,-910.00
[15:58:04.449] -1442.00,-642.00,-990.00
[15:58:04.449] -1435.00,-820.00,-1072.00
[15:58:04.449] -1393.00,-996.00,-1100.00
[15:58:04.464] -1357.00,-1138.00,-1133.00
[15:58:04.510] -1320.00,-1322.00,-1102.00
[15:58:04.551] -1281.00,-1396.00,-1077.00
[15:58:04.589] -1247.00,-1510.00,-1051.00
[15:58:04.630] -1220.00,-1607.00,-1015.00
[15:58:04.671] -1207.00,-1636.00,-958.00
[15:58:04.711] -1193.00,-1655.00,-866.00
[15:58:04.750] -1225.00,-1642.00,-726.00
[15:58:04.789] -1245.00,-1595.00,-621.00
[15:58:04.831] -1271.00,-1478.00,-435.00
[15:58:04.885] -1296.00,-1346.00,-272.00
[15:58:04.899] -1288.00,-1172.00,-138.00
[15:58:04.955] -1266.00,-1003.00,-15.00
[15:58:04.982] -1227.00,-832.00,102.00
[15:58:05.031] -1176.00,-697.00,170.00
[15:58:05.070] -1163.00,-647.00,187.00
[15:58:05.163] -1076.00,-413.00,252.00
[15:58:05.166] -1046.00,-290.00,272.00
[15:58:05.184] -1017.00,-150.00,233.00
[15:58:05.231] -1030.00,-33.00,165.00
[15:58:05.289] -1063.00,0.00,110.00
[15:58:05.306] -1125.00,22.00,0.00
[15:58:05.351] -1198.00,-17.00,-123.00
[15:58:05.390] -1288.00,-86.00,-318.00
[15:58:05.430] -1373.00,-218.00,-551.00
[15:58:05.471] -1416.00,-366.00,-791.00
[15:58:05.573] -1413.00,-528.00,-976.00
[15:58:05.575] -1368.00,-801.00,-1201.00
[15:58:05.590] -1345.00,-861.00,-1250.00
[15:58:05.707] -1186.00,-1212.00,-1468.00
[15:58:05.711] -976.00,-1471.00,-1567.00
[15:58:05.712] -748.00,-1700.00,-1643.00
[15:58:05.778] -380.00,-1926.00,-1655.00
[15:58:05.779] -76.00,-2035.00,-1650.00
[15:58:05.827] 252.00,-2085.00,-1608.00
[15:58:05.871] 606.00,-2063.00,-1510.00
[15:58:05.909] 917.00,-1995.00,-1371.00
[15:58:05.951] 1230.00,-1811.00,-1211.00
[15:58:05.991] 1368.00,-1650.00,-1155.00
[15:58:06.031] 1572.00,-1225.00,-1082.00
[15:58:06.074] 1618.00,-953.00,-1077.00
[15:58:06.123] 1591.00,-556.00,-1072.00
[15:58:06.138] 1447.00,-226.00,-1085.00
[15:58:06.183] 1258.00,110.00,-1041.00
[15:58:06.278] 1030.00,395.00,-963.00
[15:58:06.281] 697.00,606.00,-868.00
[15:58:06.299] 437.00,703.00,-825.00
[15:58:06.351] 178.00,761.00,-818.00
[15:58:06.391] -40.00,756.00,-881.00
[15:58:06.430] -337.00,640.00,-1080.00
[15:58:06.472] -562.00,500.00,-1223.00
[15:58:06.510] -723.00,345.00,-1337.00
[15:58:06.551] -833.00,173.00,-1422.00
[15:58:06.591] -848.00,141.00,-1461.00
[15:58:06.629] -866.00,-46.00,-1608.00
[15:58:06.672] -812.00,-300.00,-1778.00
[15:58:06.711] -758.00,-550.00,-1900.00
[15:58:06.750] -702.00,-840.00,-1956.00
[15:58:06.821] -651.00,-1122.00,-1966.00
[15:58:06.824] -618.00,-1357.00,-1907.00
[15:58:06.870] -613.00,-1560.00,-1811.00
[15:58:06.912] -592.00,-1747.00,-1687.00
[15:58:06.950] -603.00,-1921.00,-1522.00
[15:58:06.990] -611.00,-2071.00,-1293.00
[15:58:07.032] -608.00,-2148.00,-1107.00
[15:58:07.103] -628.00,-2193.00,-796.00
[15:58:07.105] -631.00,-2203.00,-703.00
[15:58:07.139] -665.00,-2113.00,-257.00
[15:58:07.202] -667.00,-1921.00,102.00
[15:58:07.231] -651.00,-1687.00,367.00
[15:58:07.271] -618.00,-1381.00,571.00
[15:58:07.310] -565.00,-1043.00,706.00
[15:58:07.489] -465.00,-585.00,796.00
[15:58:07.489] -337.00,-271.00,777.00
[15:58:07.490] -227.00,2.00,697.00
[15:58:07.490] -147.00,255.00,563.00
[15:58:07.505] -150.00,440.00,403.00
[15:58:07.575] -140.00,587.00,228.00
[15:58:07.590] -166.00,630.00,110.00
[15:58:07.639] -340.00,690.00,-128.00
[15:58:07.670] -480.00,682.00,-280.00
[15:58:07.711] -638.00,640.00,-450.00
[15:58:07.750] -792.00,535.00,-675.00
[15:58:07.790] -910.00,402.00,-935.00
[15:58:07.831] -985.00,138.00,-1267.00
[15:58:07.871] -1020.00,-121.00,-1512.00
[15:58:07.909] -971.00,-402.00,-1708.00
[15:58:07.951] -875.00,-685.00,-1845.00
[15:58:07.979] -743.00,-1012.00,-1938.00
[15:58:08.058] -570.00,-1298.00,-1976.00
[15:58:08.066] -362.00,-1550.00,-1968.00
[15:58:08.141] -135.00,-1757.00,-1915.00
[15:58:08.142] 101.00,-1876.00,-1868.00
[15:58:08.255] 360.00,-1871.00,-1817.00
[15:58:08.256] 636.00,-1805.00,-1827.00
[15:58:08.271] 858.00,-1652.00,-1788.00
[15:58:08.340] 1068.00,-1443.00,-1773.00
[15:58:08.342] 1196.00,-1231.00,-1742.00
[15:58:08.391] 1293.00,-790.00,-1693.00
[15:58:08.430] 1247.00,-476.00,-1680.00
[15:58:08.470] 1100.00,-173.00,-1657.00
[15:58:08.509] 863.00,76.00,-1621.00
[15:58:08.551] 562.00,302.00,-1575.00
[15:58:08.590] 433.00,355.00,-1531.00
[15:58:08.631] 327.00,400.00,-1512.00
[15:58:08.669] 130.00,405.00,-1531.00
[15:58:08.711] 88.00,400.00,-1531.00
[15:58:08.777] 27.00,366.00,-1592.00
[15:58:08.779] 2.00,310.00,-1675.00
[15:58:08.830] -45.00,168.00,-1793.00
[15:58:08.869] -88.00,-100.00,-1968.00
[15:58:08.911] -101.00,-390.00,-2090.00
[15:58:08.951] -63.00,-653.00,-2150.00
[15:58:09.002] 56.00,-930.00,-2162.00
[15:58:09.016] 142.00,-1127.00,-2160.00
[15:58:09.071] 216.00,-1420.00,-2056.00
[15:58:09.110] 235.00,-1571.00,-2021.00
[15:58:09.140] 178.00,-1937.00,-1762.00
[15:58:09.190] 106.00,-2146.00,-1522.00
[15:58:09.230] 17.00,-2282.00,-1257.00
[15:58:09.270] -98.00,-2385.00,-901.00
[15:58:09.310] -178.00,-2380.00,-628.00
[15:58:09.384] -255.00,-2311.00,-323.00
[15:58:09.385] -306.00,-2180.00,7.00
[15:58:09.438] -332.00,-1945.00,335.00
[15:58:09.467] -323.00,-1497.00,675.00
[15:58:09.523] -286.00,-1198.00,808.00
[15:58:09.538] -188.00,-711.00,917.00
[15:58:09.581] -117.00,-413.00,903.00
[15:58:09.617] 12.00,-55.00,816.00
[15:58:09.671] 125.00,238.00,648.00
[15:58:09.710] 222.00,537.00,347.00
[15:58:09.751] 216.00,711.00,78.00
[15:58:09.791] 163.00,822.00,-255.00
[15:58:09.831] 40.00,843.00,-538.00
[15:58:09.871] -78.00,813.00,-791.00
[15:58:09.911] -168.00,742.00,-1031.00
[15:58:09.950] -291.00,592.00,-1337.00
[15:58:09.991] -323.00,368.00,-1613.00
[15:58:10.031] -321.00,83.00,-1852.00
[15:58:10.070] -230.00,-250.00,-2053.00
[15:58:10.110] -196.00,-333.00,-2103.00
[15:58:10.150] -22.00,-803.00,-2213.00
[15:58:10.191] 173.00,-1056.00,-2203.00
[15:58:10.230] 337.00,-1196.00,-2175.00
[15:58:10.270] 503.00,-1298.00,-2123.00
[15:58:10.309] 641.00,-1365.00,-2075.00
[15:58:10.350] 772.00,-1360.00,-2015.00
[15:58:10.390] 922.00,-1270.00,-1976.00
[15:58:10.430] 1022.00,-1127.00,-1956.00
[15:58:10.470] 1086.00,-866.00,-1971.00
[15:58:10.513] 982.00,-521.00,-2000.00
[15:58:10.550] 800.00,-345.00,-2043.00
[15:58:10.591] 303.00,-152.00,-2095.00
[15:58:10.620] 178.00,-131.00,-2092.00
[15:58:10.682] -462.00,-155.00,-1943.00
[15:58:10.699] -675.00,-186.00,-1856.00
[15:58:10.761] -892.00,-345.00,-1757.00
[15:58:10.800] -976.00,-492.00,-1726.00
[15:58:10.831] -1012.00,-618.00,-1708.00
[15:58:10.870] -990.00,-735.00,-1747.00
[15:58:10.911] -961.00,-872.00,-1770.00
[15:58:10.973] -922.00,-1032.00,-1776.00
[15:58:10.992] -846.00,-1222.00,-1796.00
[15:58:11.031] -753.00,-1441.00,-1770.00
[15:58:11.138] -675.00,-1681.00,-1667.00
[15:58:11.142] -641.00,-1816.00,-1608.00
[15:58:11.142] -516.00,-2090.00,-1373.00
[15:58:11.190] -413.00,-2246.00,-1133.00
[15:58:11.231] -303.00,-2346.00,-788.00
[15:58:11.270] -186.00,-2362.00,-532.00
[15:58:11.310] -73.00,-2338.00,-291.00
[15:58:11.350] 52.00,-2275.00,-7.00
[15:58:11.391] 120.00,-2175.00,146.00
[15:58:11.430] 216.00,-1968.00,417.00
[15:58:11.469] 255.00,-1745.00,605.00
[15:58:11.511] 265.00,-1460.00,775.00
[15:58:11.551] 220.00,-1110.00,910.00
[15:58:11.600] 188.00,-730.00,942.00
[15:58:11.632] 176.00,-345.00,898.00
[15:58:11.657] 235.00,41.00,733.00
[15:58:11.738] 303.00,387.00,478.00
[15:58:11.739] 401.00,651.00,97.00
[15:58:11.790] 452.00,758.00,-318.00
[15:58:11.825] 418.00,768.00,-873.00
[15:58:11.962] 3
[15:58:12.096] 52.00,692.00,-1146.00
[15:58:12.097] 235.00,540.00,-1448.00
[15:58:12.099] 145.00,278.00,-1752.00
[15:58:12.105] 120.00,52.00,-1948.00
[15:58:12.147] 171.00,-165.00,-2062.00
[15:58:12.147] 247.00,-337.00,-2121.00
[15:58:12.148] 388.00,-585.00,-2175.00
[15:58:12.150] 603.00,-820.00,-2175.00
[15:58:12.229] 812.00,-935.00,-2051.00
[15:58:12.230] 1030.00,-980.00,-1966.00
[15:58:12.270] 1242.00,-977.00,-1798.00
[15:58:12.310] 1442.00,-882.00,-1590.00
[15:58:12.351] 1532.00,-790.00,-1476.00
[15:58:12.416] 1611.00,-545.00,-1278.00
[15:58:12.431] 1606.00,-383.00,-1157.00
[15:58:12.470] 1588.00,-165.00,-1053.00
[15:58:12.503] 1486.00,57.00,-1002.00
[15:58:12.544] 1312.00,295.00,-992.00
[15:58:12.598] 953.00,556.00,-1082.00
[15:58:12.631] 858.00,595.00,-1110.00
[15:58:12.658] 230.00,753.00,-1213.00
[15:58:12.711] -240.00,735.00,-1226.00
[15:58:12.799] -643.00,552.00,-1265.00
[15:58:12.826] -990.00,242.00,-1430.00
[15:58:12.829] -1088.00,0.00,-1541.00
[15:58:12.870] -1140.00,-383.00,-1685.00
[15:58:12.910] -1058.00,-618.00,-1793.00
[15:58:12.957] -963.00,-880.00,-1891.00
[15:58:12.991] -848.00,-1101.00,-1938.00
[15:58:13.030] -726.00,-1400.00,-1900.00
[15:58:13.058] -657.00,-1657.00,-1786.00
[15:58:13.102] -633.00,-1858.00,-1677.00
[15:58:13.162] -592.00,-2077.00,-1430.00
[15:58:13.240] -555.00,-2230.00,-1095.00
[15:58:13.245] -491.00,-2327.00,-626.00
[15:58:13.262] -452.00,-2285.00,-360.00
[15:58:13.310] -437.00,-2185.00,-32.00
[15:58:13.360] -362.00,-1997.00,275.00
[15:58:13.391] -242.00,-1823.00,497.00
[15:58:13.440] -115.00,-1626.00,660.00
[15:58:13.469] 120.00,-1328.00,832.00
[15:58:13.512] 288.00,-1012.00,912.00
[15:58:13.550] 401.00,-740.00,915.00
[15:58:13.590] 538.00,-231.00,816.00
[15:58:13.642] 541.00,-62.00,726.00
[15:58:13.657] 550.00,126.00,602.00
[15:58:13.710] 411.00,653.00,61.00
[15:58:13.751] 163.00,813.00,-371.00
[15:58:13.945] -163.00,801.00,-631.00
[15:58:13.946] -531.00,661.00,-816.00
[15:58:13.946] -836.00,471.00,-886.00
[15:58:13.949] -1117.00,168.00,-925.00
[15:58:13.951] -1332.00,-247.00,-978.00
[15:58:13.978] -1398.00,-592.00,-1075.00
[15:58:14.047] -1362.00,-896.00,-1208.00
[15:58:14.063] -1276.00,-1120.00,-1345.00
[15:58:14.117] -1012.00,-1491.00,-1556.00
[15:58:14.160] -933.00,-1581.00,-1592.00
[15:58:14.206] -450.00,-1908.00,-1706.00
[15:58:14.222] 17.00,-2042.00,-1665.00
[15:58:14.406] 411.00,-2087.00,-1595.00
[15:58:14.407] 718.00,-2058.00,-1485.00
[15:58:14.485] 1002.00,-1958.00,-1352.00
[15:58:14.488] 1258.00,-1781.00,-1252.00
[15:58:14.490] 1523.00,-1488.00,-1157.00
[15:58:14.490] 1628.00,-1248.00,-1097.00
[15:58:14.505] 1721.00,-830.00,-953.00
[15:58:14.581] 1711.00,-490.00,-808.00
[15:58:14.581] 1611.00,-165.00,-692.00
[15:58:14.630] 1503.00,86.00,-656.00
[15:58:14.671] 1286.00,342.00,-646.00
[15:58:14.712] 912.00,632.00,-633.00
[15:58:14.751] 523.00,782.00,-612.00
[15:58:14.778] 120.00,837.00,-626.00
[15:58:14.831] -273.00,785.00,-633.00
[15:58:14.877] -655.00,658.00,-651.00
[15:58:14.915] -976.00,461.00,-672.00
[15:58:14.950] -1301.00,145.00,-653.00
[15:58:14.998] -1473.00,-165.00,-651.00
[15:58:15.032] -1572.00,-476.00,-592.00
[15:58:15.070] -1608.00,-753.00,-541.00
[15:58:15.216] -1586.00,-958.00,-522.00
[15:58:15.217] -1540.00,-1172.00,-558.00
[15:58:15.217] -1481.00,-1328.00,-478.00
[15:58:15.232] -1391.00,-1462.00,-306.00
[15:58:15.284] -1245.00,-1528.00,-46.00
[15:58:15.326] -1066.00,-1541.00,192.00
[15:58:15.367] -718.00,-1512.00,507.00
[15:58:15.411] -445.00,-1441.00,687.00
[15:58:15.432] 7.00,-1296.00,840.00
[15:58:15.471] 603.00,-1043.00,835.00
[15:58:15.510] 1032.00,-785.00,662.00
[15:58:15.550] 1301.00,-508.00,427.00
[15:58:15.590] 1376.00,-191.00,208.00
[15:58:15.631] 1310.00,-15.00,165.00
[15:58:15.669] 1276.00,17.00,165.00
[15:58:15.712] 938.00,328.00,197.00
[15:58:15.749] 692.00,500.00,180.00
[15:58:15.799] 416.00,623.00,112.00
[15:58:15.957] 83.00,690.00,46.00
[15:58:15.957] -117.00,675.00,37.00
[15:58:15.957] -485.00,561.00,17.00
[15:58:15.959] -765.00,376.00,15.00
[15:58:15.992] -987.00,168.00,-15.00
[15:58:16.030] -1171.00,-62.00,-66.00
[15:58:16.078] -1268.00,-255.00,-141.00
[15:58:16.103] -1422.00,-556.00,-270.00
[15:58:16.190] -1457.00,-716.00,-378.00
[15:58:16.192] -1455.00,-1130.00,-638.00
[15:58:16.231] -1355.00,-1412.00,-857.00
[15:58:16.262] -1186.00,-1687.00,-1033.00
[15:58:16.314] -936.00,-1923.00,-1146.00
[15:58:16.340] -655.00,-2103.00,-1177.00
[15:58:16.390] -267.00,-2275.00,-1160.00
[15:58:16.457] 63.00,-2343.00,-1072.00
[15:58:16.459] 437.00,-2358.00,-945.00
[15:58:16.536] 741.00,-2280.00,-793.00
[15:58:16.593] 1041.00,-2106.00,-546.00
[15:58:16.598] 1176.00,-1990.00,-408.00
[15:58:16.618] 1320.00,-1728.00,-185.00
[15:58:16.916] 1355.00,-1581.00,-43.00
[15:58:16.917] 1362.00,-1391.00,133.00
[15:58:16.918] 1320.00,-1165.00,288.00
[15:58:16.918] 1273.00,-863.00,425.00
[15:58:16.920] 1205.00,-587.00,471.00
[15:58:16.921] 1127.00,-273.00,440.00
[15:58:16.922] 966.00,38.00,406.00
[15:58:16.953] 736.00,271.00,371.00
[15:58:16.992] 450.00,416.00,381.00
[15:58:17.030] 42.00,478.00,340.00
[15:58:17.070] -283.00,495.00,257.00
[15:58:17.105] -587.00,421.00,197.00
[15:58:17.149] -775.00,328.00,146.00
[15:58:17.195] -843.00,295.00,136.00
[15:58:17.264] -1171.00,-26.00,85.00
[15:58:17.264] -1293.00,-276.00,92.00
[15:58:17.404] -1312.00,-447.00,138.00
[15:58:17.404] -1276.00,-576.00,236.00
[15:58:17.404] -1156.00,-642.00,398.00
[15:58:17.420] -941.00,-627.00,582.00
[15:58:17.470] -677.00,-571.00,755.00
[15:58:17.511] -313.00,-452.00,878.00
[15:58:17.557] -110.00,-371.00,886.00
[15:58:17.590] 52.00,-313.00,893.00
[15:58:17.629] 150.00,-262.00,881.00
[15:58:17.700] 157.00,-245.00,860.00
[15:58:17.700] 127.00,-188.00,842.00
[15:58:17.764] 96.00,-160.00,832.00
[15:58:17.824] 81.00,-100.00,798.00
[15:58:17.879] 98.00,-26.00,788.00
[15:58:17.879] 147.00,57.00,723.00
[15:58:17.945] 183.00,138.00,662.00
[15:58:17.947] 135.00,160.00,660.00
[15:58:18.020] 93.00,91.00,687.00
[15:58:18.023] -32.00,-31.00,736.00
[15:58:18.091] -122.00,-112.00,747.00
[15:58:18.106] -242.00,-152.00,731.00
[15:58:18.151] -278.00,-141.00,697.00
[15:58:18.179] -298.00,-178.00,697.00
[15:58:18.220] -281.00,-231.00,711.00
[15:58:18.284] -250.00,-292.00,747.00
[15:58:18.299] -273.00,-360.00,767.00
[15:58:18.406] -365.00,-455.00,775.00
[15:58:18.408] -518.00,-542.00,731.00
[15:58:18.424] -751.00,-637.00,648.00
[15:58:18.471] -978.00,-768.00,478.00
[15:58:18.510] -1158.00,-925.00,265.00
[15:58:18.549] -1278.00,-1220.00,12.00
[15:58:18.682] -1263.00,-1443.00,-146.00
[15:58:18.684] -1191.00,-1678.00,-280.00
[15:58:18.684] -1041.00,-1892.00,-403.00
[15:58:18.700] -1041.00,-1892.00,-403.00
[15:58:18.750] -613.00,-2243.00,-536.00
[15:58:18.790] -327.00,-2351.00,-548.00
[15:58:18.830] -45.00,-2362.00,-512.00
[15:58:18.870] 235.00,-2380.00,-440.00
[15:58:18.922] 508.00,-2320.00,-367.00
[15:58:18.951] 721.00,-2235.00,-303.00
[15:58:19.010] 858.00,-2130.00,-238.00
[15:58:19.025] 1020.00,-2013.00,-170.00
[15:58:19.071] 1135.00,-1861.00,-100.00
[15:58:19.121] 1240.00,-1728.00,-56.00
[15:58:19.157] 1360.00,-1471.00,41.00
[15:58:19.210] 1406.00,-1343.00,76.00
[15:58:19.225] 1462.00,-901.00,148.00
[15:58:19.259] 1398.00,-508.00,195.00
[15:58:19.299] 1281.00,-162.00,190.00
[15:58:19.473] 1095.00,105.00,211.00
[15:58:19.473] 833.00,302.00,211.00
[15:58:19.476] 560.00,447.00,260.00
[15:58:19.478] 222.00,521.00,280.00
[15:58:19.546] 0.00,552.00,267.00
[15:58:19.548] -237.00,511.00,270.00
[15:58:19.718] -406.00,458.00,291.00
[15:58:19.718] -555.00,387.00,306.00
[15:58:19.719] -618.00,366.00,282.00
[15:58:19.719] -677.00,360.00,243.00
[15:58:19.781] -756.00,368.00,158.00
[15:58:19.816] -851.00,381.00,95.00
[15:58:19.821] -920.00,345.00,17.00
[15:58:19.869] -1005.00,278.00,-43.00
[15:58:20.059] -1073.00,200.00,-68.00
[15:58:20.060] -1142.00,121.00,-82.00
[15:58:20.060] -1196.00,12.00,-68.00
[15:58:20.062] -1230.00,-97.00,-12.00
[15:58:20.064] -1242.00,-221.00,58.00
[15:58:20.110] -1196.00,-373.00,197.00
[15:58:20.180] -1120.00,-458.00,330.00
[15:58:20.182] -997.00,-600.00,471.00
[15:58:20.264] -997.00,-600.00,471.00
[15:58:20.266] -705.00,-695.00,690.00
[15:58:20.311] -538.00,-675.00,770.00
[15:58:20.362] -457.00,-658.00,786.00
[15:58:20.377] -380.00,-687.00,806.00
[15:58:20.422] -375.00,-730.00,806.00
[15:58:20.470] -360.00,-737.00,791.00
[15:58:20.543] -327.00,-675.00,793.00
[15:58:20.545] -301.00,-645.00,793.00
[15:58:20.591] -293.00,-613.00,801.00
[15:58:20.686] -270.00,-558.00,796.00
[15:58:20.686] -337.00,-450.00,786.00
[15:58:20.703] -367.00,-452.00,757.00
[15:58:20.738] -587.00,-426.00,690.00
[15:58:20.780] -795.00,-452.00,600.00
[15:58:20.830] -992.00,-566.00,473.00
[15:58:20.858] -1198.00,-740.00,270.00
[15:58:20.898] -1278.00,-913.00,112.00
[15:58:20.949] -1345.00,-1091.00,-35.00
[15:58:20.990] -1327.00,-1310.00,-200.00
[15:58:21.032] -1245.00,-1602.00,-386.00
[15:58:21.071] -1102.00,-1842.00,-538.00
[15:58:21.110] -882.00,-2053.00,-662.00
[15:58:21.150] -616.00,-2222.00,-718.00
[15:58:21.189] -411.00,-2315.00,-736.00
[15:58:21.231] -173.00,-2377.00,-706.00
[15:58:21.270] 262.00,-2398.00,-626.00
[15:58:21.310] 557.00,-2335.00,-538.00
[15:58:21.350] 818.00,-2211.00,-458.00
[15:58:21.391] 1068.00,-2051.00,-365.00
[15:58:21.455] 1276.00,-1808.00,-277.00
[15:58:21.475] 1457.00,-1518.00,-211.00
[15:58:21.497] 1596.00,-1062.00,-165.00
[15:58:21.549] 1606.00,-621.00,-177.00
[15:58:21.583] 1483.00,-231.00,-197.00
[15:58:21.650] 1335.00,65.00,-208.00
[15:58:21.665] 1115.00,302.00,-170.00
[15:58:21.770] 925.00,428.00,-123.00
[15:58:21.777] 587.00,595.00,-46.00
[15:58:21.780] 257.00,668.00,-7.00
[15:58:21.831] -52.00,656.00,25.00
[15:58:21.869] -321.00,608.00,73.00
[15:58:21.917] -482.00,547.00,105.00
[15:58:21.940] -597.00,563.00,-58.00
[15:58:22.010] -713.00,576.00,-255.00
[15:58:22.026] -890.00,478.00,-450.00
[15:58:22.143] -1092.00,292.00,-497.00
[15:58:22.146] -1220.00,160.00,-495.00
[15:58:22.148] -1291.00,-5.00,-461.00
[15:58:22.191] -1335.00,-123.00,-425.00
[15:58:22.230] -1362.00,-183.00,-383.00
[15:58:22.270] -1373.00,-500.00,-110.00
[15:58:22.310] -1301.00,-645.00,71.00
[15:58:22.352] -1161.00,-808.00,275.00
[15:58:22.399] -1015.00,-943.00,437.00
[15:58:22.430] -807.00,-1093.00,566.00
[15:58:22.470] -646.00,-1186.00,633.00
[15:58:22.511] -477.00,-1231.00,692.00
[15:58:22.551] -298.00,-1233.00,750.00
[15:58:22.592] -101.00,-1255.00,783.00
[15:58:22.631] 78.00,-1255.00,783.00
[15:58:22.669] 225.00,-1198.00,813.00
[15:58:22.722] 306.00,-1096.00,803.00
[15:58:22.749] 337.00,-996.00,811.00
[15:58:22.840] 330.00,-813.00,821.00
[15:58:22.842] 345.00,-680.00,830.00
[15:58:22.859] 298.00,-537.00,830.00
[15:58:22.922] 115.00,-323.00,818.00
[15:58:22.961] -122.00,-183.00,780.00
[15:58:22.998] -447.00,-160.00,687.00
[15:58:23.029] -753.00,-157.00,525.00
[15:58:23.063] -1056.00,-228.00,313.00
[15:58:23.098] -1247.00,-345.00,117.00
[15:58:23.141] -1411.00,-606.00,-136.00
[15:58:23.189] -1457.00,-748.00,-262.00
[15:58:23.249] -1473.00,-975.00,-401.00
[15:58:23.264] -1398.00,-1328.00,-553.00
[15:58:23.323] -1276.00,-1607.00,-643.00
[15:58:23.371] -1088.00,-1845.00,-716.00
[15:58:23.388] -861.00,-2042.00,-757.00
[15:58:23.429] -577.00,-2237.00,-772.00
[15:58:23.471] -318.00,-2353.00,-777.00
[15:58:23.510] -30.00,-2385.00,-765.00
[15:58:23.538] 201.00,-2393.00,-716.00
[15:58:23.590] 406.00,-2370.00,-670.00
[15:58:23.654] 601.00,-2332.00,-695.00
[15:58:23.669] 868.00,-2220.00,-757.00
[15:58:23.711] 1105.00,-2068.00,-837.00
[15:58:23.751] 1105.00,-2068.00,-837.00
[15:58:23.778] 1473.00,-1573.00,-945.00
[15:58:23.852] 1611.00,-1136.00,-1017.00
[15:58:23.869] 1596.00,-635.00,-1097.00
[15:58:23.946] 1406.00,-145.00,-1107.00
[15:58:23.951] 1051.00,326.00,-1031.00
[15:58:24.056] 726.00,576.00,-927.00
[15:58:24.057] 398.00,708.00,-860.00
[15:58:24.080] 68.00,756.00,-825.00
[15:58:24.111] -137.00,766.00,-832.00
[15:58:24.170] -491.00,653.00,-910.00
[15:58:24.187] -718.00,506.00,-1020.00
[15:58:24.230] -917.00,326.00,-1105.00
[15:58:24.270] -1142.00,70.00,-1141.00
[15:58:24.336] -1362.00,-373.00,-1090.00
[15:58:24.345] -1455.00,-685.00,-1041.00
[15:58:24.389] -1450.00,-856.00,-1012.00
[15:58:24.430] -1425.00,-1098.00,-990.00
[15:58:24.471] -1376.00,-1283.00,-912.00
[15:58:24.499] -1337.00,-1450.00,-791.00
[15:58:24.560] -1235.00,-1600.00,-530.00
[15:58:24.590] -1142.00,-1692.00,-347.00
[15:58:24.631] -936.00,-1802.00,-56.00
[15:58:24.670] -700.00,-1845.00,143.00
[15:58:24.710] -445.00,-1852.00,330.00
[15:58:24.749] -296.00,-1868.00,378.00
[15:58:24.776] 63.00,-1802.00,500.00
[15:58:24.831] 286.00,-1673.00,580.00
[15:58:24.902] 465.00,-1533.00,641.00
[15:58:24.902] 631.00,-1362.00,670.00
[15:58:24.951] 728.00,-1130.00,690.00
[15:58:25.004] 792.00,-861.00,726.00
[15:58:25.020] 777.00,-497.00,713.00
[15:58:25.097] 685.00,-252.00,703.00
[15:58:25.098] 557.00,-28.00,662.00
[15:58:25.139] 311.00,157.00,615.00
[15:58:25.177] -2.00,313.00,536.00
[15:58:25.230] -350.00,345.00,398.00
[15:58:25.293] -660.00,316.00,228.00
[15:58:25.308] -892.00,268.00,37.00
[15:58:25.358] -1088.00,191.00,-146.00
[15:58:25.391] -1242.00,50.00,-360.00
[15:58:25.431] -1368.00,-152.00,-590.00
[15:58:25.510] -1430.00,-383.00,-818.00
[15:58:25.511] -1430.00,-732.00,-1048.00
[15:58:25.550] -1357.00,-993.00,-1177.00
[15:58:25.591] -1235.00,-1272.00,-1320.00
[15:58:25.630] -1086.00,-1521.00,-1425.00
[15:58:25.689] -856.00,-1737.00,-1495.00
[15:58:25.712] -690.00,-1873.00,-1517.00
[15:58:25.751] -403.00,-2035.00,-1538.00
[15:58:25.845] -342.00,-2082.00,-1517.00
[15:58:25.881] 88.00,-2201.00,-1476.00
[15:58:25.882] 360.00,-2206.00,-1410.00
[15:58:25.897] 646.00,-2153.00,-1355.00
[15:58:25.951] 917.00,-2011.00,-1376.00
[15:58:25.991] 1183.00,-1692.00,-1437.00
[15:58:26.030] 1371.00,-1352.00,-1451.00
[15:58:26.070] 1455.00,-982.00,-1427.00
[15:58:26.127] 1430.00,-568.00,-1417.00
[15:58:26.146] 1312.00,-302.00,-1437.00
[15:58:26.190] 982.00,70.00,-1463.00
[15:58:26.231] 567.00,307.00,-1485.00
[15:58:26.270] 396.00,376.00,-1495.00
[15:58:26.316] 91.00,471.00,-1430.00
[15:58:26.351] -235.00,506.00,-1332.00
[15:58:26.390] -440.00,487.00,-1270.00
[15:58:26.430] -628.00,423.00,-1242.00
[15:58:26.470] -736.00,307.00,-1330.00
[15:58:26.509] -795.00,181.00,-1420.00
[15:58:26.596] -966.00,-133.00,-1533.00
[15:58:26.598] -1092.00,-387.00,-1541.00
[15:58:26.630] -1217.00,-635.00,-1463.00
[15:58:26.669] -1301.00,-946.00,-1283.00
[15:58:26.711] -1340.00,-1201.00,-1126.00
[15:58:26.739] -1310.00,-1400.00,-956.00
[15:58:26.790] -1237.00,-1633.00,-721.00
[15:58:26.832] -1100.00,-1792.00,-478.00
[15:58:26.870] -917.00,-1937.00,-270.00
[15:58:26.910] -613.00,-2037.00,-30.00
[15:58:26.949] -355.00,-2066.00,115.00
[15:58:27.000] -96.00,-2061.00,182.00
[15:58:27.037] 193.00,-2095.00,190.00
[15:58:27.070] 452.00,-2030.00,211.00
[15:58:27.110] 680.00,-1911.00,280.00
[15:58:27.163] 877.00,-1695.00,365.00
[15:58:27.178] 1041.00,-1457.00,403.00
[15:58:27.230] 1107.00,-1346.00,408.00
[15:58:27.270] 1198.00,-1017.00,445.00
[15:58:27.306] 1205.00,-941.00,456.00
[15:58:27.340] 1163.00,-397.00,435.00
[15:58:27.392] 1073.00,-15.00,365.00
[15:58:27.490] 902.00,236.00,282.00
[15:58:27.490] 670.00,455.00,218.00
[15:58:27.506] 357.00,592.00,141.00
[15:58:27.592] 27.00,671.00,68.00
[15:58:27.593] -298.00,666.00,-32.00
[15:58:27.631] -651.00,606.00,-272.00
[15:58:27.671] -887.00,485.00,-471.00
[15:58:27.765] -1046.00,355.00,-665.00
[15:58:27.765] -1151.00,200.00,-827.00
[15:58:27.780] -1210.00,73.00,-983.00
[15:58:27.830] -1245.00,-91.00,-1136.00
[15:58:27.871] -1230.00,-445.00,-1417.00
[15:58:27.935] -1135.00,-703.00,-1618.00
[15:58:27.951] -982.00,-977.00,-1765.00
[15:58:28.087] -782.00,-1257.00,-1863.00
[15:58:28.087] -557.00,-1497.00,-1920.00
[15:58:28.088] -306.00,-1702.00,-1922.00
[15:58:28.136] 22.00,-1852.00,-1856.00
[15:58:28.138] 308.00,-1932.00,-1796.00
[15:58:28.214] 531.00,-2013.00,-1665.00
[15:58:28.220] 777.00,-2003.00,-1543.00
[15:58:28.279] 976.00,-1890.00,-1520.00
[15:58:28.306] 1088.00,-1752.00,-1567.00
[15:58:28.385] 1235.00,-1481.00,-1616.00
[15:58:28.386] 1281.00,-1317.00,-1652.00
[15:58:28.431] 1263.00,-885.00,-1737.00
[15:58:28.461] 1076.00,-532.00,-1820.00
[15:58:28.510] 823.00,-247.00,-1852.00
[15:58:28.550] 460.00,31.00,-1830.00
[15:58:28.589] 140.00,102.00,-1817.00
[15:58:28.631] -110.00,93.00,-1815.00
[15:58:28.680] -316.00,57.00,-1770.00
[15:58:28.712] -491.00,67.00,-1708.00
[15:58:28.749] -603.00,52.00,-1652.00
[15:58:28.791] -682.00,10.00,-1636.00
[15:58:28.830] -702.00,0.00,-1652.00
[15:58:28.871] -790.00,-252.00,-1755.00
[15:58:28.910] -838.00,-500.00,-1811.00
[15:58:28.950] -871.00,-790.00,-1830.00
[15:58:28.989] -905.00,-1096.00,-1773.00
[15:58:29.031] -933.00,-1447.00,-1628.00
[15:58:29.071] -917.00,-1690.00,-1456.00
[15:58:29.109] -861.00,-1897.00,-1257.00
[15:58:29.149] -770.00,-2045.00,-1033.00
[15:58:29.189] -665.00,-2170.00,-813.00
[15:58:29.222] -501.00,-2261.00,-623.00
[15:58:29.284] -321.00,-2311.00,-442.00
[15:58:29.331] -83.00,-2338.00,-342.00
[15:58:29.374] 58.00,-2346.00,-308.00
[15:58:29.390] 523.00,-2291.00,-247.00
[15:58:29.431] 882.00,-2118.00,-165.00
[15:58:29.491] 1186.00,-1885.00,-151.00
[15:58:29.509] 1383.00,-1610.00,-182.00
[15:58:29.558] 1567.00,-1336.00,-185.00
[15:58:29.591] 1650.00,-943.00,-146.00
[15:58:29.632] 1650.00,-603.00,-126.00
[15:58:29.660] 1575.00,-188.00,-167.00
[15:58:29.709] 1420.00,152.00,-236.00
[15:58:29.752] 1015.00,563.00,-352.00
[15:58:29.790] 582.00,758.00,-453.00
[15:58:29.831] 350.00,816.00,-495.00
[15:58:29.870] -145.00,822.00,-597.00
[15:58:29.906] -450.00,737.00,-723.00
[15:58:29.939] -665.00,585.00,-948.00
[15:58:29.991] -846.00,337.00,-1298.00
[15:58:30.030] -853.00,100.00,-1541.00
[15:58:30.071] -800.00,-168.00,-1786.00
[15:58:30.125] -655.00,-411.00,-1971.00
[15:58:30.139] -455.00,-606.00,-2092.00
[15:58:30.187] -225.00,-761.00,-2175.00
[15:58:30.231] 50.00,-925.00,-2232.00
[15:58:30.272] 313.00,-975.00,-2203.00
[15:58:30.298] 552.00,-1003.00,-2162.00
[15:58:30.350] 552.00,-1003.00,-2162.00
[15:58:30.391] 900.00,-1012.00,-2023.00
[15:58:30.430] 1058.00,-956.00,-1941.00
[15:58:30.470] 1198.00,-858.00,-1856.00
[15:58:30.508] 1258.00,-737.00,-1806.00
[15:58:30.551] 1276.00,-513.00,-1757.00
[15:58:30.590] 1205.00,-292.00,-1747.00
[15:58:30.638] 1022.00,-171.00,-1837.00
[15:58:30.670] 657.00,-33.00,-1943.00
[15:58:30.696] 273.00,22.00,-1995.00
[15:58:30.752] -106.00,52.00,-1968.00
[15:58:30.796] -357.00,-33.00,-1925.00
[15:58:30.826] -643.00,-178.00,-1897.00
[15:58:30.870] -770.00,-300.00,-1861.00
[15:58:30.918] -1053.00,-635.00,-1703.00
[15:58:30.950] -1117.00,-785.00,-1618.00
[15:58:30.990] -1146.00,-903.00,-1597.00
[15:58:31.029] -1146.00,-982.00,-1590.00
[15:58:31.069] -1063.00,-1112.00,-1616.00
[15:58:31.110] -1002.00,-1255.00,-1652.00
[15:58:31.150] -931.00,-1402.00,-1652.00
[15:58:31.209] -877.00,-1602.00,-1585.00
[15:58:31.223] -838.00,-1745.00,-1485.00
[15:58:31.269] -772.00,-1966.00,-1233.00
[15:58:31.311] -697.00,-2127.00,-961.00
[15:58:31.371] -643.00,-2206.00,-806.00
[15:58:31.387] -375.00,-2298.00,-415.00
[15:58:31.434] -98.00,-2301.00,-223.00
[15:58:31.480] 117.00,-2296.00,-143.00
[15:58:31.499] 493.00,-2248.00,-126.00
[15:58:31.539] 802.00,-2156.00,-172.00
[15:58:31.584] 1066.00,-2030.00,-233.00
[15:58:31.621] 1325.00,-1832.00,-330.00
[15:58:31.692] 1580.00,-1488.00,-360.00
[15:58:31.707] 1685.00,-1103.00,-330.00
[15:58:31.752] 1716.00,-690.00,-323.00
[15:58:31.790] 1650.00,-247.00,-332.00
[15:58:31.831] 1457.00,126.00,-417.00
[15:58:31.891] 1156.00,461.00,-486.00
[15:58:31.906] 851.00,651.00,-551.00
[15:58:31.951] 493.00,785.00,-665.00
[15:58:31.990] 160.00,816.00,-808.00
[15:58:32.032] -91.00,745.00,-973.00
[15:58:32.086] -330.00,637.00,-1155.00
[15:58:32.125] -518.00,482.00,-1327.00
[15:58:32.140] -646.00,238.00,-1570.00
[15:58:32.270] -685.00,28.00,-1732.00
[15:58:32.273] -626.00,-168.00,-1883.00
[15:58:32.277] -496.00,-378.00,-2036.00
[15:58:32.319] -330.00,-495.00,-2113.00
[15:58:32.361] -86.00,-621.00,-2211.00
[15:58:32.431] 45.00,-708.00,-2216.00
[15:58:32.432] 531.00,-893.00,-2167.00
[15:58:32.495] 800.00,-901.00,-2095.00
[15:58:32.509] 1022.00,-901.00,-1976.00
[15:58:32.563] 1210.00,-853.00,-1837.00
[15:58:32.578] 1355.00,-787.00,-1680.00
[15:58:32.631] 1493.00,-611.00,-1490.00
[15:58:32.660] 1577.00,-463.00,-1342.00
[15:58:32.712] 1593.00,-326.00,-1203.00
[15:58:32.750] 1583.00,-181.00,-1107.00
[15:58:32.816] 1493.00,0.00,-1061.00
[15:58:32.817] 1327.00,242.00,-1046.00
[15:58:32.903] 1207.00,357.00,-1075.00
[15:58:32.903] 748.00,597.00,-1218.00
[15:58:32.962] 327.00,687.00,-1335.00
[15:58:32.978] -98.00,658.00,-1420.00
[15:58:33.051] -680.00,468.00,-1446.00
[15:58:33.075] -958.00,268.00,-1410.00
[15:58:33.124] -1273.00,-17.00,-1335.00
[15:58:33.141] -1467.00,-421.00,-1187.00
[15:58:33.208] -1535.00,-748.00,-1075.00
[15:58:33.223] -1532.00,-1006.00,-976.00
[15:58:33.390] -1457.00,-1281.00,-910.00
[15:58:33.419] -1411.00,-1426.00,-821.00
[15:58:33.419] -1330.00,-1607.00,-670.00
[15:58:33.420] -1222.00,-1745.00,-408.00
[15:58:33.420] -1043.00,-1832.00,-136.00
[15:58:33.476] -818.00,-1845.00,146.00
[15:58:33.510] -547.00,-1858.00,357.00
[15:58:33.573] -227.00,-1856.00,458.00
[15:58:33.594] 193.00,-1882.00,491.00
[15:58:33.644] 585.00,-1828.00,456.00
[15:58:33.661] 946.00,-1705.00,347.00
[15:58:33.716] 1268.00,-1515.00,182.00
[15:58:33.750] 1562.00,-1201.00,-32.00
[15:58:33.791] 1682.00,-917.00,-208.00
[15:58:33.830] 1718.00,-647.00,-330.00
[15:58:33.872] 1703.00,-513.00,-355.00
[15:58:33.909] 1680.00,-400.00,-391.00
[15:58:33.951] 1516.00,-41.00,-233.00
[15:58:34.003] 1288.00,152.00,-25.00
[15:58:34.018] 1056.00,347.00,85.00
[15:58:34.070] 746.00,550.00,32.00
[15:58:34.110] 391.00,737.00,-107.00
[15:58:34.151] 7.00,801.00,-306.00
[15:58:34.231] -350.00,737.00,-522.00
[15:58:34.231] -756.00,571.00,-772.00
[15:58:34.289] -915.00,397.00,-956.00
[15:58:34.427] -1053.00,168.00,-1170.00
[15:58:34.427] -1061.00,-121.00,-1478.00
[15:58:34.428] -1043.00,-195.00,-1546.00
[15:58:34.430] -863.00,-561.00,-1871.00
[15:58:34.492] -592.00,-863.00,-2036.00
[15:58:34.508] -421.00,-1053.00,-2100.00
[15:58:34.542] -45.00,-1286.00,-2133.00
[15:58:34.590] 240.00,-1473.00,-2080.00
[15:58:34.644] 518.00,-1557.00,-1985.00
[15:58:34.660] 790.00,-1623.00,-1863.00
[15:58:34.710] 1078.00,-1640.00,-1667.00
[15:58:34.748] 1217.00,-1626.00,-1533.00
[15:58:35.042] 1425.00,-1536.00,-1298.00
[15:58:35.043] 1555.00,-1412.00,-1131.00
[15:58:35.044] 1677.00,-1270.00,-976.00
[15:58:35.044] 1736.00,-1138.00,-876.00
[15:58:35.045] 1770.00,-956.00,-765.00
[15:58:35.047] 1762.00,-690.00,-633.00
[15:58:35.048] 1743.00,-506.00,-532.00
[15:58:35.063] 1696.00,-295.00,-442.00
[15:58:35.120] 1601.00,-102.00,-371.00
[15:58:35.155] 1386.00,250.00,-342.00
[15:58:35.190] 1191.00,482.00,-378.00
[15:58:35.230] 733.00,725.00,-517.00
[15:58:35.271] 313.00,861.00,-568.00
[15:58:35.309] -137.00,846.00,-633.00
[15:58:35.351] -575.00,721.00,-648.00
[15:58:35.423] -767.00,595.00,-680.00
[15:58:35.466] -1222.00,183.00,-665.00
[15:58:35.468] -1386.00,-60.00,-587.00
[15:58:35.501] -1523.00,-461.00,-355.00
[15:58:35.538] -1518.00,-801.00,-158.00
[15:58:35.695] -1398.00,-1070.00,51.00
[15:58:35.696] -1183.00,-1357.00,275.00
[15:58:35.696] -997.00,-1497.00,393.00
[15:58:35.698] -853.00,-1528.00,497.00
[15:58:35.781] -660.00,-1473.00,626.00
[15:58:35.781] -511.00,-1393.00,726.00
[15:58:35.885] -377.00,-1322.00,803.00
[15:58:35.888] -183.00,-1193.00,876.00
[15:58:35.960] -155.00,-1170.00,881.00
[15:58:35.962] 91.00,-972.00,927.00
[15:58:35.990] 267.00,-861.00,935.00
[15:58:36.030] 467.00,-713.00,907.00
[15:58:36.070] 638.00,-526.00,855.00
[15:58:36.096] 810.00,-310.00,723.00
[15:58:36.177] 877.00,-138.00,641.00
[15:58:36.177] 821.00,-28.00,600.00
[15:58:36.230] 723.00,52.00,623.00
[15:58:36.300] 538.00,83.00,660.00
[15:58:36.301] 313.00,133.00,667.00
[15:58:36.338] -32.00,178.00,643.00
[15:58:36.402] -225.00,178.00,605.00
[15:58:36.456] -393.00,152.00,541.00
[15:58:36.458] -613.00,31.00,510.00
[15:58:36.538] -728.00,-102.00,515.00
[15:58:36.538] -812.00,-278.00,502.00
[15:58:36.643] -882.00,-407.00,495.00
[15:58:36.673] -976.00,-590.00,432.00
[15:58:36.674] -1048.00,-785.00,383.00
[15:58:36.726] -1142.00,-1022.00,257.00
[15:58:36.741] -1207.00,-1246.00,110.00
[15:58:36.791] -1235.00,-1423.00,-68.00
[15:58:36.829] -1202.00,-1640.00,-293.00
[15:58:36.877] -1071.00,-1892.00,-507.00
[15:58:36.924] -946.00,-2025.00,-651.00
[15:58:36.940] -728.00,-2170.00,-721.00
[15:58:37.035] -508.00,-2291.00,-726.00
[15:58:37.038] -240.00,-2370.00,-690.00
[15:58:37.118] 25.00,-2401.00,-621.00
[15:58:37.118] 276.00,-2393.00,-563.00
[15:58:37.151] 550.00,-2332.00,-476.00
[15:58:37.189] 718.00,-2251.00,-408.00
[15:58:37.219] 846.00,-2196.00,-371.00
[15:58:37.271] 997.00,-2066.00,-303.00
[15:58:37.311] 1105.00,-1997.00,-291.00
[15:58:37.350] 1222.00,-1895.00,-313.00
[15:58:37.390] 1312.00,-1800.00,-342.00
[15:58:37.463] 1357.00,-1766.00,-340.00
[15:58:37.463] 1560.00,-1357.00,-250.00
[15:58:37.537] 1596.00,-980.00,-123.00
[15:58:37.560] 1508.00,-413.00,32.00
[15:58:37.581] 1332.00,-76.00,90.00
[15:58:37.631] 910.00,376.00,117.00
[15:58:37.769] 482.00,613.00,51.00
[15:58:37.771] 47.00,708.00,20.00
[15:58:37.772] -318.00,647.00,41.00
[15:58:37.787] -606.00,511.00,112.00
[15:58:37.834] -731.00,376.00,202.00
[15:58:37.871] -800.00,233.00,330.00
[15:58:38.091] -833.00,147.00,391.00
[15:58:38.091] -863.00,52.00,435.00
[15:58:38.093] -961.00,-55.00,440.00
[15:58:38.093] -1041.00,-60.00,337.00
[15:58:38.094] -1086.00,-7.00,218.00
[15:58:38.110] -1137.00,-10.00,136.00
[15:58:38.151] -1181.00,-43.00,115.00
[15:58:38.252] -1210.00,-115.00,85.00
[15:58:38.253] -1247.00,-202.00,100.00
[15:58:38.269] -1261.00,-323.00,141.00
[15:58:38.310] -1220.00,-511.00,216.00
[15:58:38.350] -1146.00,-653.00,350.00
[15:58:38.389] -1030.00,-790.00,466.00
[15:58:38.429] -917.00,-882.00,543.00
[15:58:38.470] -713.00,-1020.00,662.00
[15:58:38.509] -531.00,-1098.00,745.00
[15:58:38.549] -360.00,-1125.00,796.00
[15:58:38.590] -213.00,-1136.00,832.00
[15:58:38.630] -81.00,-1125.00,832.00
[15:58:38.661] -17.00,-1120.00,845.00
[15:58:38.710] 0.00,-1046.00,842.00
[15:58:38.784] 22.00,-967.00,837.00
[15:58:38.785] 50.00,-843.00,847.00
[15:58:38.832] 78.00,-725.00,847.00
[15:58:38.870] 91.00,-545.00,857.00
[15:58:38.911] 56.00,-452.00,855.00
[15:58:38.950] 30.00,-392.00,840.00
[15:58:39.014] -291.00,-355.00,811.00
[15:58:39.029] -587.00,-407.00,738.00
[15:58:39.064] -856.00,-502.00,615.00
[15:58:39.144] -1125.00,-603.00,383.00
[15:58:39.144] -1330.00,-745.00,133.00
[15:58:39.194] -1455.00,-930.00,-277.00
[15:58:39.230] -1491.00,-1048.00,-505.00
[15:58:39.261] -1416.00,-1296.00,-832.00
[15:58:39.309] -1288.00,-1500.00,-1010.00
[15:58:39.350] -1105.00,-1721.00,-1155.00
[15:58:39.408] -910.00,-1921.00,-1201.00
[15:58:39.430] -733.00,-2037.00,-1175.00
[15:58:39.470] -575.00,-2182.00,-1155.00
[15:58:39.513] -273.00,-2327.00,-1027.00
[15:58:39.549] -56.00,-2370.00,-973.00
[15:58:39.589] 147.00,-2377.00,-920.00
[15:58:39.629] 367.00,-2365.00,-915.00
[15:58:39.657] 636.00,-2298.00,-920.00
[15:58:39.710] 880.00,-2187.00,-966.00
[15:58:39.750] 1102.00,-2025.00,-1012.00
[15:58:39.789] 1330.00,-1768.00,-1025.00
[15:58:39.818] 1521.00,-1462.00,-963.00
[15:58:39.871] 1657.00,-951.00,-873.00
[15:58:39.910] 1652.00,-632.00,-852.00
[15:58:39.972] 1565.00,-290.00,-883.00
[15:58:40.033] 1258.00,178.00,-903.00
[15:58:40.077] 925.00,455.00,-927.00
[15:58:40.078] 575.00,637.00,-948.00
[15:58:40.111] 115.00,766.00,-920.00
[15:58:40.149] -155.00,748.00,-837.00
[15:58:40.203] -491.00,697.00,-612.00
[15:58:40.218] -655.00,627.00,-427.00
[15:58:40.281] -758.00,542.00,-298.00
[15:58:40.296] -828.00,473.00,-238.00
[15:58:40.349] -920.00,390.00,-231.00
[15:58:40.391] -1012.00,286.00,-228.00
