# Serial Log - 2026-04-15T22:10:21.493773
# Port: COM10 @ 115200bps
#============================================================
[22:10:21.555] 301.00,-2108.00,-1905.00
[22:10:21.557] 332.00,-2135.00,-1820.00
[22:10:21.572] 340.00,-2190.00,-1778.00
[22:10:21.613] 340.00,-2190.00,-1778.00
[22:10:21.652] 411.00,-2320.00,-1570.00
[22:10:21.695] 467.00,-2346.00,-1448.00
[22:10:21.733] 487.00,-2375.00,-1355.00
[22:10:21.775] 487.00,-2406.00,-1286.00
[22:10:21.842] 465.00,-2427.00,-1218.00
[22:10:21.843] 455.00,-2436.00,-1213.00
[22:10:21.894] 423.00,-2430.00,-1242.00
[22:10:21.935] 423.00,-2425.00,-1286.00
[22:10:21.976] 423.00,-2403.00,-1357.00
[22:10:22.012] 442.00,-2382.00,-1412.00
[22:10:22.054] 447.00,-2380.00,-1381.00
[22:10:22.095] 477.00,-2393.00,-1371.00
[22:10:22.135] 493.00,-2396.00,-1262.00
[22:10:22.176] 521.00,-2393.00,-1211.00
[22:10:22.215] 562.00,-2385.00,-1218.00
[22:10:22.482] 582.00,-2377.00,-1226.00
[22:10:22.488] 603.00,-2370.00,-1275.00
[22:10:22.489] 603.00,-2353.00,-1311.00
[22:10:22.489] 592.00,-2332.00,-1391.00
[22:10:22.495] 603.00,-2287.00,-1471.00
[22:10:22.497] 618.00,-2227.00,-1580.00
[22:10:22.497] 608.00,-2185.00,-1631.00
[22:10:22.534] 655.00,-2148.00,-1703.00
[22:10:22.575] 695.00,-2082.00,-1742.00
[22:10:22.616] 741.00,-2053.00,-1711.00
[22:10:22.657] 880.00,-2045.00,-1621.00
[22:10:22.734] 1000.00,-2025.00,-1528.00
[22:10:22.734] 1102.00,-1971.00,-1481.00
[22:10:22.774] 1225.00,-1842.00,-1463.00
[22:10:22.814] 1310.00,-1692.00,-1500.00
[22:10:22.855] 1403.00,-1491.00,-1572.00
[22:10:22.896] 1473.00,-1238.00,-1595.00
[22:10:22.992] 1488.00,-1101.00,-1631.00
[22:10:22.992] 1473.00,-863.00,-1675.00
[22:10:23.009] 1452.00,-785.00,-1721.00
[22:10:23.052] 1427.00,-516.00,-1728.00
[22:10:23.094] 1391.00,-333.00,-1706.00
[22:10:23.147] 1315.00,-131.00,-1680.00
[22:10:23.168] 1193.00,65.00,-1726.00
[22:10:23.244] 948.00,218.00,-1815.00
[22:10:23.247] 777.00,273.00,-1866.00
[22:10:23.370] 651.00,257.00,-1976.00
[22:10:23.370] 536.00,223.00,-2056.00
[22:10:23.370] 426.00,181.00,-2121.00
[22:10:23.412] 347.00,131.00,-2172.00
[22:10:23.456] 301.00,73.00,-2211.00
[22:10:23.489] 288.00,60.00,-2223.00
[22:10:23.524] 286.00,0.00,-2252.00
[22:10:23.739] 306.00,-22.00,-2252.00
[22:10:23.887] 370.00,-65.00,-2247.00
[22:10:23.890] 480.00,-123.00,-2245.00
[22:10:23.892] 608.00,-155.00,-2208.00
[22:10:23.948] 700.00,-173.00,-2175.00
[22:10:23.983] 775.00,-191.00,-2136.00
[22:10:24.000] 821.00,-165.00,-2108.00
[22:10:24.002] 880.00,-133.00,-2048.00
[22:10:24.005] 956.00,-112.00,-2005.00
[22:10:24.011] 1007.00,-112.00,-1946.00
[22:10:24.032] 1076.00,-93.00,-1902.00
[22:10:24.038] 1135.00,-46.00,-1801.00
[22:10:24.053] 1171.00,-65.00,-1778.00
[22:10:24.095] 1171.00,-155.00,-1858.00
[22:10:24.135] 1135.00,-276.00,-1935.00
[22:10:25.881] 1110.00,-368.00,-2000.00
[22:10:25.882] 1130.00,-502.00,-2031.00
[22:10:25.882] 1120.00,-611.00,-2041.00
[22:10:25.882] 1107.00,-796.00,-2092.00
[22:10:25.885] 1068.00,-922.00,-2133.00
[22:10:25.885] 997.00,-1051.00,-2147.00
[22:10:25.888] 877.00,-1181.00,-2218.00
[22:10:25.890] 877.00,-1181.00,-2218.00
[22:10:25.890] 590.00,-1381.00,-2293.00
[22:10:25.892] 442.00,-1505.00,-2276.00
[22:10:25.892] 406.00,-1592.00,-2247.00
[22:10:25.892] 365.00,-1726.00,-2180.00
[22:10:25.895] 372.00,-1813.00,-2136.00
[22:10:25.897] 416.00,-1840.00,-2113.00
[22:10:25.897] 491.00,-1856.00,-2062.00
[22:10:25.900] 555.00,-1868.00,-2026.00
[22:10:25.902] 618.00,-1861.00,-2017.00
[22:10:25.902] 648.00,-1800.00,-2038.00
[22:10:25.902] 631.00,-1733.00,-2087.00
[22:10:25.904] 621.00,-1718.00,-2118.00
[22:10:25.906] 528.00,-1586.00,-2211.00
[22:10:25.907] 440.00,-1481.00,-2281.00
[22:10:25.907] 406.00,-1402.00,-2327.00
[22:10:25.907] 372.00,-1350.00,-2356.00
[22:10:25.909] 386.00,-1360.00,-2345.00
[22:10:25.912] 457.00,-1420.00,-2306.00
[22:10:25.912] 538.00,-1515.00,-2245.00
[22:10:25.912] 638.00,-1573.00,-2167.00
[22:10:25.914] 711.00,-1657.00,-2108.00
[22:10:25.915] 792.00,-1645.00,-2067.00
[22:10:25.916] 907.00,-1547.00,-2046.00
[22:10:25.918] 915.00,-1560.00,-2041.00
[22:10:25.919] 936.00,-1528.00,-2002.00
[22:10:25.923] 890.00,-1488.00,-2053.00
[22:10:25.923] 823.00,-1483.00,-2108.00
[22:10:25.926] 680.00,-1467.00,-2206.00
[22:10:25.927] 541.00,-1467.00,-2257.00
[22:10:25.927] 367.00,-1443.00,-2291.00
[22:10:25.927] 270.00,-1426.00,-2337.00
[22:10:25.927] 98.00,-1355.00,-2381.00
[22:10:25.927] 22.00,-1331.00,-2383.00
[22:10:25.931] -22.00,-1333.00,-2400.00
[22:10:25.935] -22.00,-1386.00,-2397.00
[22:10:25.936] -15.00,-1420.00,-2376.00
[22:10:25.936] 56.00,-1552.00,-2351.00
[22:10:25.967] 147.00,-1612.00,-2317.00
[22:10:26.051] 203.00,-1640.00,-2283.00
[22:10:26.161] 265.00,-1707.00,-2265.00
[22:10:26.166] 306.00,-1731.00,-2235.00
[22:10:26.170] 375.00,-1766.00,-2216.00
[22:10:26.171] 491.00,-1755.00,-2193.00
[22:10:26.213] 626.00,-1745.00,-2172.00
[22:10:26.254] 900.00,-1612.00,-2058.00
[22:10:26.295] 1153.00,-1452.00,-1958.00
[22:10:26.336] 1381.00,-1260.00,-1786.00
[22:10:26.375] 1526.00,-1110.00,-1628.00
[22:10:26.412] 1690.00,-856.00,-1313.00
[22:10:26.452] 1733.00,-645.00,-1061.00
[22:10:26.492] 1718.00,-445.00,-791.00
[22:10:26.533] 1652.00,-276.00,-558.00
[22:10:26.575] 1557.00,-138.00,-321.00
[22:10:26.617] 1411.00,-41.00,-63.00
[22:10:26.668] 1217.00,0.00,175.00
[22:10:26.686] 951.00,5.00,447.00
[22:10:26.732] 711.00,-50.00,615.00
[22:10:26.776] 462.00,-126.00,733.00
[22:10:26.816] 247.00,-218.00,816.00
[22:10:26.852] 247.00,-218.00,816.00
[22:10:26.895] -193.00,-518.00,896.00
[22:10:26.932] -365.00,-685.00,876.00
[22:10:26.963] -531.00,-920.00,837.00
[22:10:27.016] -680.00,-1151.00,745.00
[22:10:27.122] -828.00,-1415.00,580.00
[22:10:27.142] -941.00,-1642.00,393.00
[22:10:27.146] -1095.00,-1840.00,78.00
[22:10:27.283] -1178.00,-1992.00,-236.00
[22:10:27.283] -1225.00,-2066.00,-577.00
[22:10:27.286] -1250.00,-2068.00,-920.00
[22:10:27.287] -1227.00,-2040.00,-1151.00
[22:10:27.331] -1230.00,-2047.00,-1213.00
[22:10:27.372] -1095.00,-1916.00,-1670.00
[22:10:27.416] -1010.00,-1811.00,-1822.00
[22:10:27.455] -976.00,-1707.00,-1958.00
[22:10:27.495] -951.00,-1562.00,-2041.00
[22:10:27.532] -961.00,-1402.00,-2087.00
[22:10:27.575] -1030.00,-1177.00,-2116.00
[22:10:27.612] -1092.00,-1020.00,-2090.00
[22:10:27.654] -1176.00,-830.00,-2005.00
[22:10:27.696] -1283.00,-623.00,-1886.00
[22:10:27.735] -1322.00,-502.00,-1783.00
[22:10:27.775] -1425.00,-326.00,-1597.00
[22:10:27.814] -1467.00,-266.00,-1502.00
[22:10:27.852] -1540.00,-105.00,-1143.00
[22:10:27.896] -1511.00,-10.00,-1010.00
[22:10:27.932] -1481.00,60.00,-945.00
[22:10:27.976] -1450.00,112.00,-932.00
[22:10:28.022] -1408.00,150.00,-971.00
[22:10:28.044] -1376.00,181.00,-1043.00
[22:10:28.095] -1355.00,188.00,-1080.00
[22:10:28.136] -1345.00,168.00,-1185.00
[22:10:28.175] -1342.00,88.00,-1298.00
[22:10:28.216] -1320.00,12.00,-1427.00
[22:10:28.472] -1276.00,-38.00,-1548.00
[22:10:28.527] -1242.00,-102.00,-1662.00
[22:10:28.532] -1153.00,-233.00,-1835.00
[22:10:28.534] -1112.00,-295.00,-1888.00
[22:10:28.536] -1100.00,-381.00,-1958.00
[22:10:28.536] -1130.00,-447.00,-1973.00
[22:10:28.536] -1140.00,-478.00,-1966.00
[22:10:28.541] -1168.00,-540.00,-1968.00
[22:10:28.576] -1148.00,-630.00,-2026.00
[22:10:28.613] -1110.00,-742.00,-2100.00
[22:10:28.656] -1020.00,-870.00,-2177.00
[22:10:28.787] -880.00,-991.00,-2260.00
[22:10:28.987] -770.00,-1080.00,-2330.00
[22:10:28.987] -633.00,-1141.00,-2381.00
[22:10:28.990] -470.00,-1122.00,-2433.00
[22:10:28.993] -357.00,-1065.00,-2461.00
[22:10:28.994] -240.00,-977.00,-2475.00
[22:10:28.994] -132.00,-866.00,-2492.00
[22:10:28.995] -7.00,-711.00,-2475.00
[22:10:29.012] 132.00,-550.00,-2446.00
[22:10:29.055] 267.00,-345.00,-2361.00
[22:10:29.095] 431.00,-128.00,-2250.00
[22:10:29.132] 523.00,2.00,-2126.00
[22:10:29.173] 613.00,155.00,-2010.00
[22:10:29.212] 677.00,242.00,-1888.00
[22:10:29.282] 777.00,360.00,-1691.00
[22:10:29.282] 851.00,450.00,-1520.00
[22:10:29.336] 895.00,495.00,-1320.00
[22:10:29.376] 966.00,566.00,-1136.00
[22:10:29.413] 943.00,608.00,-930.00
[22:10:29.453] 861.00,675.00,-682.00
[22:10:29.494] 728.00,725.00,-510.00
[22:10:29.532] 570.00,753.00,-342.00
[22:10:29.576] 401.00,775.00,-180.00
[22:10:29.613] 222.00,740.00,-30.00
[22:10:29.655] 83.00,711.00,95.00
[22:10:29.693] -40.00,680.00,151.00
[22:10:29.721] -76.00,647.00,158.00
[22:10:29.775] -347.00,526.00,267.00
[22:10:29.816] -516.00,411.00,347.00
[22:10:29.853] -631.00,281.00,412.00
[22:10:29.893] -758.00,115.00,486.00
[22:10:29.936] -897.00,-126.00,541.00
[22:10:30.009] -968.00,-347.00,561.00
[22:10:30.012] -1032.00,-603.00,602.00
[22:10:30.052] -1088.00,-861.00,568.00
[22:10:30.093] -1117.00,-1101.00,536.00
[22:10:30.132] -1127.00,-1296.00,468.00
[22:10:30.202] -1146.00,-1541.00,330.00
[22:10:30.204] -1161.00,-1655.00,238.00
[22:10:30.255] -1258.00,-1908.00,-141.00
[22:10:30.376] -1301.00,-1992.00,-376.00
[22:10:30.381] -1325.00,-2045.00,-643.00
[22:10:30.384] -1325.00,-2053.00,-886.00
[22:10:30.417] -1286.00,-2032.00,-1175.00
[22:10:30.455] -1210.00,-1995.00,-1410.00
[22:10:30.493] -1112.00,-1945.00,-1643.00
[22:10:30.535] -946.00,-1900.00,-1815.00
[22:10:30.572] -790.00,-1852.00,-1973.00
[22:10:30.616] -636.00,-1823.00,-2051.00
[22:10:30.650] -503.00,-1808.00,-2108.00
[22:10:30.695] -403.00,-1832.00,-2138.00
[22:10:30.733] -183.00,-1813.00,-2167.00
[22:10:30.776] -27.00,-1773.00,-2206.00
[22:10:30.812] 71.00,-1705.00,-2250.00
[22:10:30.856] 163.00,-1573.00,-2283.00
[22:10:30.896] 230.00,-1338.00,-2366.00
[22:10:30.935] 260.00,-1127.00,-2388.00
[22:10:30.976] 237.00,-801.00,-2378.00
[22:10:31.012] 173.00,-590.00,-2381.00
[22:10:31.056] 101.00,-418.00,-2345.00
[22:10:31.109] 68.00,-226.00,-2278.00
[22:10:31.282] 68.00,-128.00,-2265.00
[22:10:31.282] 61.00,-55.00,-2227.00
[22:10:31.284] 40.00,7.00,-2186.00
[22:10:31.284] 2.00,81.00,-2133.00
[22:10:31.286] -81.00,176.00,-2085.00
[22:10:31.336] -237.00,273.00,-1997.00
[22:10:31.376] -337.00,307.00,-1956.00
[22:10:31.496] -462.00,333.00,-1915.00
[22:10:31.500] -628.00,328.00,-1861.00
[22:10:31.500] -772.00,268.00,-1850.00
[22:10:31.535] -897.00,171.00,-1842.00
[22:10:31.575] -1048.00,5.00,-1873.00
[22:10:31.617] -1102.00,-65.00,-1897.00
[22:10:31.656] -1102.00,-65.00,-1897.00
[22:10:31.719] -1168.00,-407.00,-2002.00
[22:10:31.736] -1161.00,-537.00,-2051.00
[22:10:31.784] -1112.00,-653.00,-2070.00
[22:10:31.823] -1083.00,-751.00,-2095.00
[22:10:31.859] -1012.00,-811.00,-2155.00
[22:10:31.896] -938.00,-796.00,-2182.00
[22:10:31.932] -851.00,-740.00,-2223.00
[22:10:31.974] -756.00,-675.00,-2250.00
[22:10:32.015] -667.00,-595.00,-2288.00
[22:10:32.055] -523.00,-487.00,-2293.00
[22:10:32.096] -447.00,-416.00,-2312.00
[22:10:32.136] -316.00,-337.00,-2312.00
[22:10:32.166] -183.00,-250.00,-2298.00
[22:10:32.214] -27.00,-176.00,-2262.00
[22:10:32.254] 125.00,-102.00,-2227.00
[22:10:32.295] 323.00,0.00,-2138.00
[22:10:32.333] 457.00,81.00,-2048.00
[22:10:32.376] 550.00,147.00,-1953.00
[22:10:32.412] 621.00,283.00,-1827.00
[22:10:32.456] 655.00,405.00,-1638.00
[22:10:32.493] 670.00,516.00,-1485.00
[22:10:32.534] 641.00,640.00,-1288.00
[22:10:32.576] 641.00,640.00,-1288.00
[22:10:32.614] 570.00,756.00,-990.00
[22:10:32.652] 508.00,806.00,-750.00
[22:10:32.693] 467.00,827.00,-512.00
[22:10:32.734] 370.00,801.00,-291.00
[22:10:32.775] 281.00,761.00,-112.00
[22:10:32.814] 188.00,690.00,95.00
[22:10:32.852] 106.00,595.00,236.00
[22:10:32.893] 30.00,471.00,415.00
[22:10:32.934] -27.00,283.00,605.00
[22:10:32.975] -147.00,-60.00,783.00
[22:10:33.014] -201.00,-255.00,860.00
[22:10:33.053] -211.00,-340.00,881.00
[22:10:33.093] -408.00,-825.00,915.00
[22:10:33.134] -513.00,-1086.00,860.00
[22:10:33.176] -662.00,-1350.00,747.00
[22:10:33.213] -797.00,-1592.00,587.00
[22:10:33.254] -968.00,-1823.00,298.00
[22:10:33.336] -1092.00,-1947.00,76.00
[22:10:33.340] -1207.00,-2016.00,-177.00
[22:10:33.397] -1250.00,-2053.00,-453.00
[22:10:33.413] -1268.00,-2095.00,-767.00
[22:10:33.456] -1202.00,-2125.00,-1048.00
[22:10:33.496] -1081.00,-2118.00,-1347.00
[22:10:33.522] -1022.00,-2092.00,-1471.00
[22:10:33.606] -856.00,-2063.00,-1696.00
[22:10:33.608] -723.00,-2013.00,-1830.00
[22:10:33.651] -608.00,-1968.00,-1915.00
[22:10:33.698] -398.00,-1913.00,-2026.00
[22:10:33.722] -227.00,-1866.00,-2092.00
[22:10:33.777] -58.00,-1763.00,-2191.00
[22:10:33.816] 96.00,-1526.00,-2298.00
[22:10:33.956] 230.00,-1272.00,-2356.00
[22:10:33.959] 327.00,-1062.00,-2368.00
[22:10:33.959] 426.00,-906.00,-2363.00
[22:10:33.972] 470.00,-796.00,-2353.00
[22:10:34.012] 526.00,-621.00,-2315.00
[22:10:34.054] 597.00,-431.00,-2245.00
[22:10:34.096] 608.00,-215.00,-2157.00
[22:10:34.136] 618.00,20.00,-2043.00
[22:10:34.175] 592.00,331.00,-1815.00
[22:10:34.213] 521.00,540.00,-1616.00
[22:10:34.252] 411.00,721.00,-1357.00
[22:10:34.294] 232.00,843.00,-1141.00
[22:10:34.335] -10.00,898.00,-997.00
[22:10:34.375] -332.00,890.00,-930.00
[22:10:34.450] -731.00,777.00,-927.00
[22:10:34.450] -897.00,677.00,-932.00
[22:10:34.494] -1210.00,423.00,-973.00
[22:10:34.536] -1416.00,212.00,-981.00
[22:10:34.575] -1550.00,-41.00,-1010.00
[22:10:34.614] -1621.00,-281.00,-1025.00
[22:10:34.654] -1696.00,-558.00,-1095.00
[22:10:34.694] -1675.00,-732.00,-1155.00
[22:10:34.733] -1640.00,-903.00,-1257.00
[22:10:34.776] -1591.00,-1022.00,-1352.00
[22:10:34.812] -1516.00,-1122.00,-1468.00
[22:10:34.853] -1447.00,-1207.00,-1608.00
[22:10:34.896] -1325.00,-1246.00,-1750.00
[22:10:34.932] -1227.00,-1251.00,-1856.00
[22:10:34.973] -1110.00,-1241.00,-1973.00
[22:10:35.016] -973.00,-1207.00,-2095.00
[22:10:35.052] -785.00,-1160.00,-2198.00
[22:10:35.093] -547.00,-1065.00,-2296.00
[22:10:35.132] -340.00,-972.00,-2363.00
[22:10:35.174] -155.00,-866.00,-2400.00
[22:10:35.213] 150.00,-753.00,-2388.00
[22:10:35.266] 386.00,-658.00,-2345.00
[22:10:35.286] 601.00,-568.00,-2252.00
[22:10:35.332] 863.00,-418.00,-2095.00
[22:10:35.376] 1038.00,-318.00,-1938.00
[22:10:35.412] 1078.00,-292.00,-1920.00
[22:10:35.456] 1237.00,-152.00,-1641.00
[22:10:35.496] 1306.00,-26.00,-1422.00
[22:10:35.534] 1342.00,57.00,-1237.00
[22:10:35.572] 1337.00,186.00,-981.00
[22:10:35.614] 1317.00,247.00,-827.00
[22:10:35.652] 1252.00,313.00,-561.00
[22:10:35.692] 1193.00,321.00,-293.00
[22:10:35.732] 1151.00,207.00,-35.00
[22:10:35.774] 1102.00,52.00,211.00
[22:10:35.814] 1020.00,-221.00,450.00
[22:10:35.852] 948.00,-373.00,577.00
[22:10:35.892] 895.00,-478.00,631.00
[22:10:35.932] 592.00,-811.00,806.00
[22:10:35.976] 383.00,-1027.00,847.00
[22:10:36.016] 173.00,-1233.00,845.00
[22:10:36.055] -68.00,-1488.00,783.00
[22:10:36.092] -183.00,-1636.00,721.00
[22:10:36.136] -403.00,-1845.00,541.00
[22:10:36.176] -508.00,-2008.00,391.00
[22:10:36.213] -557.00,-2135.00,233.00
[22:10:36.253] -541.00,-2291.00,17.00
[22:10:36.294] -455.00,-2427.00,-185.00
[22:10:36.332] -286.00,-2548.00,-481.00
[22:10:36.375] -260.00,-2560.00,-527.00
[22:10:36.412] 0.00,-2575.00,-788.00
[22:10:36.539] 188.00,-2565.00,-942.00
[22:10:36.542] 352.00,-2531.00,-1087.00
[22:10:36.562] 516.00,-2427.00,-1245.00
[22:10:36.566] 667.00,-2291.00,-1463.00
[22:10:36.616] 800.00,-2156.00,-1572.00
[22:10:36.662] 928.00,-2006.00,-1616.00
[22:10:36.686] 1127.00,-1842.00,-1587.00
[22:10:36.746] 1317.00,-1605.00,-1522.00
[22:10:36.768] 1445.00,-1378.00,-1476.00
[22:10:36.816] 1540.00,-1172.00,-1420.00
[22:10:36.856] 1586.00,-953.00,-1368.00
[22:10:36.893] 1598.00,-561.00,-1291.00
[22:10:36.932] 1537.00,-245.00,-1190.00
[22:10:36.974] 1373.00,147.00,-1043.00
[22:10:37.089] 1191.00,397.00,-927.00
[22:10:37.092] 1035.00,545.00,-845.00
[22:10:37.092] 743.00,751.00,-731.00
[22:10:37.166] 485.00,843.00,-662.00
[22:10:37.166] 225.00,898.00,-573.00
[22:10:37.214] -37.00,885.00,-453.00
[22:10:37.255] -418.00,830.00,-342.00
[22:10:37.295] -587.00,775.00,-342.00
[22:10:37.332] -953.00,597.00,-403.00
[22:10:37.375] -1217.00,411.00,-491.00
[22:10:37.413] -1411.00,191.00,-571.00
[22:10:37.453] -1570.00,-78.00,-672.00
[22:10:37.493] -1685.00,-390.00,-745.00
[22:10:37.536] -1733.00,-792.00,-801.00
[22:10:37.575] -1708.00,-1082.00,-886.00
[22:10:37.612] -1645.00,-1346.00,-961.00
[22:10:37.653] -1521.00,-1636.00,-1027.00
[22:10:37.693] -1315.00,-1890.00,-1131.00
[22:10:37.736] -1130.00,-2061.00,-1196.00
[22:10:37.775] -995.00,-2180.00,-1265.00
[22:10:37.812] -800.00,-2267.00,-1350.00
[22:10:37.852] -621.00,-2317.00,-1410.00
[22:10:37.912] -426.00,-2308.00,-1531.00
[22:10:37.926] -213.00,-2293.00,-1703.00
[22:10:37.976] -52.00,-2243.00,-1765.00
[22:10:38.014] 232.00,-2151.00,-1845.00
[22:10:38.052] 470.00,-2103.00,-1835.00
[22:10:38.209] 697.00,-2016.00,-1788.00
[22:10:38.209] 920.00,-1911.00,-1718.00
[22:10:38.212] 1178.00,-1761.00,-1585.00
[22:10:38.212] 1335.00,-1628.00,-1453.00
[22:10:38.254] 1376.00,-1607.00,-1410.00
[22:10:38.295] 1526.00,-1431.00,-1162.00
[22:10:38.336] 1603.00,-1362.00,-1002.00
[22:10:38.376] 1637.00,-1265.00,-780.00
[22:10:38.442] 1647.00,-1201.00,-636.00
[22:10:38.442] 1652.00,-1172.00,-530.00
[22:10:38.496] 1613.00,-1151.00,-398.00
[22:10:38.637] 1586.00,-1148.00,-272.00
[22:10:38.637] 1545.00,-1212.00,-180.00
[22:10:38.637] 1455.00,-1317.00,-68.00
[22:10:38.653] 1376.00,-1396.00,17.00
[22:10:38.695] 1301.00,-1473.00,66.00
[22:10:38.735] 1256.00,-1510.00,97.00
[22:10:38.775] 1095.00,-1652.00,187.00
[22:10:38.826] 1000.00,-1721.00,197.00
[22:10:38.842] 900.00,-1837.00,206.00
[22:10:38.892] 831.00,-1908.00,190.00
[22:10:38.932] 718.00,-2032.00,151.00
[22:10:38.975] 631.00,-2137.00,92.00
[22:10:39.013] 555.00,-2201.00,46.00
[22:10:39.052] 477.00,-2267.00,12.00
[22:10:39.093] 426.00,-2315.00,-27.00
[22:10:39.132] 416.00,-2358.00,-71.00
[22:10:39.175] 445.00,-2372.00,-126.00
[22:10:39.209] 475.00,-2365.00,-131.00
[22:10:39.254] 636.00,-2306.00,-131.00
[22:10:39.292] 797.00,-2225.00,-120.00
[22:10:39.385] 982.00,-2106.00,-143.00
[22:10:39.388] 1140.00,-1997.00,-195.00
[22:10:39.415] 1298.00,-1850.00,-265.00
[22:10:39.452] 1452.00,-1655.00,-347.00
[22:10:39.492] 1591.00,-1415.00,-445.00
[22:10:39.544] 1680.00,-1146.00,-563.00
[22:10:39.575] 1708.00,-843.00,-636.00
[22:10:39.626] 1670.00,-445.00,-665.00
[22:10:39.642] 1601.00,-195.00,-662.00
[22:10:39.695] 1476.00,28.00,-653.00
[22:10:39.736] 1217.00,376.00,-602.00
[22:10:39.775] 978.00,582.00,-536.00
[22:10:39.814] 711.00,708.00,-425.00
[22:10:39.856] 398.00,806.00,-277.00
[22:10:39.894] 150.00,832.00,-236.00
[22:10:39.932] -106.00,843.00,-255.00
[22:10:39.974] -416.00,801.00,-250.00
[22:10:40.014] -700.00,701.00,-221.00
[22:10:40.056] -1007.00,500.00,-202.00
[22:10:40.094] -1210.00,300.00,-213.00
[22:10:40.135] -1317.00,168.00,-223.00
[22:10:40.176] -1537.00,-162.00,-293.00
[22:10:40.212] -1647.00,-473.00,-350.00
[22:10:40.252] -1687.00,-927.00,-420.00
[22:10:40.289] -1633.00,-1307.00,-437.00
[22:10:40.332] -1473.00,-1655.00,-432.00
[22:10:40.376] -1258.00,-1958.00,-442.00
[22:10:40.414] -997.00,-2213.00,-461.00
[22:10:40.455] -718.00,-2391.00,-520.00
[22:10:40.800] -445.00,-2533.00,-662.00
[22:10:40.807] -163.00,-2593.00,-837.00
[22:10:40.809] 160.00,-2567.00,-1080.00
[22:10:40.809] 345.00,-2522.00,-1218.00
[22:10:40.809] 528.00,-2417.00,-1355.00
[22:10:40.809] 702.00,-2272.00,-1446.00
[22:10:40.809] 922.00,-2092.00,-1546.00
[22:10:40.809] 1058.00,-1945.00,-1597.00
[22:10:40.809] 1146.00,-1818.00,-1621.00
[22:10:40.852] 1242.00,-1666.00,-1623.00
[22:10:40.894] 1286.00,-1610.00,-1602.00
[22:10:40.932] 1325.00,-1605.00,-1533.00
[22:10:41.026] 1376.00,-1586.00,-1461.00
[22:10:41.026] 1420.00,-1581.00,-1368.00
[22:10:41.046] 1473.00,-1565.00,-1228.00
[22:10:41.092] 1486.00,-1571.00,-1201.00
[22:10:41.137] 1532.00,-1565.00,-961.00
[22:10:41.176] 1535.00,-1533.00,-786.00
[22:10:41.214] 1521.00,-1550.00,-610.00
[22:10:41.254] 1473.00,-1628.00,-483.00
[22:10:41.295] 1411.00,-1713.00,-420.00
[22:10:41.332] 1327.00,-1818.00,-388.00
[22:10:41.376] 1212.00,-1953.00,-435.00
[22:10:41.410] 1100.00,-2108.00,-522.00
[22:10:41.452] 951.00,-2243.00,-607.00
[22:10:41.494] 821.00,-2327.00,-695.00
[22:10:41.559] 613.00,-2430.00,-876.00
[22:10:41.586] 543.00,-2456.00,-927.00
[22:10:41.618] 375.00,-2491.00,-1107.00
[22:10:41.685] 293.00,-2475.00,-1201.00
[22:10:41.686] 230.00,-2460.00,-1347.00
[22:10:41.762] 208.00,-2415.00,-1487.00
[22:10:41.766] 213.00,-2370.00,-1580.00
[22:10:41.818] 230.00,-2311.00,-1677.00
[22:10:41.852] 281.00,-2263.00,-1737.00
[22:10:41.893] 365.00,-2237.00,-1755.00
[22:10:41.933] 513.00,-2151.00,-1803.00
[22:10:41.975] 611.00,-2047.00,-1856.00
[22:10:42.014] 797.00,-1900.00,-1927.00
[22:10:42.055] 818.00,-1845.00,-1927.00
[22:10:42.094] 978.00,-1645.00,-1958.00
[22:10:42.159] 1073.00,-1431.00,-1982.00
[22:10:42.165] 1151.00,-1241.00,-1968.00
[22:10:42.213] 1196.00,-1067.00,-1963.00
[22:10:42.252] 1196.00,-846.00,-1982.00
[22:10:42.292] 1202.00,-587.00,-1938.00
[22:10:42.336] 1171.00,-331.00,-1856.00
[22:10:42.372] 1146.00,-102.00,-1776.00
[22:10:42.413] 1048.00,160.00,-1636.00
[22:10:42.452] 912.00,352.00,-1520.00
[22:10:42.494] 810.00,506.00,-1393.00
[22:10:42.532] 690.00,632.00,-1275.00
[22:10:42.575] 506.00,790.00,-1015.00
[22:10:42.612] 321.00,872.00,-750.00
[22:10:42.653] 225.00,893.00,-595.00
[22:10:42.677] 50.00,887.00,-425.00
[22:10:42.735] -198.00,832.00,-250.00
[22:10:42.774] -403.00,758.00,-102.00
[22:10:42.812] -633.00,623.00,-10.00
[22:10:42.853] -858.00,476.00,27.00
[22:10:42.892] -1120.00,283.00,5.00
[22:10:42.932] -1401.00,-36.00,-115.00
[22:10:42.975] -1542.00,-223.00,-218.00
[22:10:43.026] -1652.00,-511.00,-332.00
[22:10:43.044] -1708.00,-777.00,-401.00
[22:10:43.092] -1672.00,-1122.00,-435.00
[22:10:43.142] -1601.00,-1436.00,-425.00
[22:10:43.202] -1450.00,-1723.00,-450.00
[22:10:43.229] -1268.00,-1990.00,-468.00
[22:10:43.343] -997.00,-2253.00,-488.00
[22:10:43.384] -695.00,-2425.00,-468.00
[22:10:43.486] -350.00,
[22:10:43.800] -2533.00,-476.00
[22:10:43.800] -130.00,-2577.00,-476.00
[22:10:43.802] 232.00,-2570.00,-466.00
[22:10:43.806] 431.00,-2522.00,-497.00
[22:10:43.811] 646.00,-2451.00,-527.00
[22:10:43.813] 812.00,-2367.00,-573.00
[22:10:43.813] 1035.00,-2237.00,-595.00
[22:10:43.816] 1166.00,-2125.00,-602.00
[22:10:43.823] 1278.00,-1992.00,-558.00
[22:10:43.875] 1350.00,-1882.00,-495.00
[22:10:43.885] 1396.00,-1787.00,-398.00
[22:10:43.886] 1420.00,-1676.00,-291.00
[22:10:43.886] 1437.00,-1592.00,-216.00
[22:10:43.886] 1447.00,-1500.00,-153.00
[22:10:43.888] 1447.00,-1428.00,-97.00
[22:10:43.937] 1452.00,-1412.00,-87.00
[22:10:43.975] 1437.00,-1381.00,-51.00
[22:10:44.012] 1413.00,-1376.00,-25.00
[22:10:44.062] 1393.00,-1365.00,46.00
[22:10:44.086] 1352.00,-1365.00,82.00
[22:10:44.135] 1312.00,-1372.00,148.00
[22:10:44.176] 1258.00,-1405.00,187.00
[22:10:44.242] 1196.00,-1428.00,233.00
[22:10:44.244] 1151.00,-1491.00,267.00
[22:10:44.367] 1086.00,-1541.00,282.00
[22:10:44.372] 1020.00,-1626.00,275.00
[22:10:44.372] 928.00,-1795.00,267.00
[22:10:44.413] 887.00,-1842.00,223.00
[22:10:44.455] 770.00,-2063.00,105.00
[22:10:44.495] 733.00,-2158.00,-10.00
[22:10:44.534] 711.00,-2243.00,-115.00
[22:10:44.575] 677.00,-2303.00,-221.00
[22:10:44.613] 643.00,-2391.00,-388.00
[22:10:44.652] 621.00,-2436.00,-558.00
[22:10:44.809] 587.00,-2480.00,-755.00
[22:10:44.883] 606.00,-2480.00,-917.00
[22:10:44.888] 631.00,-2465.00,-1046.00
[22:10:44.888] 675.00,-2430.00,-1192.00
[22:10:44.890] 795.00,-2267.00,-1396.00
[22:10:44.892] 815.00,-2248.00,-1440.00
[22:10:44.934] 928.00,-2077.00,-1600.00
[22:10:44.974] 1038.00,-1956.00,-1655.00
[22:10:45.013] 1166.00,-1768.00,-1667.00
[22:10:45.054] 1237.00,-1605.00,-1701.00
[22:10:45.089] 1322.00,-1423.00,-1735.00
[22:10:45.136] 1360.00,-1183.00,-1747.00
[22:10:45.173] 1366.00,-967.00,-1791.00
[22:10:45.214] 1342.00,-701.00,-1806.00
[22:10:45.255] 1250.00,-368.00,-1820.00
[22:10:45.295] 1146.00,-107.00,-1762.00
[22:10:45.335] 1066.00,70.00,-1703.00
[22:10:45.375] 958.00,271.00,-1613.00
[22:10:45.413] 741.00,526.00,-1463.00
[22:10:45.452] 516.00,703.00,-1288.00
[22:10:45.494] 318.00,803.00,-1141.00
[22:10:45.520] 93.00,882.00,-986.00
[22:10:45.576] -157.00,898.00,-825.00
[22:10:45.615] -401.00,863.00,-690.00
[22:10:45.652] -723.00,751.00,-600.00
[22:10:45.693] -982.00,608.00,-610.00
[22:10:45.733] -1176.00,450.00,-621.00
[22:10:45.775] -1368.00,250.00,-633.00
[22:10:45.816] -1470.00,105.00,-680.00
[22:10:45.853] -1631.00,-233.00,-731.00
[22:10:45.894] -1716.00,-558.00,-801.00
[22:10:46.022] -1738.00,-917.00,-868.00
[22:10:46.024] -1637.00,-1370.00,-986.00
[22:10:46.028] -1465.00,-1713.00,-1058.00
[22:10:46.226] -1240.00,-2003.00,-1162.00
[22:10:46.226] -951.00,-2258.00,-1226.00
[22:10:46.226] -623.00,-2441.00,-1255.00
[22:10:46.226] -286.00,-2551.00,-1206.00
[22:10:46.232] 106.00,-2581.00,-1157.00
[22:10:46.247] 398.00,-2538.00,-1262.00
[22:10:46.292] 608.00,-2438.00,-1398.00
[22:10:46.332] 792.00,-2267.00,-1587.00
[22:10:46.372] 941.00,-2027.00,-1740.00
[22:10:46.413] 1025.00,-1771.00,-1883.00
[22:10:46.456] 1083.00,-1497.00,-2005.00
[22:10:46.527] 1117.00,-1275.00,-2058.00
[22:10:46.527] 1161.00,-1053.00,-2041.00
[22:10:46.572] 1230.00,-825.00,-1980.00
[22:10:46.614] 1317.00,-645.00,-1852.00
[22:10:46.642] 1416.00,-452.00,-1662.00
[22:10:46.697] 1521.00,-300.00,-1350.00
[22:10:46.749] 1570.00,-178.00,-1100.00
[22:10:46.764] 1583.00,-157.00,-1025.00
[22:10:46.812] 1503.00,-20.00,-607.00
[22:10:46.896] 1401.00,38.00,-231.00
[22:10:46.896] 1310.00,33.00,-27.00
[22:10:47.048] 1135.00,-10.00,236.00
[22:10:47.050] 985.00,-73.00,420.00
[22:10:47.052] 871.00,-173.00,548.00
[22:10:47.053] 741.00,-302.00,662.00
[22:10:47.092] 628.00,-528.00,765.00
[22:10:47.172] 550.00,-732.00,803.00
[22:10:47.174] 470.00,-953.00,825.00
[22:10:47.212] 391.00,-1122.00,811.00
[22:10:47.255] 365.00,-1181.00,803.00
[22:10:47.292] 208.00,-1555.00,701.00
[22:10:47.332] 117.00,-1826.00,566.00
[22:10:47.362] 42.00,-2045.00,373.00
[22:10:47.502] -130.00,-2306.00,41.00
[22:10:47.502] -250.00,-2425.00,-185.00
[22:10:47.504] -375.00,-2498.00,-481.00
[22:10:47.533] -457.00,-2525.00,-796.00
[22:10:47.575] -467.00,-2501.00,-1087.00
[22:10:47.646] -442.00,-2425.00,-1430.00
[22:10:47.646] -367.00,-2370.00,-1580.00
[22:10:47.696] -267.00,-2256.00,-1776.00
[22:10:47.742] -196.00,-2216.00,-1861.00
[22:10:47.776] 22.00,-2098.00,-1987.00
[22:10:47.812] 232.00,-2006.00,-2051.00
[22:10:47.853] 550.00,-1826.00,-2103.00
[22:10:47.893] 777.00,-1666.00,-2080.00
[22:10:47.932] 987.00,-1500.00,-2010.00
[22:10:47.976] 1132.00,-1357.00,-1946.00
[22:10:48.012] 1235.00,-1172.00,-1912.00
[22:10:48.054] 1245.00,-1062.00,-1902.00
[22:10:48.093] 1217.00,-835.00,-1946.00
[22:10:48.134] 1137.00,-623.00,-1971.00
[22:10:48.175] 1092.00,-513.00,-1997.00
[22:10:48.213] 968.00,-318.00,-2017.00
[22:10:48.253] 795.00,-97.00,-2023.00
[22:10:48.294] 657.00,110.00,-1987.00
[22:10:48.332] 482.00,337.00,-1856.00
[22:10:48.375] 335.00,506.00,-1713.00
[22:10:48.402] 198.00,623.00,-1570.00
[22:10:48.455] 47.00,716.00,-1453.00
[22:10:48.492] -122.00,763.00,-1342.00
[22:10:48.532] -278.00,772.00,-1272.00
[22:10:48.560] -526.00,751.00,-1228.00
[22:10:48.614] -675.00,703.00,-1187.00
[22:10:48.654] -782.00,642.00,-1208.00
[22:10:48.693] -1012.00,482.00,-1245.00
[22:10:48.732] -1166.00,337.00,-1278.00
[22:10:48.766] -1315.00,126.00,-1327.00
[22:10:48.909] -1445.00,-123.00,-1376.00
[22:10:49.024] -15
[22:10:49.128] 35.00,-366.00,-1407.00
[22:10:49.129] -1560.00,-621.00,-1456.00
[22:10:49.129] -1562.00,-925.00,-1500.00
[22:10:49.131] -1523.00,-1212.00,-1533.00
[22:10:49.132] -1406.00,-1518.00,-1520.00
[22:10:49.134] -1188.00,-1887.00,-1522.00
[22:10:49.135] -971.00,-2106.00,-1536.00
[22:10:49.135] -780.00,-2240.00,-1572.00
[22:10:49.163] -521.00,-2351.00,-1616.00
[22:10:49.202] -176.00,-2420.00,-1636.00
[22:10:49.282] 32.00,-2415.00,-1657.00
[22:10:49.282] 365.00,-2335.00,-1742.00
[22:10:49.335] 616.00,-2201.00,-1811.00
[22:10:49.375] 858.00,-1977.00,-1866.00
[22:10:49.413] 1041.00,-1752.00,-1920.00
[22:10:49.452] 1205.00,-1460.00,-1922.00
[22:10:49.494] 1266.00,-1291.00,-1907.00
[22:10:49.532] 1320.00,-1062.00,-1883.00
[22:10:49.575] 1398.00,-885.00,-1820.00
[22:10:49.612] 1398.00,-885.00,-1820.00
[22:10:49.652] 1467.00,-532.00,-1628.00
[22:10:49.692] 1478.00,-413.00,-1528.00
[22:10:49.733] 1521.00,-266.00,-1363.00
[22:10:49.775] 1526.00,-86.00,-1155.00
[22:10:49.812] 1476.00,43.00,-973.00
[22:10:49.852] 1425.00,160.00,-793.00
[22:10:49.894] 1315.00,278.00,-615.00
[22:10:49.933] 1237.00,347.00,-497.00
[22:10:49.972] 1112.00,413.00,-277.00
[22:10:50.012] 1010.00,435.00,-115.00
[22:10:50.052] 907.00,442.00,-5.00
[22:10:50.292] 871.00,442.00,17.00
[22:10:50.292] 697.00,340.00,277.00
[22:10:50.296] 648.00,271.00,388.00
[22:10:50.296] 606.00,100.00,556.00
[22:10:50.296] 526.00,-88.00,665.00
[22:10:50.296] 426.00,-250.00,762.00
[22:10:50.332] 321.00,-421.00,845.00
[22:10:50.372] 163.00,-647.00,893.00
[22:10:50.412] 58.00,-801.00,901.00
[22:10:50.522] -58.00,-1046.00,883.00
[22:10:50.526] -135.00,-1201.00,845.00
[22:10:50.632] -245.00,-1417.
[22:10:50.812] 00,762.00
[22:10:50.812] -316.00,-1518.00,718.00
[22:10:50.816] -575.00,-1802.00,491.00
[22:10:50.816] -690.00,-1897.00,352.00
[22:10:50.816] -905.00,-2047.00,73.00
[22:10:50.822] -1035.00,-2122.00,-172.00
[22:10:50.825] -1132.00,-2163.00,-427.00
[22:10:50.826] -1156.00,-2198.00,-723.00
[22:10:50.846] -1102.00,-2220.00,-1113.00
[22:10:50.883] -995.00,-2222.00,-1340.00
[22:10:50.962] -821.00,-2198.00,-1577.00
[22:10:50.966] -646.00,-2151.00,-1811.00
[22:10:51.026] -550.00,-2111.00,-1883.00
[22:10:51.046] -398.00,-2025.00,-2021.00
[22:10:51.151] -183.00,-1858.00,-2175.00
[22:10:51.156] 27.00,-1695.00,-2273.00
[22:10:51.166] 168.00,-1640.00,-2286.00
[22:10:51.212] 255.00,-1578.00,-2296.00
[22:10:51.252] 288.00,-1447.00,-2322.00
[22:10:51.293] 247.00,-1286.00,-2366.00
[22:10:51.332] 222.00,-1151.00,-2392.00
[22:10:51.375] 140.00,-896.00,-2417.00
[22:10:51.413] 73.00,-671.00,-2400.00
[22:10:51.455] 7.00,-411.00,-2345.00
[22:10:51.496] -27.00,-305.00,-2325.00
[22:10:51.533] -166.00,-28.00,-2182.00
[22:10:51.574] -298.00,183.00,-2036.00
[22:10:51.612] -423.00,395.00,-1815.00
[22:10:51.652] -533.00,485.00,-1667.00
[22:10:51.693] -631.00,506.00,-1585.00
[22:10:51.735] -685.00,535.00,-1500.00
[22:10:51.772] -756.00,521.00,-1461.00
[22:10:51.814] -823.00,508.00,-1425.00
[22:10:51.852] -907.00,461.00,-1412.00
[22:10:51.895] -961.00,428.00,-1402.00
[22:10:51.932] -1025.00,350.00,-1451.00
[22:10:51.976] -1076.00,271.00,-1505.00
[22:10:52.102] -1132.00,1
[22:10:52.126] 52.00,-1587.00
[22:10:52.132] -1222.00,-26.00,-1650.00
[22:10:52.169] -1266.00,-155.00,-1680.00
[22:10:52.171] -1317.00,-318.00,-1735.00
[22:10:52.172] -1371.00,-528.00,-1760.00
[22:10:52.215] -1386.00,-740.00,-1803.00
[22:10:52.252] -1352.00,-1041.00,-1847.00
[22:10:52.293] -1322.00,-1186.00,-1876.00
[22:10:52.335] -1217.00,-1388.00,-1946.00
[22:10:52.375] -1112.00,-1497.00,-1982.00
[22:10:52.412] -1010.00,-1592.00,-2021.00
[22:10:52.452] -985.00,-1607.00,-2031.00
[22:10:52.493] -846.00,-1710.00,-2072.00
[22:10:52.523] -716.00,-1716.00,-2128.00
[22:10:52.585] -550.00,-1683.00,-2218.00
[22:10:52.616] -413.00,-1642.00,-2291.00
[22:10:52.654] -230.00,-1576.00,-2337.00
[22:10:52.716] -12.00,-1536.00,-2361.00
[22:10:52.731] 112.00,-1518.00,-2358.00
[22:10:52.773] 360.00,-1476.00,-2317.00
[22:10:52.815] 543.00,-1381.00,-2293.00
[22:10:52.852] 728.00,-1257.00,-2247.00
[22:10:52.895] 853.00,-1133.00,-2196.00
[22:10:52.932] 920.00,-1048.00,-2180.00
[22:10:52.974] 1058.00,-861.00,-2072.00
[22:10:53.012] 1117.00,-711.00,-2012.00
[22:10:53.056] 1183.00,-516.00,-1920.00
[22:10:53.095] 1225.00,-368.00,-1822.00
[22:10:53.134] 1240.00,-191.00,-1726.00
[22:10:53.173] 1217.00,0.00,-1582.00
[22:10:53.212] 1156.00,205.00,-1422.00
[22:10:53.252] 1056.00,418.00,-1211.00
[22:10:53.283] 936.00,552.00,-1056.00
[22:10:53.335] 828.00,640.00,-942.00
[22:10:53.374] 662.00,772.00,-777.00
[22:10:53.412] 608.00,768.00,-738.00
[22:10:53.452] 388.00,832.00,-536.00
[22:10:53.492] 278.00,851.00,-422.00
[22:10:53.534] 155.00,832.00,-272.00
[22:10:53.742] 98.00,801.00,-115.00
[22:10:53.746] 58.00,690.00,110.00
[22:10:53.746] 86.00,500.00,342.00
[22:10:53.746] 127.00,371.00,476.00
[22:10:53.746] 163.00,131.00,660.00
[22:10:53.766] 201.00,-81.00,760.00
[22:10:53.812] 181.00,-292.00,842.00
[22:10:53.853] 157.00,-461.00,886.00
[22:10:53.893] 61.00,-656.00,927.00
[22:10:53.986] -130.00,-925.00,930.00
[22:10:53.989] -367.00,-1153.00,866.00
[22:10:54.006] -585.00,-1333.00,762.00
[22:10:54.096] -818.00,-1476.00,610.00
[22:10:54.098] -1041.00,-1607.00,403.00
[22:10:54.127] -1276.00,-1740.00,71.00
[22:10:54.190] -1403.00,-1755.00,-185.00
[22:10:54.212] -1521.00,-1723.00,-500.00
[22:10:54.246] -1570.00,-1705.00,-816.00
[22:10:54.294] -1542.00,-1657.00,-1141.00
[22:10:54.332] -1501.00,-1631.00,-1291.00
[22:10:54.375] -1437.00,-1495.00,-1580.00
[22:10:54.412] -1378.00,-1270.00,-1747.00
[22:10:54.452] -1371.00,-1088.00,-1806.00
[22:10:54.492] -1393.00,-896.00,-1770.00
[22:10:54.522] -1403.00,-682.00,-1740.00
[22:10:54.574] -1408.00,-421.00,-1657.00
[22:10:54.612] -1371.00,-262.00,-1628.00
[22:10:54.652] -1293.00,-83.00,-1592.00
[22:10:54.695] -1193.00,136.00,-1531.00
[22:10:54.736] -1107.00,318.00,-1417.00
[22:10:54.773] -1002.00,407.00,-1373.00
[22:10:54.812] -953.00,468.00,-1355.00
[22:10:54.854] -875.00,540.00,-1320.00
[22:10:54.892] -833.00,587.00,-1278.00
[22:10:54.934] -765.00,613.00,-1252.00
[22:10:54.975] -733.00,666.00,-1221.00
[22:10:55.012] -733.00,680.00,-1185.00
[22:10:55.052] -733.00,677.00,-1157.00
[22:10:55.095] -761.00,677.00,-1126.00
[22:10:55.133] -790.00,653.00,-1097.00
[22:10:55.185] -890.00,608.00,-1113.00
[22:10:55.202] -963.00,542.00,-1141.00
[22:10:55.247] -1061.00,431.00,-1226.00
[22:10:55.372] -1173.00,323.00,-1293.00
[22:10:55.376] -1227.00,223.00,-1337.00
[22:10:55.376] -1373.00,36.00,-1398.00
[22:10:55.412] -1445.00,-150.00,-1448.00
[22:10:55.453] -1493.00,-316.00,-1515.00
[22:10:55.509] -1518.00,-528.00,-1597.00
[22:10:55.523] -1498.00,-690.00,-1698.00
[22:10:55.572] -1411.00,-890.00,-1861.00
[22:10:55.624] -1293.00,-993.00,-1982.00
[22:10:55.654] -1176.00,-1112.00,-2080.00
[22:10:55.736] -1030.00,-1236.00,-2157.00
[22:10:55.736] -900.00,-1302.00,-2203.00
[22:10:55.812] -861.00,-1296.00,-2235.00
[22:10:55.813] -628.00,-1117.00,-2363.00
[22:10:55.852] -465.00,-896.00,-2422.00
[22:10:55.893] -357.00,-766.00,-2425.00
[22:10:55.932] -267.00,-671.00,-2420.00
[22:10:55.975] -201.00,-585.00,-2412.00
[22:10:56.012] -110.00,-495.00,-2381.00
[22:10:56.052] -56.00,-368.00,-2371.00
[22:10:56.094] 20.00,-195.00,-2298.00
[22:10:56.132] 103.00,-28.00,-2211.00
[22:10:56.160] 163.00,43.00,-2155.00
[22:10:56.214] 260.00,145.00,-2082.00
[22:10:56.254] 318.00,205.00,-2015.00
[22:10:56.292] 491.00,450.00,-1703.00
[22:10:56.332] 582.00,571.00,-1517.00
[22:10:56.375] 641.00,642.00,-1330.00
[22:10:56.413] 657.00,692.00,-1206.00
[22:10:56.455] 606.00,730.00,-1000.00
[22:10:56.493] 565.00,785.00,-847.00
[22:10:56.534] 508.00,816.00,-747.00
[22:10:56.575] 416.00,835.00,-585.00
[22:10:56.613] 327.00,851.00,-473.00
[22:10:56.652] 278.00,851.00,-340.00
[22:10:56.694] 262.00,825.00,-285.00
[22:10:56.734] 235.00,766.00,-97.00
[22:10:56.775] 232.00,647.00,143.00
[22:10:56.801] 230.00,490.00,365.00
[22:10:56.856] 208.00,310.00,532.00
[22:10:56.894] 191.00,133.00,670.00
[22:10:56.932] 142.00,-93.00,806.00
[22:10:56.962] 101.00,-407.00,903.00
[22:10:57.012] 50.00,-590.00,937.00
[22:10:57.052] -42.00,-853.00,951.00
[22:10:57.094] -127.00,-1035.00,940.00
[22:10:57.132] -283.00,-1265.00,868.00
[22:10:57.270] -370.00,-1370.00,83
[22:10:57.357] 2.00
[22:10:57.372] -672.00,-1668.00,600.00
[22:10:57.374] -856.00,-1850.00,365.00
[22:10:57.375] -1020.00,-1997.00,102.00
[22:10:57.377] -1153.00,-2035.00,-170.00
[22:10:57.378] -1207.00,-2103.00,-447.00
[22:10:57.414] -1225.00,-2137.00,-721.00
[22:10:57.455] -1193.00,-2137.00,-990.00
[22:10:57.493] -1115.00,-2116.00,-1262.00
[22:10:57.533] -1081.00,-2098.00,-1391.00
[22:10:57.572] -1032.00,-2037.00,-1500.00
[22:10:57.612] -1000.00,-1968.00,-1595.00
[22:10:57.656] -995.00,-1935.00,-1650.00
[22:10:57.696] -966.00,-1918.00,-1721.00
[22:10:57.735] -882.00,-1845.00,-1842.00
[22:10:57.773] -785.00,-1800.00,-1948.00
[22:10:57.814] -675.00,-1747.00,-2026.00
[22:10:57.852] -547.00,-1705.00,-2113.00
[22:10:57.917] -406.00,-1647.00,-2186.00
[22:10:57.922] -242.00,-1547.00,-2245.00
[22:10:57.986] -40.00,-1338.00,-2347.00
[22:10:58.032] 112.00,-1127.00,-2388.00
[22:10:58.050] 250.00,-901.00,-2388.00
[22:10:58.091] 337.00,-645.00,-2368.00
[22:10:58.132] 337.00,-645.00,-2368.00
[22:10:58.175] 450.00,-250.00,-2235.00
[22:10:58.212] 475.00,15.00,-2100.00
[22:10:58.254] 445.00,238.00,-1968.00
[22:10:58.294] 362.00,411.00,-1822.00
[22:10:58.333] 240.00,550.00,-1718.00
[22:10:58.373] 110.00,606.00,-1665.00
[22:10:58.416] -93.00,627.00,-1638.00
[22:10:58.453] -313.00,600.00,-1662.00
[22:10:58.493] -555.00,492.00,-1698.00
[22:10:58.536] -782.00,355.00,-1716.00
[22:10:58.562] -1035.00,141.00,-1760.00
[22:10:58.617] -1035.00,141.00,-1760.00
[22:10:58.646] -1327.00,-252.00,-1732.00
[22:10:58.696] -1430.00,-442.00,-1693.00
[22:10:58.732] -1467.00,-663.00,-1677.00
[22:10:58.773] -1476.00,-906.00,-1667.00
[22:10:58.814] -1437.00,-1203.00,-1660.00
[22:10:58.855] -1396.00,-1365.00,-1650.00
[22:10:58.893] -1278.00,-1592.00,-1682.00
[22:10:58.933] -1153.00,-1723.00,-1698.00
[22:10:58.973] -1027.00,-1850.00,-1718.00
[22:10:59.012] -925.00,-1918.00,-1745.00
[22:10:59.052] -812.00,-1982.00,-1765.00
[22:10:59.106] -733.00,-2008.00,-1801.00
[22:10:59.136] -516.00,-2085.00,-1837.00
[22:10:59.175] -398.00,-2066.00,-1883.00
[22:10:59.213] -252.00,-2037.00,-1973.00
[22:10:59.253] -127.00,-1980.00,-2033.00
[22:10:59.295] 10.00,-1900.00,-2085.00
[22:10:59.336] 171.00,-1821.00,-2133.00
[22:10:59.375] 370.00,-1678.00,-2165.00
[22:10:59.412] 511.00,-1555.00,-2196.00
[22:10:59.452] 655.00,-1402.00,-2203.00
[22:10:59.493] 790.00,-1251.00,-2175.00
[22:10:59.535] 858.00,-1127.00,-2170.00
[22:10:59.574] 985.00,-948.00,-2108.00
[22:10:59.615] 1083.00,-796.00,-2023.00
[22:10:59.654] 1178.00,-642.00,-1925.00
[22:10:59.695] 1247.00,-537.00,-1820.00
[22:10:59.734] 1345.00,-407.00,-1677.00
[22:10:59.772] 1362.00,-283.00,-1556.00
[22:10:59.813] 1381.00,-147.00,-1407.00
[22:10:59.852] 1416.00,0.00,-1180.00
[22:10:59.893] 1432.00,86.00,-958.00
[22:10:59.933] 1420.00,141.00,-703.00
[22:10:59.973] 1378.00,112.00,-357.00
[22:11:00.016] 1357.00,100.00,-277.00
[22:11:00.052] 1222.00,2.00,82.00
[22:11:00.092] 1095.00,-70.00,332.00
[22:11:00.132] 946.00,-165.00,522.00
[22:11:00.172] 767.00,-342.00,682.00
[22:11:00.212] 587.00,-603.00,827.00
[22:11:00.254] 465.00,-777.00,868.00
[22:11:00.292] 296.00,-1086.00,903.00
[22:11:00.332] 157.00,-1333.00,873.00
[22:11:00.375] 40.00,-1562.00,783.00
[22:11:00.412] -61.00,-1837.00,648.00
[22:11:00.453] -120.00,-2047.00,486.00
[22:11:00.494] -173.00,-2206.00,311.00
[22:11:00.532] -171.00,-2348.00,112.00
[22:11:00.572] -147.00,-2480.00,-148.00
[22:11:00.613] -88.00,-2567.00,-398.00
[22:11:00.656] 0.00,-2620.00,-680.00
[22:11:00.734] 96.00,-2598.00,-956.00
[22:11:00.762] 203.00,-2541.00,-1172.00
[22:11:00.766] 291.00,-2436.00,-1430.00
[22:11:00.800] 360.00,-2322.00,-1592.00
[22:11:00.852] 426.00,-2196.00,-1776.00
[22:11:00.894] 541.00,-2013.00,-1907.00
[22:11:00.932] 660.00,-1792.00,-2026.00
[22:11:00.976] 772.00,-1568.00,-2103.00
[22:11:01.015] 900.00,-1365.00,-2100.00
[22:11:01.046] 1020.00,-1170.00,-2077.00
[22:11:01.097] 1135.00,-975.00,-2007.00
[22:11:01.132] 1235.00,-751.00,-1897.00
[22:11:01.174] 1322.00,-528.00,-1770.00
[22:11:01.214] 1355.00,-266.00,-1600.00
[22:11:01.254] 1325.00,-93.00,-1490.00
[22:11:01.293] 1263.00,93.00,-1412.00
[22:11:01.332] 1163.00,262.00,-1347.00
[22:11:01.376] 1007.00,468.00,-1267.00
[22:11:01.413] 838.00,590.00,-1192.00
[22:11:01.462] 795.00,630.00,-1172.00
[22:11:01.496] 260.00,872.00,-958.00
[22:11:01.534] -125.00,885.00,-901.00
[22:11:01.575] -547.00,832.00,-860.00
[22:11:01.612] -961.00,627.00,-878.00
[22:11:01.652] -1258.00,357.00,-891.00
[22:11:01.693] -1565.00,-62.00,-871.00
[22:11:01.732] -1698.00,-395.00,-825.00
[22:11:01.773] -1733.00,-751.00,-762.00
[22:11:01.812] -1731.00,-1075.00,-695.00
[22:11:01.889] -1685.00,-1302.00,-651.00
[22:11:01.892] -1565.00,-1597.00,-610.00
[22:11:01.935] -1345.00,-1971.00,-660.00
[22:11:01.975] -1122.00,-2198.00,-728.00
[22:11:02.012] -890.00,-2356.00,-803.00
[22:11:02.052] -670.00,-2462.00,-898.00
[22:11:02.093] -460.00,-2510.00,-1010.00
[22:11:02.325] -306.00,-2525.00,-1118.00
[22:11:02.326] -216.00,-2510.00,-1221.00
[22:11:02.328] -35.00,-2460.00,-1412.00
[22:11:02.332] 117.00,-2372.00,-1543.00
[22:11:02.332] 230.00,-2327.00,-1621.00
[22:11:02.332] 447.00,-2193.00,-1708.00
[22:11:02.375] 533.00,-2132.00,-1752.00
[22:11:02.413] 805.00,-1961.00,-1783.00
[22:11:02.453] 995.00,-1802.00,-1755.00
[22:11:02.492] 1181.00,-1616.00,-1721.00
[22:11:02.532] 1337.00,-1438.00,-1641.00
[22:11:02.576] 1481.00,-1255.00,-1505.00
[22:11:02.614] 1557.00,-1125.00,-1402.00
[22:11:02.656] 1631.00,-956.00,-1228.00
[22:11:02.696] 1677.00,-808.00,-1068.00
[22:11:02.733] 1698.00,-706.00,-912.00
[22:11:02.775] 1703.00,-613.00,-793.00
[22:11:02.813] 1677.00,-506.00,-641.00
[22:11:02.852] 1672.00,-495.00,-612.00
[22:11:02.895] 1642.00,-466.00,-408.00
[22:11:02.940] 1608.00,-500.00,-241.00
[22:11:02.960] 1542.00,-537.00,-63.00
[22:11:03.012] 1457.00,-600.00,95.00
[22:11:03.052] 1373.00,-695.00,243.00
[22:11:03.093] 1247.00,-856.00,396.00
[22:11:03.134] 1168.00,-1017.00,461.00
[22:11:03.172] 1110.00,-1207.00,461.00
[22:11:03.213] 1063.00,-1423.00,432.00
[22:11:03.253] 990.00,-1683.00,340.00
[22:11:03.294] 943.00,-1921.00,177.00
[22:11:03.333] 863.00,-2090.00,43.00
[22:11:03.380] 733.00,-2287.00,-167.00
[22:11:03.415] 641.00,-2406.00,-296.00
[22:11:03.453] 575.00,-2488.00,-403.00
[22:11:03.492] 536.00,-2503.00,-450.00
[22:11:03.532] 555.00,-2512.00,-453.00
[22:11:03.573] 633.00,-2467.00,-435.00
[22:11:03.616] 812.00,-2382.00,-425.00
[22:11:03.656] 987.00,-2258.00,-406.00
[22:11:03.706] 1163.00,-2130.00,-425.00
[22:11:03.733] 1357.00,-1911.00,-515.00
[22:11:03.774] 1447.00,-1826.00,-597.00
[22:11:03.813] 1447.00,-1826.00,-597.00
[22:11:03.852] 1647.00,-1350.00,-956.00
[22:11:03.897] 1687.00,-1093.00,-1061.00
[22:11:03.922] 1680.00,-853.00,-1116.00
[22:11:03.986] 1672.00,-606.00,-1138.00
[22:11:04.012] 1623.00,-350.00,-1107.00
[22:11:04.052] 1560.00,-126.00,-1036.00
[22:11:04.083] 1413.00,107.00,-961.00
[22:11:04.135] 1281.00,316.00,-886.00
[22:11:04.175] 1110.00,511.00,-803.00
[22:11:04.212] 902.00,661.00,-701.00
[22:11:04.261] 790.00,718.00,-665.00
[22:11:04.294] 401.00,853.00,-546.00
[22:11:04.334] 115.00,877.00,-453.00
[22:11:04.375] -178.00,866.00,-373.00
[22:11:04.414] -501.00,803.00,-337.00
[22:11:04.453] -828.00,656.00,-335.00
[22:11:04.493] -1168.00,407.00,-401.00
[22:11:04.526] -1406.00,147.00,-435.00
[22:11:04.576] -1598.00,-165.00,-491.00
[22:11:04.612] -1703.00,-506.00,-530.00
[22:11:04.652] -1728.00,-872.00,-497.00
[22:11:04.692] -1687.00,-1153.00,-450.00
[22:11:04.732] -1598.00,-1391.00,-365.00
[22:11:04.772] -1293.00,-1858.00,-202.00
[22:11:04.813] -1043.00,-2108.00,-95.00
[22:11:04.854] -758.00,-2251.00,-37.00
[22:11:04.892] -457.00,-2358.00,-46.00
[22:11:04.933] -171.00,-2427.00,-82.00
[22:11:04.979] 106.00,-2472.00,-153.00
[22:11:05.012] 398.00,-2446.00,-228.00
[22:11:05.052] 575.00,-2417.00,-285.00
[22:11:05.096] 726.00,-2362.00,-340.00
[22:11:05.236] 826.00,-2322.00,-388
[22:11:05.336] .00
[22:11:05.337] 966.00,-2235.00,-435.00
[22:11:05.339] 985.00,-2227.00,-461.00
[22:11:05.339] 1137.00,-2103.00,-502.00
[22:11:05.340] 1225.00,-2006.00,-497.00
[22:11:05.340] 1322.00,-1916.00,-515.00
[22:11:05.373] 1366.00,-1826.00,-500.00
[22:11:05.414] 1457.00,-1710.00,-483.00
[22:11:05.453] 1493.00,-1602.00,-450.00
[22:11:05.479] 1535.00,-1471.00,-371.00
[22:11:05.532] 1555.00,-1393.00,-316.00
[22:11:05.628] 1545.00,-1336.00,-241.00
[22:11:05.629] 1521.00,-1310.00,-156.00
[22:11:05.642] 1476.00,-1251.00,-73.00
[22:11:05.700] 1473.00,-1238.00,-30.00
[22:11:05.735] 1373.00,-1248.00,82.00
[22:11:05.772] 1337.00,-1296.00,177.00
[22:11:05.916] 1240.00,-1383.00,238.00
[22:11:05.919] 1110.00,-1523.00,306.00
[22:11:05.920] 982.00,-1631.00,311.00
[22:11:05.922] 866.00,-1813.00,288.00
[22:11:05.972] 718.00,-2021.00,185.00
[22:11:06.013] 648.00,-2158.00,68.00
[22:11:06.052] 616.00,-2263.00,-61.00
[22:11:06.112] 585.00,-2353.00,-197.00
[22:11:06.130] 585.00,-2422.00,-360.00
[22:11:06.174] 575.00,-2465.00,-515.00
[22:11:06.212] 567.00,-2501.00,-770.00
[22:11:06.261] 560.00,-2493.00,-951.00
[22:11:06.322] 526.00,-2496.00,-1121.00
[22:11:06.322] 480.00,-2472.00,-1275.00
[22:11:06.375] 465.00,-2417.00,-1430.00
[22:11:06.412] 523.00,-2327.00,-1558.00
[22:11:06.452] 695.00,-2203.00,-1665.00
[22:11:06.492] 877.00,-2047.00,-1718.00
[22:11:06.533] 1035.00,-1856.00,-1742.00
[22:11:06.572] 1191.00,-1647.00,-1757.00
[22:11:06.612] 1288.00,-1455.00,-1770.00
[22:11:06.652] 1391.00,-1151.00,-1747.00
[22:11:06.692] 1413.00,-937.00,-1713.00
[22:11:06.732] 1435.00,-732.00,-1701.00
[22:11:06.773] 1406.00,-526.00,-1691.00
[22:11:06.813] 1360.00,-286.00,-1646.00
[22:11:06.853] 1268.00,-41.00,-1570.00
[22:11:06.896] 1115.00,273.00,-1405.00
[22:11:06.922] 978.00,487.00,-1237.00
[22:11:06.972] 797.00,656.00,-1056.00
[22:11:07.012] 541.00,798.00,-840.00
[22:11:07.052] 372.00,846.00,-738.00
[22:11:07.126] 120.00,896.00,-648.00
[22:11:07.126] -135.00,898.00,-605.00
[22:11:07.172] -418.00,851.00,-587.00
[22:11:07.202] -690.00,751.00,-548.00
[22:11:07.261] -971.00,592.00,-483.00
[22:11:07.381] -1315.00,250.00,-371.00
[22:11:07.382] -1521.00,-133.00,-275.00
[22:11:07.382] -1613.00,-535.00,-226.00
[22:11:07.413] -1637.00,-975.00,-223.00
[22:11:07.502] -1542.00,-1376.00,-216.00
[22:11:07.504] -1355.00,-1805.00,-228.00
[22:11:07.535] -1230.00,-1947.00,-233.00
[22:11:07.572] -1022.00,-2161.00,-280.00
[22:11:07.614] -582.00,-2456.00,-330.00
[22:11:07.676] -260.00,-2548.00,-301.00
[22:11:07.686] 98.00,-2567.00,-330.00
[22:11:07.796] 442.00,-2560.00,-427.00
[22:11:07.796] 836.00,-2417.00,-548.00
[22:11:07.912] 1071.00,-2277.00,-600.00
[22:11:07.913] 1256.00,-2116.00,-646.00
[22:11:07.914] 1398.00,-1947.00,-695.00
[22:11:07.927] 1511.00,-1795.00,-738.00
[22:11:07.975] 1588.00,-1600.00,-786.00
[22:11:08.013] 1637.00,-1481.00,-808.00
[22:11:08.052] 1645.00,-1450.00,-825.00
[22:11:08.132] 1703.00,-1191.00,-755.00
[22:11:08.133] 1728.00,-1058.00,-660.00
[22:11:08.172] 1713.00,-913.00,-522.00
[22:11:08.226] 1690.00,-785.00,-381.00
[22:11:08.239] 1608.00,-645.00,-172.00
[22:11:08.364] 1535.00,-573.00,-2.00
[22:11:08.370] 1427.00,-568.00,136.00
[22:11:08.372] 1335.00,-571.00,257.00
[22:11:08.474] 1232.00,-663.00,378.00
[22:11:08.477] 1146.00,-761.00,456.00
[22:11:08.491] 1061.00,-885.00,507.00
[22:11:08.522] 1022.00,-982.00,551.00
[22:11:08.573] 887.00,-1210.00,585.00
[22:11:08.612] 810.00,-1420.00,563.00
[22:11:08.652] 692.00,-1618.00,505.00
[22:11:08.693] 533.00,-1887.00,403.00
[22:11:08.732] 416.00,-2025.00,330.00
[22:11:08.786] 213.00,-2198.00,192.00
[22:11:08.846] 63.00,-2311.00,43.00
[22:11:08.846] -115.00,-2438.00,-177.00
[22:11:08.970] -267.00,-2503.00,-450.00
[22:11:08.971] -340.00,-2581.00,-775.00
[22:11:08.972] -345.00,-2565.00,-910.00
[22:11:09.013] -345.00,-2531.00,-1206.00
[22:11:09.086] -278.00,-2422.00,-1551.00
[22:11:09.086] -176.00,-2338.00,-1735.00
[22:11:09.253] -30.00,-2230.00,-1871.
[22:11:09.279] 00
[22:11:09.281] 88.00,-2106.00,-2000.00
[22:11:09.281] 198.00,-1837.00,-2180.00
[22:11:09.282] 203.00,-1612.00,-2310.00
[22:11:09.284] 178.00,-1331.00,-2397.00
[22:11:09.333] 117.00,-1025.00,-2433.00
[22:11:09.375] 93.00,-671.00,-2433.00
[22:11:09.413] 76.00,-297.00,-2337.00
[22:11:09.452] 115.00,7.00,-2203.00
[22:11:09.494] 168.00,397.00,-1893.00
[22:11:09.532] 191.00,597.00,-1646.00
[22:11:09.572] 208.00,742.00,-1381.00
[22:11:09.602] 208.00,837.00,-1107.00
[22:11:09.652] 196.00,872.00,-942.00
[22:11:09.694] 152.00,901.00,-728.00
[22:11:09.732] 50.00,908.00,-590.00
[22:11:09.826] -56.00,887.00,-450.00
[22:11:09.831] -273.00,840.00,-321.00
[22:11:09.846] -493.00,761.00,-200.00
[22:11:09.892] -802.00,608.00,-123.00
[22:11:09.970] -1117.00,366.00,-143.00
[22:11:09.972] -1383.00,107.00,-293.00
[22:11:10.100] -1588.00,-18
[22:11:10.126] 3.00,-538.00
[22:11:10.132] -1708.00,-550.00,-783.00
[22:11:10.187] -1721.00,-927.00,-992.00
[22:11:10.206] -1645.00,-1286.00,-1123.00
[22:11:10.208] -1491.00,-1695.00,-1100.00
[22:11:10.210] -1345.00,-1911.00,-1022.00
[22:11:10.253] -1153.00,-2172.00,-935.00
[22:11:10.382] -905.00,-2356.00,-903.00
[22:11:10.382] -557.00,-2525.00,-922.00
[22:11:10.382] -423.00,-2577.00,-945.00
[22:11:10.412] -288.00,-2596.00,-978.00
[22:11:10.452] 222.00,-2633.00,-1020.00
[22:11:10.483] 528.00,-2560.00,-1036.00
[22:11:10.532] 826.00,-2448.00,-1077.00
[22:11:10.572] 1102.00,-2256.00,-1090.00
[22:11:10.613] 1345.00,-2037.00,-1082.00
[22:11:10.652] 1523.00,-1773.00,-1085.00
[22:11:10.692] 1628.00,-1541.00,-1102.00
[22:11:10.733] 1706.00,-1310.00,-1077.00
[22:11:10.796] 1721.00,-1130.00,-1020.00
[22:11:10.808] 1738.00,-1020.00,-945.00
[22:11:10.852] 1752.00,-798.00,-808.00
[22:11:10.893] 1747.00,-745.00,-772.00
[22:11:10.972] 1662.00,-435.00,-430.00
[22:11:11.056] 1518.00,-242.00,-202.00
[22:11:11.062] 1303.00,-33.00,43.00
[22:11:11.065] 1142.00,36.00,175.00
[22:11:11.082] 943.00,105.00,330.00
[22:11:11.168] 680.00,145.00,491.00
[22:11:11.182] 516.00,105.00,587.00
[22:11:11.356] 332.00,22.00,656.00
[22:11:11.426] 201.00,-83.00,745.00
[22:11:11.446] 98.00,-238.00,821.00
[22:11:11.446] 17.00,-463.00,852.00
[22:11:11.446] -40.00,-590.00,881.00
[22:11:11.446] -222.00,-998.00,866.00
[22:11:11.451] -321.00,-1260.00,793.00
[22:11:11.494] -452.00,-1507.00,662.00
[22:11:11.614] -613.00,-1787.00,456.00
[22:11:11.614] -707.00,-1956.00,238.00
[22:11:11.616] -807.00,-2137.00,0.00
[22:11:11.652] -885.00,-2270.00,-316.00
[22:11:11.694] -946.00,-2322.00,-623.00
[22:11:11.735] -992.00,-2322.00,-912.00
[22:11:11.772] -992.00,-2246.00,-1265.00
[22:11:11.819] -985.00,-2208.00,-1405.00
[22:11:11.882] -933.00,-2111.00,-1628.00
[22:11:11.882] -765.00,-1945.00,-1941.00
[22:11:11.933] -590.00,-1742.00,-2155.00
[22:11:11.975] -406.00,-1447.00,-2342.00
[22:11:12.006] -350.00,-1260.00,-2395.00
[22:11:12.046] -337.00,-941.00,-2438.00
[22:11:12.092] -330.00,-716.00,-2422.00
[22:11:12.132] -291.00,-487.00,-2392.00
[22:11:12.206] -225.00,-318.00,-2327.00
[22:11:12.206] -166.00,-236.00,-2315.00
[22:11:12.254] -145.00,-150.00,-2281.00
[22:11:12.282] -132.00,-93.00,-2247.00
[22:11:12.384] -155.00,41.00,-2160.00
[22:11:12.386] -208.00,126.00,-2103.00
[22:11:12.406] -308.00,205.00,-2021.00
[22:11:12.702] -442.00,252.00,-1953.00
[22:11:12.709] -618.00,228.00,-1883.00
[22:11:12.709] -818.00,138.00,-1850.00
[22:11:12.712] -946.00,70.00,-1817.00
[22:11:12.712] -1027.00,0.00,-1786.00
[22:11:12.712] -1132.00,-91.00,-1745.00
[22:11:12.712] -1230.00,-260.00,-1755.00
[22:11:12.772] -1286.00,-381.00,-1760.00
[22:11:12.772] -1293.00,-573.00,-1840.00
[22:11:12.852] -1232.00,-816.00,-1930.00
[22:11:12.853] -1186.00,-1088.00,-1980.00
[22:11:12.896] -1025.00,-1452.00,-2017.00
[22:11:12.932] -905.00,-1655.00,-2007.00
[22:11:13.052] -711.00,-1947.00,-1948.00
[22:11:13.058] -526.00,-2098.00,-1915.00
[22:11:13.058] -316.00,-2206.00,-1897.00
[22:11:13.096] -98.00,-2285.00,-1881.00
[22:11:13.133] 130.00,-2308.00,-1878.00
[22:11:13.216] 408.00,-2243.00,-1883.00
[22:11:13.243] 616.00,-2125.00,-1925.00
[22:11:13.247] 662.00,-2075.00,-1948.00
[22:11:13.366] 915.00,-1816.00,-1987.00
[22:11:13.368] 1038.00,-1602.00,-2002.00
[22:11:13.369] 1148.00,-1315.00,-2017.00
[22:11:13.412] 1212.00,-1136.00,-2007.00
[22:11:13.453] 1271.00,-843.00,-1963.00
[22:11:13.493] 1291.00,-608.00,-1883.00
[22:11:13.532] 1320.00,-387.00,-1796.00
[22:11:13.575] 1335.00,-171.00,-1643.00
[22:11:13.614] 1296.00,-17.00,-1512.00
[22:11:13.662] 1276.00,123.00,-1398.00
[22:11:13.682] 1193.00,337.00,-1172.00
[22:11:13.733] 1146.00,413.00,-1116.00
[22:11:13.772] 1017.00,542.00,-876.00
[22:11:13.814] 933.00,632.00,-767.00
[22:11:13.855] 746.00,732.00,-605.00
[22:11:13.928] 597.00,768.00,-510.00
[22:11:13.932] 396.00,813.00,-373.00
[22:11:14.166] 237.00,820.00,-252.00
[22:11:14.168] 106.00,792.00,-143.00
[22:11:14.168] 15.00,737.00,32.00
[22:11:14.172] -88.00,582.00,250.00
[22:11:14.172] -152.00,461.00,391.00
[22:11:14.177] -213.00,195.00,621.00
[22:11:14.204] -213.00,123.00,660.00
[22:11:14.242] -225.00,-238.00,818.00
[22:11:14.282] -250.00,-550.00,896.00
[22:11:14.372] -298.00,-775.00,896.00
[22:11:14.376] -357.00,-1072.00,876.00
[22:11:14.416] -503.00,-1417.00,745.00
[22:11:14.512] -603.00,-1663.00,582.00
[22:11:14.512] -753.00,-1868.00,365.00
[22:11:14.536] -971.00,-2053.00,7.00
[22:11:14.584] -1097.00,-2085.00,-190.00
[22:11:14.616] -1230.00,-2040.00,-430.00
[22:11:14.652] -1368.00,-1950.00,-718.00
[22:11:14.695] -1416.00,-1913.00,-835.00
[22:11:14.732] -1413.00,-1840.00,-1110.00
[22:11:14.772] -1350.00,-1731.00,-1458.00
[22:11:14.812] -1291.00,-1668.00,-1628.00
[22:11:14.853] -1161.00,-1578.00,-1842.00
[22:11:14.895] -1027.00,-1518.00,-1973.00
[22:11:14.932] -920.00,-1460.00,-2072.00
[22:11:14.973] -810.00,-1376.00,-2165.00
[22:11:15.012] -680.00,-1243.00,-2247.00
[22:11:15.054] -613.00,-1162.00,-2296.00
[22:11:15.092] -491.00,-1022.00,-2337.00
[22:11:15.132] -396.00,-946.00,-2371.00
[22:11:15.175] -321.00,-880.00,-2392.00
[22:11:15.214] -227.00,-787.00,-2400.00
[22:11:15.252] -137.00,-668.00,-2395.00
[22:11:15.294] -30.00,-552.00,-2373.00
[22:11:15.334] 56.00,-376.00,-2340.00
[22:11:15.405] 88.00,-247.00,-2303.00
[22:11:15.406] 76.00,-117.00,-2242.00
[22:11:15.442] 40.00,-26.00,-2196.00
[22:11:15.493] -20.00,20.00,-2182.00
[22:11:15.533] -155.00,-5.00,-2203.00
[22:11:15.572] -230.00,-76.00,-2227.00
[22:11:15.612] -283.00,-162.00,-2296.00
[22:11:15.652] -283.00,-162.00,-2296.00
[22:11:15.695] -433.00,-337.00,-2332.00
[22:11:15.732] -552.00,-508.00,-2353.00
[22:11:15.773] -657.00,-627.00,-2342.00
[22:11:15.803] -770.00,-927.00,-2330.00
[22:11:15.898] -818.00,-1167.00,-2301.00
[22:11:15.902] -802.00,-1381.00,-2271.00
[22:11:15.948] -641.00,-1647.00,-2211.00
[22:11:15.962] -511.00,-1773.00,-2175.00
[22:11:16.013] -352.00,-1882.00,-2141.00
[22:11:16.052] -127.00,-1923.00,-2155.00
[22:11:16.125] 10.00,-1892.00,-2165.00
[22:11:16.125] 56.00,-1873.00,-2177.00
[22:11:16.175] 321.00,-1766.00,-2193.00
[22:11:16.212] 428.00,-1683.00,-2193.00
[22:11:16.252] 526.00,-1588.00,-2218.00
[22:11:16.293] 623.00,-1428.00,-2240.00
[22:11:16.332] 670.00,-1307.00,-2257.00
[22:11:16.373] 726.00,-1136.00,-2257.00
[22:11:16.412] 782.00,-970.00,-2240.00
[22:11:16.452] 856.00,-813.00,-2206.00
[22:11:16.492] 928.00,-587.00,-2121.00
[22:11:16.532] 968.00,-421.00,-2058.00
[22:11:16.574] 982.00,-245.00,-1992.00
[22:11:16.613] 987.00,-160.00,-1927.00
[22:11:16.652] 951.00,102.00,-1765.00
[22:11:16.692] 920.00,271.00,-1643.00
[22:11:16.732] 880.00,426.00,-1463.00
[22:11:16.772] 841.00,542.00,-1291.00
[22:11:16.812] 807.00,623.00,-1118.00
[22:11:16.852] 772.00,690.00,-893.00
[22:11:16.892] 775.00,718.00,-660.00
[22:11:16.933] 777.00,675.00,-342.00
[22:11:16.972] 818.00,561.00,-85.00
[22:11:17.012] 887.00,378.00,143.00
[22:11:17.052] 982.00,205.00,270.00
[22:11:17.093] 1041.00,-33.00,383.00
[22:11:17.133] 1073.00,-487.00,551.00
[22:11:17.172] 1071.00,-697.00,607.00
[22:11:17.240] 966.00,-1051.00,662.00
[22:11:17.242] 810.00,-1346.00,680.00
[22:11:17.326] 636.00,-1605.00,660.00
[22:11:17.330] 393.00,-1818.00,626.00
[22:11:17.372] 122.00,-1958.00,563.00
[22:11:17.412] -147.00,-2047.00,468.00
[22:11:17.452] -467.00,-2158.00,288.00
[22:11:17.494] -648.00,-2246.00,46.00
[22:11:17.586] -707.00,-2330.00,-167.00
[22:11:17.689] -685.00,-2453.00,-47
[22:11:17.689] 6.00
[22:11:17.692] -552.00,-2522.00,-592.00
[22:11:17.692] -337.00,-2570.00,-670.00
[22:11:17.692] -50.00,-2575.00,-738.00
[22:11:17.832] 1
[22:11:17.897] 32.00,-2577.00,-760.00
[22:11:17.897] 357.00,-2525.00,-816.00
[22:11:17.936] 562.00,-2472.00,-878.00
[22:11:17.936] 746.00,-2385.00,-997.00
[22:11:17.942] 902.00,-2235.00,-1240.00
[22:11:17.943] 1020.00,-2035.00,-1478.00
[22:11:17.979] 1066.00,-1781.00,-1708.00
[22:11:18.070] 1105.00,-1541.00,-1858.00
[22:11:18.072] 1140.00,-1222.00,-1973.00
[22:11:18.086] 1156.00,-890.00,-2002.00
[22:11:18.133] 1135.00,-606.00,-1992.00
[22:11:18.192] 1112.00,-278.00,-1907.00
[22:11:18.208] 1051.00,-12.00,-1815.00
[22:11:18.252] 943.00,228.00,-1693.00
[22:11:18.293] 743.00,502.00,-1538.00
[22:11:18.332] 587.00,618.00,-1466.00
[22:11:18.373] 345.00,732.00,-1422.00
[22:11:18.459] -5.00,751.00,-1466.00
[22:11:18.459] -311.00,690.00,-1575.00
[22:11:18.493] -475.00,592.00,-1657.00
[22:11:18.532] -626.00,461.00,-1732.00
[22:11:18.575] -1015.00,-123.00,-1976.00
[22:11:18.612] -1132.00,-407.00,-1997.00
[22:11:18.652] -1217.00,-692.00,-1987.00
[22:11:18.682] -1293.00,-977.00,-1943.00
[22:11:18.732] -1322.00,-1265.00,-1847.00
[22:11:18.775] -1315.00,-1623.00,-1667.00
[22:11:18.815] -1232.00,-1866.00,-1517.00
[22:11:18.852] -1120.00,-2085.00,-1363.00
[22:11:18.892] -963.00,-2230.00,-1262.00
[22:11:18.932] -846.00,-2320.00,-1201.00
[22:11:18.972] -731.00,-2401.00,-1151.00
[22:11:19.013] -523.00,-2512.00,-1136.00
[22:11:19.053] -357.00,-2531.00,-1143.00
[22:11:19.102] -140.00,-2531.00,-1216.00
[22:11:19.127] 0.00,-2510.00,-1296.00
[22:11:19.175] 106.00,-2488.00,-1378.00
[22:11:19.213] 247.00,-2403.00,-1463.00
[22:11:19.252] 365.00,-2346.00,-1548.00
[22:11:19.292] 465.00,-2272.00,-1638.00
[22:11:19.333] 601.00,-2177.00,-1682.00
[22:11:19.372] 690.00,-2108.00,-1711.00
[22:11:19.414] 807.00,-1977.00,-1767.00
[22:11:19.462] 851.00,-1947.00,-1767.00
[22:11:19.494] 1022.00,-1757.00,-1796.00
[22:11:19.533] 1178.00,-1588.00,-1757.00
[22:11:19.574] 1347.00,-1372.00,-1687.00
[22:11:19.636] 1440.00,-1207.00,-1592.00
[22:11:19.664] 1545.00,-1048.00,-1448.00
[22:11:19.694] 1631.00,-893.00,-1257.00
[22:11:19.732] 1655.00,-803.00,-1133.00
[22:11:19.773] 1696.00,-706.00,-990.00
[22:11:19.813] 1698.00,-666.00,-857.00
[22:11:19.854] 1698.00,-645.00,-736.00
[22:11:19.894] 1711.00,-645.00,-612.00
[22:11:19.932] 1698.00,-682.00,-553.00
[22:11:19.972] 1657.00,-813.00,-357.00
[22:11:20.012] 1631.00,-925.00,-260.00
[22:11:20.053] 1562.00,-1172.00,-90.00
[22:11:20.094] 1432.00,-1386.00,-2.00
[22:11:20.142] 1310.00,-1568.00,85.00
[22:11:20.174] 1161.00,-1757.00,131.00
[22:11:20.214] 1000.00,-1930.00,110.00
[22:11:20.252] 833.00,-2148.00,15.00
[22:11:20.293] 736.00,-2246.00,-48.00
[22:11:20.332] 616.00,-2335.00,-95.00
[22:11:20.372] 521.00,-2417.00,-200.00
[22:11:20.414] 516.00,-2483.00,-321.00
[22:11:20.454] 577.00,-2515.00,-505.00
[22:11:20.492] 716.00,-2480.00,-618.00
[22:11:20.532] 856.00,-2412.00,-600.00
[22:11:20.560] 982.00,-2317.00,-556.00
[22:11:20.612] 1112.00,-2203.00,-532.00
[22:11:20.654] 1256.00,-2058.00,-502.00
[22:11:20.692] 1378.00,-1892.00,-505.00
[22:11:20.733] 1535.00,-1671.00,-605.00
[22:11:20.772] 1631.00,-1465.00,-713.00
[22:11:20.812] 1685.00,-1291.00,-896.00
[22:11:20.853] 1690.00,-1101.00,-1128.00
[22:11:20.893] 1647.00,-872.00,-1298.00
[22:11:20.932] 1583.00,-637.00,-1410.00
[22:11:20.982] 1501.00,-360.00,-1432.00
[22:11:21.013] 1440.00,-102.00,-1391.00
[22:11:21.051] 1322.00,152.00,-1272.00
[22:11:21.123] 1156.00,402.00,-1075.00
[22:11:21.125] 1032.00,542.00,-948.00
[22:11:21.175] 775.00,716.00,-731.00
[22:11:21.212] 526.00,827.00,-541.00
[22:11:21.253] 216.00,858.00,-337.00
[22:11:21.293] -112.00,825.00,-143.00
[22:11:21.332] -342.00,737.00,-15.00
[22:11:21.373] -445.00,687.00,7.00
[22:11:21.412] -958.00,305.00,165.00
[22:11:21.452] -1232.00,-38.00,200.00
[22:11:21.493] -1406.00,-381.00,177.00
[22:11:21.534] -1486.00,-787.00,146.00
